% f evaluations | g evaluations | best noise-free fitness - Fopt (-1.694000000000e+01) + sum g_i+ | measured fitness | best measured fitness or single-digit g-values | x1 | x2...
1 0 +1.211093376e+01 -4.829066242e+00 -4.829066242e+00 +0.0000e+00 +0.0000e+00 +0.0000e+00
5 0 +1.155572055e+01 -5.384279445e+00 -5.384279445e+00 +2.9289e+00 +0.0000e+00 +0.0000e+00
15 0 +7.076482554e+00 -9.863517446e+00 -9.863517446e+00 +2.0925e+00 +2.0925e+00 -8.3640e-01
30000 0 +7.076482554e+00 -9.863517446e+00 -9.863517446e+00 +2.0925e+00 +2.0925e+00 -8.3640e-01
% f evaluations | g evaluations | best noise-free fitness - Fopt (1.881000000000e+01) + sum g_i+ | measured fitness | best measured fitness or single-digit g-values | x1 | x2...
1 0 +7.368870554e+00 +2.617887055e+01 +2.617887055e+01 +0.0000e+00 +0.0000e+00 +0.0000e+00
2 0 +3.585450209e+00 +2.239545021e+01 +2.239545021e+01 -2.9289e+00 +0.0000e+00 +0.0000e+00
30000 0 +3.585450209e+00 +2.239545021e+01 +2.239545021e+01 -2.9289e+00 +0.0000e+00 +0.0000e+00
% f evaluations | g evaluations | best noise-free fitness - Fopt (2.731500000000e+02) + sum g_i+ | measured fitness | best measured fitness or single-digit g-values | x1 | x2...
1 0 +2.070232976e+01 +2.938523298e+02 +2.938523298e+02 +0.0000e+00 +0.0000e+00 +0.0000e+00
4 0 +1.094593403e+01 +2.840959340e+02 +2.840959340e+02 -5.0215e+00 -2.0925e+00 -2.0925e+00
96 0 +9.461129837e+00 +2.826111298e+02 +2.826111298e+02 -1.0006e+00 +1.0006e+00 +4.2624e-01
1190 0 +7.729270076e+00 +2.808792701e+02 +2.808792701e+02 -1.8093e+00 +2.0013e+00 +6.1824e-01
1196 0 +5.377806469e+00 +2.785278065e+02 +2.785278065e+02 -1.8093e+00 +3.0019e+00 +6.1824e-01
1199 0 +4.799001612e+00 +2.779490016e+02 +2.779490016e+02 -2.8099e+00 +3.0019e+00 +6.1824e-01
1202 0 +2.390768733e+00 +2.755407687e+02 +2.755407687e+02 -2.8099e+00 +4.0026e+00 +6.1824e-01
1203 0 +1.439878825e+00 +2.745898788e+02 +2.745898788e+02 -2.8099e+00 +4.0026e+00 -3.8241e-01
1208 0 +1.357086676e+00 +2.745070867e+02 +2.745070867e+02 -2.8099e+00 +5.0032e+00 -3.8241e-01
1219 0 +1.097068899e+00 +2.742470689e+02 +2.742470689e+02 -2.8099e+00 +4.5029e+00 -3.8241e-01
1255 0 +9.288478932e-01 +2.740788479e+02 +2.740788479e+02 -2.8256e+00 +4.4873e+00 -3.8241e-01
1297 0 +8.875269643e-01 +2.740375270e+02 +2.740375270e+02 -2.8314e+00 +4.4736e+00 -3.9023e-01
1936 0 +6.716613596e-01 +2.738216614e+02 +2.738216614e+02 -4.0026e+00 +2.8099e+00 -6.3257e-01
1948 0 +6.034282776e-01 +2.737534283e+02 +2.737534283e+02 -4.0026e+00 +2.8099e+00 -7.5765e-01
1961 0 +5.517532025e-01 +2.737017532e+02 +2.737017532e+02 -4.0026e+00 +2.8099e+00 -6.9511e-01
1995 0 +5.010297784e-01 +2.736510298e+02 +2.736510298e+02 -3.9948e+00 +2.8021e+00 -6.9511e-01
8542 0 +4.024220431e-01 +2.735524220e+02 +2.735524220e+02 -3.5604e+00 +3.8674e+00 -3.9257e-01
8550 0 +3.744375680e-01 +2.735244376e+02 +2.735244376e+02 -3.6230e+00 +3.8674e+00 -3.9257e-01
8551 0 +3.471078911e-01 +2.734971079e+02 +2.734971079e+02 -3.4979e+00 +3.8674e+00 -3.9257e-01
8554 0 +2.333165213e-01 +2.733833165e+02 +2.733833165e+02 -3.4979e+00 +3.8674e+00 -4.5511e-01
8562 0 +9.804009352e-02 +2.732480401e+02 +2.732480401e+02 -3.5604e+00 +3.8048e+00 -4.5511e-01
8564 0 +8.088525602e-02 +2.732308853e+02 +2.732308853e+02 -3.5604e+00 +3.7423e+00 -4.5511e-01
8566 0 +5.772184891e-02 +2.732077218e+02 +2.732077218e+02 -3.5604e+00 +3.7423e+00 -5.1765e-01
30000 0 +5.759818203e-02 +2.732075982e+02 +2.732075982e+02 -3.5614e+00 +3.7412e+00 -5.1765e-01
% f evaluations | g evaluations | best noise-free fitness - Fopt (3.718000000000e+01) + sum g_i+ | measured fitness | best measured fitness or single-digit g-values | x1 | x2...
1 0 +7.086277518e+00 +4.426627752e+01 +4.426627752e+01 +0.0000e+00 +0.0000e+00 +0.0000e+00
2 0 +6.288253297e+00 +4.346825330e+01 +4.346825330e+01 -2.9289e+00 +0.0000e+00 +0.0000e+00
3 0 +4.265751013e+00 +4.144575101e+01 +4.144575101e+01 -8.3640e-01 +2.0925e+00 +2.0925e+00
6422 0 +3.330612389e+00 +4.051061239e+01 +4.051061239e+01 -7.7083e-02 +2.7345e+00 +2.0013e+00
6438 0 +2.502237223e+00 +3.968223722e+01 +3.968223722e+01 -7.7083e-02 +2.7345e+00 +1.5010e+00
6457 0 +2.179798074e+00 +3.935979807e+01 +3.935979807e+01 -7.7083e-02 +2.7345e+00 +1.6261e+00
8176 0 +1.987713595e+00 +3.916771359e+01 +3.916771359e+01 -1.0006e+00 +2.5425e+00 +2.1162e+00
8177 0 +1.552288592e+00 +3.873228859e+01 +3.873228859e+01 -2.0013e+00 +2.5425e+00 +2.1162e+00
8196 0 +1.307230103e+00 +3.848723010e+01 +3.848723010e+01 -2.5016e+00 +2.5425e+00 +2.1162e+00
8213 0 +1.207434165e+00 +3.838743417e+01 +3.838743417e+01 -2.6267e+00 +2.5425e+00 +2.1162e+00
8215 0 +1.011623126e+00 +3.819162313e+01 +3.819162313e+01 -2.6267e+00 +2.4174e+00 +2.1162e+00
8220 0 +7.061087865e-01 +3.788610879e+01 +3.788610879e+01 -2.5016e+00 +2.4174e+00 +2.1162e+00
8248 0 +6.258889909e-01 +3.780588899e+01 +3.780588899e+01 -2.5642e+00 +2.4486e+00 +2.1475e+00
8263 0 +5.616780280e-01 +3.774167803e+01 +3.774167803e+01 -2.5329e+00 +2.4330e+00 +2.1475e+00
22081 0 +4.681811813e-01 +3.764818118e+01 +3.764818118e+01 -4.9363e+00 +1.8487e+00 +2.0013e+00
22111 0 +4.351051595e-01 +3.761510516e+01 +3.761510516e+01 -4.9363e+00 +1.8487e+00 +2.0169e+00
22112 0 +3.415276998e-01 +3.752152770e+01 +3.752152770e+01 -4.9051e+00 +1.8487e+00 +2.0169e+00
22127 0 +3.161313019e-01 +3.749613130e+01 +3.749613130e+01 -4.9051e+00 +1.8487e+00 +2.0248e+00
30000 0 +2.849829928e-01 +3.746498299e+01 +3.746498299e+01 -4.9009e+00 +1.8484e+00 +2.0244e+00
% f evaluations | g evaluations | best noise-free fitness - Fopt (-1.479000000000e+02) + sum g_i+ | measured fitness | best measured fitness or single-digit g-values | x1 | x2...
1 0 +4.994380238e+00 -1.429056198e+02 -1.429056198e+02 +0.0000e+00 +0.0000e+00 +0.0000e+00
2 0 +4.343432944e+00 -1.435565671e+02 -1.435565671e+02 -2.9289e+00 +0.0000e+00 +0.0000e+00
39 0 +3.785812849e+00 -1.441141872e+02 -1.441141872e+02 -1.2453e+00 +1.0995e+00 +1.0995e+00
53 0 +3.059771453e+00 -1.448402285e+02 -1.448402285e+02 -8.0583e-01 +0.0000e+00 +1.5390e+00
56 0 +7.716949914e-01 -1.471283050e+02 -1.471283050e+02 -1.9214e+00 +0.0000e+00 +1.5390e+00
67 0 +7.070685445e-01 -1.471929315e+02 -1.471929315e+02 -1.6028e+00 +3.1857e-01 +7.4198e-01
121 0 +5.174109252e-01 -1.473825891e+02 -1.473825891e+02 -1.8065e+00 +5.0032e-01 +1.5957e+00
147 0 +4.488846171e-01 -1.474511154e+02 -1.474511154e+02 -1.8221e+00 +5.0032e-01 +1.5957e+00
164 0 +4.442692524e-01 -1.474557307e+02 -1.474557307e+02 -1.8221e+00 +5.0032e-01 +1.6036e+00
3638 0 +3.141335066e-01 -1.475858665e+02 -1.475858665e+02 -1.6712e+00 +1.9200e-01 +1.2888e+00
3649 0 +1.482878940e-01 -1.477517121e+02 -1.477517121e+02 -1.6712e+00 +1.9200e-01 +1.1637e+00
3659 0 +4.299931222e-02 -1.478570007e+02 -1.478570007e+02 -1.6712e+00 +1.2946e-01 +1.1637e+00
3661 0 +3.467429769e-02 -1.478653257e+02 -1.478653257e+02 -1.6712e+00 +1.2946e-01 +1.1012e+00
3674 0 +1.283261420e-02 -1.478871674e+02 -1.478871674e+02 -1.6712e+00 +1.2946e-01 +1.1325e+00
3696 0 +1.097500593e-02 -1.478890250e+02 -1.478890250e+02 -1.6712e+00 +1.3337e-01 +1.1325e+00
3697 0 +8.903426499e-03 -1.478910966e+02 -1.478910966e+02 -1.6712e+00 +1.3337e-01 +1.1286e+00
3734 0 +7.670588662e-03 -1.478923294e+02 -1.478923294e+02 -1.6725e+00 +1.3362e-01 +1.1288e+00
30000 0 +7.547584683e-03 -1.478924524e+02 -1.478924524e+02 -1.6721e+00 +1.3371e-01 +1.1289e+00
% f evaluations | g evaluations | best noise-free fitness - Fopt (3.553000000000e+01) + sum g_i+ | measured fitness | best measured fitness or single-digit g-values | x1 | x2...
1 0 +2.418918259e+01 +5.971918259e+01 +5.971918259e+01 +0.0000e+00 +0.0000e+00 +0.0000e+00
6 0 +9.193438847e+00 +4.472343885e+01 +4.472343885e+01 +5.0215e+00 +2.0925e+00 +2.0925e+00
15 0 +5.025657407e+00 +4.055565741e+01 +4.055565741e+01 +2.0925e+00 +2.0925e+00 -8.3640e-01
786 0 +5.011572403e+00 +4.054157240e+01 +4.054157240e+01 +1.1208e+00 +2.9366e-01 -3.2703e-01
7268 0 +3.466912771e+00 +3.899691277e+01 +3.899691277e+01 +3.0019e+00 +2.6950e+00 +1.2681e+00
7270 0 +1.921480174e+00 +3.745148017e+01 +3.745148017e+01 +4.0026e+00 +2.6950e+00 +1.2681e+00
7272 0 +1.453875548e+00 +3.698387555e+01 +3.698387555e+01 +4.0026e+00 +3.6957e+00 +1.2681e+00
7303 0 +1.212008505e+00 +3.674200850e+01 +3.674200850e+01 +4.5029e+00 +3.6957e+00 +1.1431e+00
30000 0 +1.165212316e+00 +3.669521232e+01 +3.669521232e+01 +4.4988e+00 +3.6957e+00 +1.1633e+00
% f evaluations | g evaluations | best noise-free fitness - Fopt (-6.216000000000e+01) + sum g_i+ | measured fitness | best measured fitness or single-digit g-values | x1 | x2...
1 0 +1.548097302e+01 -4.667902698e+01 -4.667902698e+01 +0.0000e+00 +0.0000e+00 +0.0000e+00
3 0 +2.566602051e+00 -5.959339795e+01 -5.959339795e+01 -8.3640e-01 +2.0925e+00 +2.0925e+00
35 0 +2.497219540e+00 -5.966278046e+01 -5.966278046e+01 -2.9289e+00 +0.0000e+00 +2.1231e+00
28489 0 +1.986776475e+00 -6.017322352e+01 -6.017322352e+01 -2.2688e+00 -8.0865e-01 +2.1162e+00
28492 0 +1.214632677e+00 -6.094536732e+01 -6.094536732e+01 -2.2688e+00 +1.9200e-01 +2.1162e+00
28504 0 +5.799529221e-01 -6.158004708e+01 -6.158004708e+01 -2.2688e+00 +6.9233e-01 +2.1162e+00
28515 0 +5.432613953e-01 -6.161673860e+01 -6.161673860e+01 -2.2688e+00 +4.4216e-01 +2.1162e+00
28516 0 +4.672020946e-01 -6.169279791e+01 -6.169279791e+01 -2.2688e+00 +9.4249e-01 +2.1162e+00
28518 0 +1.943847270e-01 -6.196561527e+01 -6.196561527e+01 -2.2688e+00 +9.4249e-01 +2.3664e+00
28533 0 +1.530197858e-01 -6.200698021e+01 -6.200698021e+01 -2.2688e+00 +8.7995e-01 +2.3664e+00
28535 0 +8.529951076e-02 -6.207470049e+01 -6.207470049e+01 -2.2688e+00 +8.7995e-01 +2.3038e+00
28544 0 +7.676394880e-02 -6.208323605e+01 -6.208323605e+01 -2.2375e+00 +8.7995e-01 +2.3038e+00
28552 0 +5.023442521e-02 -6.210976557e+01 -6.210976557e+01 -2.2375e+00 +9.1122e-01 +2.3351e+00
28558 0 +3.142870488e-02 -6.212857130e+01 -6.212857130e+01 -2.2375e+00 +9.4249e-01 +2.3351e+00
28579 0 +2.078929193e-02 -6.213921071e+01 -6.213921071e+01 -2.2414e+00 +9.4249e-01 +2.3351e+00
28600 0 +1.858374173e-02 -6.214141626e+01 -6.214141626e+01 -2.2414e+00 +9.4347e-01 +2.3351e+00
28610 0 +1.695839966e-02 -6.214304160e+01 -6.214304160e+01 -2.2409e+00 +9.4347e-01 +2.3351e+00
28623 0 +1.541172175e-02 -6.214458828e+01 -6.214458828e+01 -2.2409e+00 +9.4371e-01 +2.3351e+00
30000 0 +1.440498643e-02 -6.214559501e+01 -6.214559501e+01 -2.2409e+00 +9.4361e-01 +2.3351e+00
% f evaluations | g evaluations | best noise-free fitness - Fopt (-1.472700000000e+02) + sum g_i+ | measured fitness | best measured fitness or single-digit g-values | x1 | x2...
1 0 +5.478429177e+00 -1.417915708e+02 -1.417915708e+02 +0.0000e+00 +0.0000e+00 +0.0000e+00
7 0 +4.145359955e+00 -1.431246400e+02 -1.431246400e+02 +8.3640e-01 -2.0925e+00 -2.0925e+00
14 0 +3.842254503e+00 -1.434277455e+02 -1.434277455e+02 +0.0000e+00 +0.0000e+00 -2.9289e+00
43 0 +2.440975726e+00 -1.448290243e+02 -1.448290243e+02 +4.3948e-01 -1.0995e+00 -1.9053e+00
55 0 +6.974321115e-01 -1.465725679e+02 -1.465725679e+02 -1.0995e+00 -1.0995e+00 -3.6635e-01
95 0 +4.600972272e-01 -1.468099028e+02 -1.468099028e+02 -1.0006e+00 -6.1542e-01 -8.0583e-01
111 0 +3.829937615e-01 -1.468870062e+02 -1.468870062e+02 -1.2508e+00 -6.1542e-01 -8.0583e-01
124 0 +2.717314277e-01 -1.469982686e+02 -1.469982686e+02 -1.1257e+00 -6.1542e-01 -8.0583e-01
125 0 +1.173202567e-01 -1.471526797e+02 -1.471526797e+02 -1.1257e+00 -7.4050e-01 -8.0583e-01
141 0 +4.366457649e-02 -1.472263354e+02 -1.472263354e+02 -1.1570e+00 -7.4050e-01 -8.0583e-01
174 0 +3.636549362e-02 -1.472336345e+02 -1.472336345e+02 -1.1609e+00 -7.3659e-01 -8.0583e-01
177 0 +3.547719139e-02 -1.472345228e+02 -1.472345228e+02 -1.1648e+00 -7.3659e-01 -8.0583e-01
2170 0 +2.466700116e-02 -1.472453330e+02 -1.472453330e+02 -1.1927e+00 -7.3612e-01 -7.9019e-01
2193 0 +1.665250201e-02 -1.472533475e+02 -1.472533475e+02 -1.1927e+00 -7.3221e-01 -7.8237e-01
2203 0 +1.361172239e-02 -1.472563883e+02 -1.472563883e+02 -1.1907e+00 -7.3221e-01 -7.8237e-01
2246 0 +1.250731579e-02 -1.472574927e+02 -1.472574927e+02 -1.1912e+00 -7.3227e-01 -7.8237e-01
2388 0 +1.121969273e-02 -1.472587803e+02 -1.472587803e+02 -1.1923e+00 -7.3264e-01 -7.8188e-01
30000 0 +1.102896131e-02 -1.472589710e+02 -1.472589710e+02 -1.1930e+00 -7.3282e-01 -7.8170e-01
% f evaluations | g evaluations | best noise-free fitness - Fopt (1.408000000000e+01) + sum g_i+ | measured fitness | best measured fitness or single-digit g-values | x1 | x2...
1 0 +9.319954137e+01 +1.072795414e+02 +1.072795414e+02 +0.0000e+00 +0.0000e+00 +0.0000e+00
2 0 +1.099270803e+01 +2.507270803e+01 +2.507270803e+01 -2.9289e+00 +0.0000e+00 +0.0000e+00
18352 0 +9.940554098e+00 +2.402055410e+01 +2.402055410e+01 -2.6584e+00 +2.1162e+00 -8.0865e-01
18357 0 +5.927895531e+00 +2.000789553e+01 +2.000789553e+01 -2.6584e+00 +2.1162e+00 +1.9200e-01
18364 0 +4.618221198e+00 +1.869822120e+01 +1.869822120e+01 -3.6591e+00 +1.1156e+00 +1.9200e-01
18381 0 +3.605597156e+00 +1.768559716e+01 +1.768559716e+01 -3.6591e+00 +1.1156e+00 +6.9233e-01
18383 0 +2.766303502e+00 +1.684630350e+01 +1.684630350e+01 -3.1588e+00 +1.1156e+00 +6.9233e-01
18400 0 +2.342675780e+00 +1.642267578e+01 +1.642267578e+01 -3.2838e+00 +1.1156e+00 +6.9233e-01
18418 0 +2.226708899e+00 +1.630670890e+01 +1.630670890e+01 -3.3151e+00 +1.1156e+00 +6.9233e-01
18970 0 +1.879738297e+00 +1.595973830e+01 +1.595973830e+01 -3.4671e+00 +2.1162e+00 +1.0006e+00
18976 0 +1.691459036e+00 +1.577145904e+01 +1.577145904e+01 -3.4671e+00 +2.1162e+00 +2.0013e+00
18977 0 +1.418383605e+00 +1.549838361e+01 +1.549838361e+01 -4.4677e+00 +2.1162e+00 +2.0013e+00
18996 0 +1.403414545e+00 +1.548341455e+01 +1.548341455e+01 -4.2176e+00 +2.1162e+00 +2.0013e+00
18999 0 +1.055958841e+00 +1.513595884e+01 +1.513595884e+01 -4.2176e+00 +2.1162e+00 +1.7511e+00
19010 0 +8.982733572e-01 +1.497827336e+01 +1.497827336e+01 -4.2176e+00 +2.2413e+00 +1.7511e+00
19041 0 +8.844872517e-01 +1.496448725e+01 +1.496448725e+01 -4.2176e+00 +2.2257e+00 +1.7355e+00
30000 0 +8.783731503e-01 +1.495837315e+01 +1.495837315e+01 -4.2145e+00 +2.1960e+00 +1.7386e+00
% f evaluations | g evaluations | best noise-free fitness - Fopt (7.671000000000e+01) + sum g_i+ | measured fitness | best measured fitness or single-digit g-values | x1 | x2...
1 0 +9.049095259e+00 +8.575909526e+01 +8.575909526e+01 +0.0000e+00 +0.0000e+00 +0.0000e+00
2 0 +5.604407623e+00 +8.231440762e+01 +8.231440762e+01 -2.9289e+00 +0.0000e+00 +0.0000e+00
13 0 +3.432137709e+00 +8.014213771e+01 +8.014213771e+01 -2.0925e+00 +8.3640e-01 -2.0925e+00
40 0 +5.037137564e-01 +7.721371376e+01 +7.721371376e+01 -1.8327e+00 -1.0995e+00 -1.0995e+00
135 0 +4.257466923e-01 +7.713574669e+01 +7.713574669e+01 -6.4951e-01 -1.8718e+00 +0.0000e+00
187 0 +3.911362090e-01 +7.710113621e+01 +7.710113621e+01 -6.4462e-01 -1.8738e+00 +9.7720e-04
30000 0 +3.632869041e-01 +7.707328690e+01 +7.707328690e+01 -6.4860e-01 -1.8699e+00 -3.9279e-03
% f evaluations | g evaluations | best noise-free fitness - Fopt (1.325900000000e+02) + sum g_i+ | measured fitness | best measured fitness or single-digit g-values | x1 | x2...
1 0 +8.401007531e+00 +1.409910075e+02 +1.409910075e+02 +0.0000e+00 +0.0000e+00 +0.0000e+00
2 0 +4.961792924e+00 +1.375517929e+02 +1.375517929e+02 -2.9289e+00 +0.0000e+00 +0.0000e+00
40 0 +3.827491194e+00 +1.364174912e+02 +1.364174912e+02 -1.8327e+00 -1.0995e+00 -1.0995e+00
56 0 +3.157253734e+00 +1.357472537e+02 +1.357472537e+02 -1.8487e+00 +0.0000e+00 +0.0000e+00
58 0 +1.981037480e+00 +1.345710375e+02 +1.345710375e+02 -2.6457e+00 -7.9700e-01 -7.9700e-01
113 0 +1.325363294e+00 +1.339153633e+02 +1.339153633e+02 -1.9272e+00 -1.0006e+00 +5.0032e-01
126 0 +1.200562823e+00 +1.337905628e+02 +1.337905628e+02 -1.9272e+00 -7.5049e-01 +5.0032e-01
137 0 +1.064943396e+00 +1.336549434e+02 +1.336549434e+02 -2.0523e+00 -8.7557e-01 +5.0032e-01
142 0 +8.822750448e-01 +1.334722750e+02 +1.334722750e+02 -1.9272e+00 -8.7557e-01 +5.0032e-01
896 0 +7.907719133e-01 +1.333807719e+02 +1.333807719e+02 -1.7137e+00 -9.0385e-01 +1.8109e+00
1447 0 +3.144161948e-01 +1.329044162e+02 +1.329044162e+02 -2.6195e+00 -6.9233e-01 -1.5010e+00
1467 0 +2.221070990e-01 +1.328121071e+02 +1.328121071e+02 -2.6195e+00 -5.6725e-01 -1.6261e+00
1482 0 +1.938651123e-01 +1.327838651e+02 +1.327838651e+02 -2.5883e+00 -5.6725e-01 -1.6261e+00
1485 0 +1.511146460e-01 +1.327411146e+02 +1.327411146e+02 -2.5883e+00 -5.6725e-01 -1.6573e+00
1498 0 +1.213391312e-01 +1.327113391e+02 +1.327113391e+02 -2.5883e+00 -5.6725e-01 -1.6417e+00
1517 0 +1.114258570e-01 +1.327014259e+02 +1.327014259e+02 -2.5922e+00 -5.6725e-01 -1.6495e+00
30000 0 +1.004164730e-01 +1.326904165e+02 +1.326904165e+02 -2.5905e+00 -5.6841e-01 -1.6465e+00
% f evaluations | g evaluations | best noise-free fitness - Fopt (-7.547000000000e+01) + sum g_i+ | measured fitness | best measured fitness or single-digit g-values | x1 | x2...
1 0 +1.124731825e+01 -6.422268175e+01 -6.422268175e+01 +0.0000e+00 +0.0000e+00 +0.0000e+00
11 0 +2.613542629e+00 -7.285645737e+01 -7.285645737e+01 +0.0000e+00 +2.9289e+00 +0.0000e+00
67 0 +1.849277180e+00 -7.362072282e+01 -7.362072282e+01 -7.9700e-01 +2.6634e+00 -7.9700e-01
75 0 +8.129324450e-01 -7.465706755e+01 -7.465706755e+01 -2.3092e-01 +2.9225e+00 -5.3784e-01
114 0 +7.692525460e-01 -7.470074745e+01 -7.470074745e+01 +0.0000e+00 +3.8458e+00 -1.9242e+00
129 0 +5.552669767e-01 -7.491473302e+01 -7.491473302e+01 -1.2508e-01 +3.8458e+00 -1.9242e+00
134 0 +4.442903337e-01 -7.502570967e+01 -7.502570967e+01 -1.2508e-01 +3.8458e+00 -1.7991e+00
137 0 +2.690100812e-01 -7.520098992e+01 -7.520098992e+01 -1.2508e-01 +3.7207e+00 -1.7991e+00
140 0 +2.196527036e-01 -7.525034730e+01 -7.525034730e+01 -1.2508e-01 +3.7207e+00 -1.6741e+00
155 0 +4.432760027e-02 -7.542567240e+01 -7.542567240e+01 -1.8762e-01 +3.6582e+00 -1.6741e+00
182 0 +2.331089562e-02 -7.544668910e+01 -7.544668910e+01 -1.8762e-01 +3.6582e+00 -1.6897e+00
190 0 +1.928266595e-02 -7.545071733e+01 -7.545071733e+01 -1.7980e-01 +3.6582e+00 -1.6897e+00
192 0 +1.386213363e-02 -7.545613787e+01 -7.545613787e+01 -1.7980e-01 +3.6660e+00 -1.6897e+00
193 0 +8.302535602e-03 -7.546169746e+01 -7.546169746e+01 -1.7980e-01 +3.6660e+00 -1.6975e+00
229 0 +7.677565977e-03 -7.546232243e+01 -7.546232243e+01 -1.8371e-01 +3.6660e+00 -1.6980e+00
30000 0 +7.547584683e-03 -7.546245242e+01 -7.546245242e+01 -1.8358e-01 +3.6662e+00 -1.6979e+00
% f evaluations | g evaluations | best noise-free fitness - Fopt (6.949000000000e+01) + sum g_i+ | measured fitness | best measured fitness or single-digit g-values | x1 | x2...
1 0 +1.384284968e+01 +8.333284968e+01 +8.333284968e+01 +0.0000e+00 +0.0000e+00 +0.0000e+00
3 0 +1.308614375e+01 +8.257614375e+01 +8.257614375e+01 -8.3640e-01 +2.0925e+00 +2.0925e+00
5 0 +1.098355996e+01 +8.047355996e+01 +8.047355996e+01 +2.9289e+00 +0.0000e+00 +0.0000e+00
9 0 +4.422227512e+00 +7.391222751e+01 +7.391222751e+01 +2.0925e+00 -8.3640e-01 +2.0925e+00
27 0 +3.856998801e+00 +7.334699880e+01 +7.334699880e+01 +1.5168e+00 +2.3226e+00 +1.5168e+00
45 0 +1.078245861e+00 +7.056824586e+01 +7.056824586e+01 +1.0995e+00 +3.6635e-01 +1.0995e+00
150 0 +9.640418323e-01 +7.045404183e+01 +7.045404183e+01 +1.2508e+00 +1.7539e+00 +7.5049e-01
166 0 +8.026110687e-01 +7.029261107e+01 +7.029261107e+01 +1.2195e+00 +1.7539e+00 +7.5049e-01
168 0 +7.790377957e-01 +7.026903780e+01 +7.026903780e+01 +1.2195e+00 +1.7852e+00 +7.5049e-01
193 0 +7.038775554e-01 +7.019387756e+01 +7.019387756e+01 +1.2195e+00 +1.7696e+00 +7.4267e-01
7941 0 +5.809825983e-01 +7.007098260e+01 +7.007098260e+01 +1.2508e+00 -6.1824e-01 +1.0588e+00
7947 0 +2.011691934e-01 +6.969116919e+01 +6.969116919e+01 +1.2508e+00 -6.1824e-01 +1.3090e+00
7964 0 +1.735991679e-01 +6.966359917e+01 +6.966359917e+01 +1.2508e+00 -6.1824e-01 +1.2464e+00
8019 0 +1.546489789e-01 +6.964464898e+01 +6.964464898e+01 +1.2547e+00 -6.0651e-01 +1.2484e+00
30000 0 +1.525331750e-01 +6.964253318e+01 +6.964253318e+01 +1.2545e+00 -6.0418e-01 +1.2487e+00
% f evaluations | g evaluations | best noise-free fitness - Fopt (-5.612400000000e+02) + sum g_i+ | measured fitness | best measured fitness or single-digit g-values | x1 | x2...
1 0 +1.522389054e+01 -5.460161095e+02 -5.460161095e+02 +0.0000e+00 +0.0000e+00 +0.0000e+00
3 0 +7.500691326e+00 -5.537393087e+02 -5.537393087e+02 -8.3640e-01 +2.0925e+00 +2.0925e+00
11 0 +4.668778239e+00 -5.565712218e+02 -5.565712218e+02 +0.0000e+00 +2.9289e+00 +0.0000e+00
39 0 +2.899042279e+00 -5.583409577e+02 -5.583409577e+02 -4.3948e-01 +1.9053e+00 +1.0995e+00
5985 0 +2.655469565e+00 -5.585845304e+02 -5.585845304e+02 +7.5049e-01 +2.1716e+00 +2.7031e-01
6030 0 +2.509647235e+00 -5.587303528e+02 -5.587303528e+02 +7.3485e-01 +2.1403e+00 +2.8595e-01
11959 0 +1.943639782e+00 -5.592963602e+02 -5.592963602e+02 +6.1524e-01 +1.4982e+00 +1.0877e+00
11978 0 +1.776615637e+00 -5.594633844e+02 -5.594633844e+02 +6.4651e-01 +1.4982e+00 +1.0877e+00
12530 0 +6.819231512e-01 -5.605580768e+02 -5.605580768e+02 -1.0006e+00 +4.9890e-01 +3.4643e+00
12544 0 +5.907703354e-01 -5.606492297e+02 -5.606492297e+02 -7.5049e-01 +4.9890e-01 +3.4643e+00
12577 0 +5.286114568e-01 -5.607113885e+02 -5.607113885e+02 -7.5049e-01 +4.9890e-01 +3.4955e+00
30000 0 +5.258198898e-01 -5.607141801e+02 -5.607141801e+02 -7.6166e-01 +4.8668e-01 +3.4973e+00
% f evaluations | g evaluations | best noise-free fitness - Fopt (1.000000000000e+03) + sum g_i+ | measured fitness | best measured fitness or single-digit g-values | x1 | x2...
1 0 +1.557698582e+01 +1.015576986e+03 +1.015576986e+03 +0.0000e+00 +0.0000e+00 +0.0000e+00
11 0 +1.066049101e+01 +1.010660491e+03 +1.010660491e+03 +0.0000e+00 +2.9289e+00 +0.0000e+00
12 0 +6.311401134e+00 +1.006311401e+03 +1.006311401e+03 +2.0925e+00 +5.0215e+00 +2.0925e+00
66 0 +4.996978054e+00 +1.004996978e+03 +1.004996978e+03 +7.9700e-01 +2.6457e+00 +7.9700e-01
69 0 +1.757527498e+00 +1.001757527e+03 +1.001757527e+03 +7.9700e-01 +1.5302e+00 -3.1857e-01
2701 0 +9.483649678e-01 +1.000948365e+03 +1.000948365e+03 +2.0013e+00 +3.6202e+00 +8.0865e-01
2712 0 +7.819054992e-01 +1.000781905e+03 +1.000781905e+03 +1.5010e+00 +3.6202e+00 +8.0865e-01
2725 0 +6.523688070e-01 +1.000652369e+03 +1.000652369e+03 +1.7511e+00 +3.6202e+00 +8.0865e-01
2727 0 +3.092972725e-01 +1.000309297e+03 +1.000309297e+03 +1.7511e+00 +3.8703e+00 +8.0865e-01
2737 0 +1.054072884e-01 +1.000105407e+03 +1.000105407e+03 +1.8762e+00 +3.8703e+00 +8.0865e-01
2758 0 +8.895665487e-02 +1.000088957e+03 +1.000088957e+03 +1.8762e+00 +3.8703e+00 +7.7738e-01
2762 0 +3.427376076e-02 +1.000034274e+03 +1.000034274e+03 +1.8762e+00 +3.8391e+00 +7.7738e-01
2782 0 +3.149593012e-02 +1.000031496e+03 +1.000031496e+03 +1.8762e+00 +3.8391e+00 +7.6956e-01
2797 0 +2.198954322e-02 +1.000021990e+03 +1.000021990e+03 +1.8801e+00 +3.8391e+00 +7.7347e-01
2820 0 +1.922224664e-02 +1.000019222e+03 +1.000019222e+03 +1.8791e+00 +3.8410e+00 +7.7347e-01
30000 0 +1.840712223e-02 +1.000018407e+03 +1.000018407e+03 +1.8791e+00 +3.8397e+00 +7.7324e-01
