% f evaluations | g evaluations | best noise-free fitness - Fopt (-1.000000000000e+03) + sum g_i+ | measured fitness | best measured fitness or single-digit g-values | x1 | x2...
1 0 +6.621272920e+01 -9.337872708e+02 -9.337872708e+02 +4.8987e+00 -1.8269e+00 +4.0333e+00 -4.2418e+00 -1.5278e+00
19 0 +5.772268795e+01 -9.422773121e+02 -9.422773121e+02 +4.0184e+00 -2.4672e+00 -3.6418e+00 +2.7463e-01 +1.9879e+00
41 0 +5.211579719e+01 -9.478842028e+02 -9.478842028e+02 +2.5875e+00 -2.1202e+00 +2.9117e+00 -3.3048e+00 +4.1095e+00
52 0 +2.837446911e+01 -9.716255309e+02 -9.716255309e+02 -1.3232e+00 +4.3390e-01 -1.7621e+00 -4.0512e+00 -3.9979e-01
55 0 +2.674518830e+01 -9.732548117e+02 -9.732548117e+02 -3.0073e-01 +3.9658e+00 -2.0188e+00 -3.8021e+00 +1.0066e-02
161 0 +5.669677752e+00 -9.943303222e+02 -9.943303222e+02 -4.9279e+00 +3.0533e+00 -8.2225e-01 -1.9170e+00 -1.3521e+00
307 0 +2.816232270e+00 -9.971837677e+02 -9.971837677e+02 -5.3297e-01 +5.2307e-01 +4.7274e+00 -2.2173e+00 -3.8726e+00
6691 0 +2.305999034e+00 -9.976940010e+02 -9.976940010e+02 +2.8808e+00 +2.4843e-02 +9.0450e-02 +1.4056e+00 +7.6786e-01
14622 0 +7.057207377e-01 -9.992942793e+02 -9.992942793e+02 +9.6470e-01 +1.3357e+00 +3.6101e+00 +1.3044e+00 -1.4891e+00
42220 0 +7.057207377e-01 -9.992942793e+02 -9.992942793e+02 +9.6470e-01 +1.3357e+00 +3.6101e+00 +1.3044e+00 -1.4891e+00
% f evaluations | g evaluations | best noise-free fitness - Fopt (1.000000000000e+03) + sum g_i+ | measured fitness | best measured fitness or single-digit g-values | x1 | x2...
1 0 +7.741546479e+01 +1.077415465e+03 +1.077415465e+03 -3.3892e+00 +1.8636e+00 -4.8738e+00 +1.9677e+00 -2.6627e+00
3 0 +7.321669924e+01 +1.073216699e+03 +1.073216699e+03 +4.1994e+00 -4.1833e+00 +3.6895e+00 -5.8937e-01 -4.7808e+00
6 0 +3.354194936e+01 +1.033541949e+03 +1.033541949e+03 +2.3063e+00 +2.2872e+00 +2.4675e+00 -3.7896e+00 +1.3109e+00
45 0 +2.928730640e+01 +1.029287306e+03 +1.029287306e+03 -1.9972e+00 +2.7469e+00 -3.7977e-01 -4.6468e+00 -1.5022e+00
58 0 +1.413764526e+01 +1.014137645e+03 +1.014137645e+03 +2.4572e+00 +2.2271e+00 -3.9550e-01 +3.5875e+00 +5.7129e-01
79 0 +1.027550694e+01 +1.010275507e+03 +1.010275507e+03 -2.7537e+00 -2.8975e+00 -3.9088e+00 +9.1530e-01 -1.3068e+00
292 0 +5.446714658e+00 +1.005446715e+03 +1.005446715e+03 -3.9045e+00 +1.4717e+00 +3.2512e-01 -3.7173e+00 -2.9979e+00
1366 0 +4.087124469e+00 +1.004087124e+03 +1.004087124e+03 -8.7253e-02 +2.4190e-01 -8.2673e-01 +4.4600e+00 -1.6728e+00
2367 0 +3.029788607e+00 +1.003029789e+03 +1.003029789e+03 +1.8744e+00 +2.1355e+00 -2.0454e+00 +3.5767e+00 +1.8378e+00
4870 0 +2.112142288e+00 +1.002112142e+03 +1.002112142e+03 +2.0040e+00 +2.6453e+00 -1.9540e+00 +3.3300e+00 +1.0929e+00
8977 0 +1.989427849e+00 +1.001989428e+03 +1.001989428e+03 +1.9631e+00 +2.7801e+00 -1.7803e+00 +3.6998e+00 +1.2890e+00
42220 0 +1.955235995e+00 +1.001955236e+03 +1.001955236e+03 +2.1436e+00 +2.7629e+00 -1.7867e+00 +3.5967e+00 +1.3836e+00
% f evaluations | g evaluations | best noise-free fitness - Fopt (-4.913000000000e+01) + sum g_i+ | measured fitness | best measured fitness or single-digit g-values | x1 | x2...
1 0 +7.352029349e+01 +2.439029349e+01 +2.439029349e+01 +4.4656e-01 +4.7116e+00 +5.9183e-02 +3.8174e+00 -3.8630e+00
10 0 +2.220980487e+01 -2.692019513e+01 -2.692019513e+01 +5.5358e-01 -4.1937e+00 -1.0973e+00 -2.6073e+00 +1.3203e+00
68 0 +1.899754658e+01 -3.013245342e+01 -3.013245342e+01 +2.5610e+00 -1.9869e+00 -1.2816e+00 -2.9946e+00 -4.5818e-01
100 0 +1.899754658e+01 -3.013245342e+01 -3.013245342e+01 +2.5610e+00 -1.9869e+00 -1.2816e+00 -2.9946e+00 -4.5818e-01
% f evaluations | g evaluations | best noise-free fitness - Fopt (2.977300000000e+02) + sum g_i+ | measured fitness | best measured fitness or single-digit g-values | x1 | x2...
1 0 +7.240360264e+01 +3.701336026e+02 +3.701336026e+02 -1.2665e+00 +2.0314e+00 +3.4639e+00 -1.2363e+00 -2.7696e+00
4 0 +6.778713369e+01 +3.655171337e+02 +3.655171337e+02 -8.0037e-01 +2.3809e+00 +4.7057e+00 +3.0679e+00 -5.4793e-01
13 0 +5.941232107e+01 +3.571423211e+02 +3.571423211e+02 +1.0895e+00 +3.8619e+00 +3.5525e+00 -1.5660e+00 +3.3542e+00
17 0 +4.323311639e+01 +3.409631164e+02 +3.409631164e+02 -3.7754e-01 -2.8577e+00 +2.9961e+00 +6.4868e-01 -8.3581e-01
49 0 +3.455488365e+01 +3.322848836e+02 +3.322848836e+02 +6.3053e-01 -6.6093e-01 +4.2402e+00 +2.1662e+00 +4.0047e+00
90 0 +2.598738020e+01 +3.237173802e+02 +3.237173802e+02 +3.4635e+00 -4.5819e+00 -3.9616e+00 +2.4357e+00 +1.8210e+00
202 0 +1.823480023e+01 +3.159648002e+02 +3.159648002e+02 +3.4443e+00 +1.0053e+00 -1.6867e+00 -2.3016e+00 -1.6750e+00
277 0 +4.353076988e+00 +3.020830770e+02 +3.020830770e+02 +2.3572e+00 -4.7244e+00 +2.1458e+00 -4.1782e+00 -1.2027e+00
1958 0 +1.958896716e+00 +2.996888967e+02 +2.996888967e+02 -9.9268e-01 +7.7738e-01 +3.9150e+00 +1.9477e+00 +9.6179e-01
42220 0 +1.848754847e+00 +2.995787548e+02 +2.995787548e+02 -3.9571e+00 +4.4433e-01 +4.7287e+00 +2.3511e+00 +1.8754e+00
% f evaluations | g evaluations | best noise-free fitness - Fopt (5.157000000000e+01) + sum g_i+ | measured fitness | best measured fitness or single-digit g-values | x1 | x2...
1 0 +8.577613388e+01 +1.373461339e+02 +1.373461339e+02 -2.1195e+00 -4.8474e-01 +4.9270e+00 -3.2960e+00 -2.7352e+00
2 0 +5.200958187e+01 +1.035795819e+02 +1.035795819e+02 -3.3716e+00 +4.1789e+00 +5.5793e-01 -2.9839e-02 +6.4388e-01
4 0 +3.253383194e+01 +8.410383194e+01 +8.410383194e+01 -2.6002e+00 -2.5555e+00 -1.3748e+00 -2.2830e+00 +4.4043e+00
16 0 +1.426776229e+01 +6.583776229e+01 +6.583776229e+01 -1.6083e+00 +3.6171e+00 -2.8331e+00 -1.7775e+00 +3.4009e+00
451 0 +7.039592702e+00 +5.860959270e+01 +5.860959270e+01 +5.8753e-01 +3.0130e+00 -3.9038e+00 +3.3948e+00 -4.8873e+00
1619 0 +3.636976880e+00 +5.520697688e+01 +5.520697688e+01 +1.1340e+00 +4.9107e-01 -4.0477e-01 -2.2773e+00 +2.0119e+00
3134 0 +2.226598043e+00 +5.379659804e+01 +5.379659804e+01 +3.5109e+00 -1.1845e+00 -2.1463e+00 -2.0885e+00 +1.9785e+00
28120 0 +2.226598043e+00 +5.379659804e+01 +5.379659804e+01 +3.5109e+00 -1.1845e+00 -2.1463e+00 -2.0885e+00 +1.9785e+00
% f evaluations | g evaluations | best noise-free fitness - Fopt (8.200000000000e+00) + sum g_i+ | measured fitness | best measured fitness or single-digit g-values | x1 | x2...
1 0 +7.325228820e+01 +8.145228820e+01 +8.145228820e+01 +2.2911e+00 -1.5592e+00 +3.4100e+00 +2.2152e+00 +1.3283e+00
2 0 +7.092957369e+01 +7.912957369e+01 +7.912957369e+01 -1.7879e+00 -2.8163e+00 +2.4651e+00 -3.6300e+00 +4.3453e+00
12 0 +6.691998933e+01 +7.511998933e+01 +7.511998933e+01 -1.3208e+00 +1.9251e+00 +4.6474e+00 -4.5548e-02 +3.3088e+00
16 0 +6.175748561e+01 +6.995748561e+01 +6.995748561e+01 -2.9016e+00 -1.2472e+00 -2.6722e+00 +5.6336e-01 +4.9412e-01
27 0 +4.717344718e+01 +5.537344718e+01 +5.537344718e+01 -1.5419e+00 -2.1698e+00 +5.7368e-01 -3.9130e+00 +4.3784e+00
103 0 +5.781382710e+00 +1.398138271e+01 +1.398138271e+01 -2.5311e+00 -3.2879e+00 -4.8091e+00 -2.5161e+00 -2.0514e+00
1844 0 +5.551372564e+00 +1.375137256e+01 +1.375137256e+01 -2.5524e+00 -3.4021e+00 -3.8834e+00 -2.3772e+00 -7.0988e-01
1845 0 +2.602007666e+00 +1.080200767e+01 +1.080200767e+01 -2.7593e+00 -3.9571e+00 -4.8026e+00 -1.6702e+00 -1.9229e+00
2173 0 +2.105902403e+00 +1.030590240e+01 +1.030590240e+01 -2.6995e+00 -3.9769e+00 -4.3588e+00 -2.2828e+00 -1.9094e+00
6736 0 +1.990822520e+00 +1.019082252e+01 +1.019082252e+01 -2.6939e+00 -3.7668e+00 -4.3271e+00 -1.9638e+00 -1.7066e+00
22720 0 +1.964129589e+00 +1.016412959e+01 +1.016412959e+01 -2.9411e+00 -3.7772e+00 -4.3149e+00 -1.8469e+00 -1.6947e+00
% f evaluations | g evaluations | best noise-free fitness - Fopt (-9.986000000000e+01) + sum g_i+ | measured fitness | best measured fitness or single-digit g-values | x1 | x2...
1 0 +8.318464207e+01 -1.667535793e+01 -1.667535793e+01 -3.7363e+00 -3.9698e-01 -1.7039e+00 +4.7863e+00 +9.9973e-01
2 0 +7.159126249e+01 -2.826873751e+01 -2.826873751e+01 +6.4404e-01 +2.8276e+00 +1.4297e+00 -1.2778e+00 -4.8634e-01
5 0 +6.479331410e+01 -3.506668590e+01 -3.506668590e+01 +3.6267e+00 -1.9123e+00 -4.1382e+00 +1.0401e+00 +4.2963e+00
6 0 +5.411548576e+01 -4.574451424e+01 -4.574451424e+01 +4.2950e+00 +3.7042e+00 +3.2055e-01 -2.5421e+00 -2.1034e+00
10 0 +4.368903617e+01 -5.617096383e+01 -5.617096383e+01 +3.6466e+00 +1.8249e-01 -3.3221e+00 -1.8345e+00 +3.3506e+00
75 0 +2.242337841e+01 -7.743662159e+01 -7.743662159e+01 -2.1884e+00 +8.0706e-01 -1.5742e+00 -2.2196e+00 -2.2412e+00
181 0 +9.187259036e+00 -9.067274096e+01 -9.067274096e+01 -2.6531e+00 +1.6840e+00 -4.2875e-01 -4.3206e+00 -1.7543e+00
312 0 +6.796662534e+00 -9.306333747e+01 -9.306333747e+01 +1.8005e+00 +4.2701e+00 +9.0657e-02 -2.2718e+00 -3.2532e+00
27610 0 +6.796662534e+00 -9.306333747e+01 -9.306333747e+01 +1.8005e+00 +4.2701e+00 +9.0657e-02 -2.2718e+00 -3.2532e+00
% f evaluations | g evaluations | best noise-free fitness - Fopt (1.890500000000e+02) + sum g_i+ | measured fitness | best measured fitness or single-digit g-values | x1 | x2...
1 0 +7.817104758e+01 +2.672210476e+02 +2.672210476e+02 -3.9210e+00 +4.5506e+00 -4.8405e+00 +4.3653e+00 -3.8455e+00
2 0 +6.724472132e+01 +2.562947213e+02 +2.562947213e+02 +1.8536e-03 -2.0709e+00 +4.6285e+00 -2.4289e+00 -4.3429e+00
5 0 +6.199423270e+01 +2.510442327e+02 +2.510442327e+02 +3.1994e+00 -3.5696e+00 -1.6922e+00 +1.1114e+00 -3.0232e+00
26 0 +5.531979027e+01 +2.443697903e+02 +2.443697903e+02 +2.5626e+00 -3.9543e+00 -1.5472e+00 +2.6655e-01 -1.1140e+00
55 0 +3.375591181e+01 +2.228059118e+02 +2.228059118e+02 -9.1578e-01 +4.6150e-01 +7.2509e-02 -4.7906e+00 +3.9887e+00
114 0 +2.722254505e+01 +2.162725451e+02 +2.162725451e+02 -3.4150e+00 -3.7691e+00 -4.0689e+00 -1.2642e+00 -8.5642e-01
156 0 +2.431402494e+01 +2.133640249e+02 +2.133640249e+02 +2.4699e+00 -3.4593e+00 -2.0238e+00 -1.9011e+00 -6.6791e-01
167 0 +2.102060102e+01 +2.100706010e+02 +2.100706010e+02 -3.3362e+00 +4.1584e+00 -2.0924e+00 -1.2633e+00 -3.9443e+00
464 0 +1.947795997e+00 +1.909977960e+02 +1.909977960e+02 -1.8163e+00 -5.1984e-01 +1.6638e+00 +3.2103e+00 -1.0188e+00
42220 0 +1.947795997e+00 +1.909977960e+02 +1.909977960e+02 -1.8163e+00 -5.1984e-01 +1.6638e+00 +3.2103e+00 -1.0188e+00
% f evaluations | g evaluations | best noise-free fitness - Fopt (-2.680000000000e+01) + sum g_i+ | measured fitness | best measured fitness or single-digit g-values | x1 | x2...
1 0 +7.500736901e+01 +4.820736901e+01 +4.820736901e+01 +2.0172e+00 -4.1995e+00 -4.1387e+00 +2.0394e-01 -4.1385e-01
2 0 +6.975470496e+01 +4.295470496e+01 +4.295470496e+01 -2.2361e+00 +3.7896e+00 +2.3119e+00 +7.2793e-01 +1.8159e+00
7 0 +3.035662630e+01 +3.556626302e+00 +3.556626302e+00 +2.6742e+00 -1.2675e+00 -5.3942e-01 -1.8364e+00 +1.8892e+00
25 0 +2.459427617e+01 -2.205723829e+00 -2.205723829e+00 +9.8952e-01 -7.8836e-01 -2.8811e+00 -3.5416e+00 -4.4218e-01
74 0 +3.268345477e+00 -2.353165452e+01 -2.353165452e+01 +1.1097e+00 -3.3281e+00 -1.7725e+00 +2.7375e-02 +4.8510e-01
100 0 +3.268345477e+00 -2.353165452e+01 -2.353165452e+01 +1.1097e+00 -3.3281e+00 -1.7725e+00 +2.7375e-02 +4.8510e-01
% f evaluations | g evaluations | best noise-free fitness - Fopt (1.986000000000e+01) + sum g_i+ | measured fitness | best measured fitness or single-digit g-values | x1 | x2...
1 0 +7.215576944e+01 +9.201576944e+01 +9.201576944e+01 +1.2719e+00 -3.4681e+00 -6.6794e-01 +3.4411e+00 -1.9342e+00
3 0 +6.714251105e+01 +8.700251105e+01 +8.700251105e+01 +1.5353e+00 -2.9302e+00 +1.6452e+00 -7.4315e-01 +3.5473e+00
11 0 +4.429203272e+01 +6.415203272e+01 +6.415203272e+01 +1.6437e+00 -2.6339e+00 -1.7089e+00 -2.3955e+00 +1.3135e+00
39 0 +2.987837900e+01 +4.973837900e+01 +4.973837900e+01 +3.1907e-01 -2.6099e+00 +5.5951e-01 -2.1003e+00 +1.7276e+00
58 0 +2.687440747e+01 +4.673440747e+01 +4.673440747e+01 +9.9925e-01 -9.7144e-01 +2.8437e+00 -4.1268e-01 -4.5008e-01
303 0 +1.209218154e+01 +3.195218154e+01 +3.195218154e+01 -3.7905e+00 +1.7829e+00 +3.0972e+00 -2.8318e-01 -2.1823e+00
743 0 +9.239046437e+00 +2.909904644e+01 +2.909904644e+01 +1.7886e+00 -8.0816e-01 +6.9051e-01 -4.6220e+00 +1.4801e+00
975 0 +3.268444005e+00 +2.312844400e+01 +2.312844400e+01 +5.2208e-01 -8.6986e-01 +1.0818e+00 +3.8246e+00 +2.9111e+00
20920 0 +3.268444005e+00 +2.312844400e+01 +2.312844400e+01 +5.2208e-01 -8.6986e-01 +1.0818e+00 +3.8246e+00 +2.9111e+00
% f evaluations | g evaluations | best noise-free fitness - Fopt (-1.607900000000e+02) + sum g_i+ | measured fitness | best measured fitness or single-digit g-values | x1 | x2...
1 0 +8.592440760e+01 -7.486559240e+01 -7.486559240e+01 +3.0492e+00 +2.0086e+00 -1.7819e+00 +4.3126e+00 -2.5324e+00
2 0 +2.512478539e+01 -1.356652146e+02 -1.356652146e+02 -2.1814e+00 +2.7329e-02 -4.8524e+00 +4.8348e+00 -1.1723e+00
52 0 +2.144344572e+01 -1.393465543e+02 -1.393465543e+02 -2.9282e+00 +2.3006e+00 +2.8050e+00 +4.1019e-01 -1.3165e+00
411 0 +5.809587058e+00 -1.549804129e+02 -1.549804129e+02 -2.2374e+00 +1.0281e-03 -1.6660e+00 +4.2178e+00 -3.5642e+00
2744 0 +3.167113537e+00 -1.576228865e+02 -1.576228865e+02 -1.7321e+00 +1.5439e+00 +1.3995e+00 -1.6842e+00 -2.6893e-01
5004 0 +2.999760453e+00 -1.577902395e+02 -1.577902395e+02 -1.7123e+00 +1.9308e+00 +1.6894e+00 -1.3062e+00 -1.3385e+00
5355 0 +2.419974674e+00 -1.583700253e+02 -1.583700253e+02 -1.6686e+00 +1.9050e+00 +1.2109e+00 -1.5527e+00 -1.9261e-01
5494 0 +2.030029931e+00 -1.587599701e+02 -1.587599701e+02 -1.9190e+00 +1.9926e+00 +1.7385e+00 -1.2797e+00 -9.4745e-01
12513 0 +1.989706833e+00 -1.588002932e+02 -1.588002932e+02 -1.8027e+00 +2.0121e+00 +1.9006e+00 -1.1733e+00 -8.3416e-01
42220 0 +1.955531696e+00 -1.588344683e+02 -1.588344683e+02 -1.7727e+00 +2.0164e+00 +1.7191e+00 -1.1154e+00 -6.7816e-01
% f evaluations | g evaluations | best noise-free fitness - Fopt (1.420200000000e+02) + sum g_i+ | measured fitness | best measured fitness or single-digit g-values | x1 | x2...
1 0 +7.246816940e+01 +2.144881694e+02 +2.144881694e+02 -3.3656e+00 +4.9844e+00 +1.6639e+00 -1.9472e+00 -1.3767e+00
2 0 +6.967966198e+01 +2.116996620e+02 +2.116996620e+02 -3.8431e+00 +2.9575e-01 -1.6477e+00 +4.4274e+00 -1.1080e-01
3 0 +5.950078395e+01 +2.015207839e+02 +2.015207839e+02 -3.5706e+00 -1.9974e+00 -6.2030e-01 +6.1941e-01 +2.3878e+00
6 0 +1.928843999e+01 +1.613084400e+02 +1.613084400e+02 -3.7592e+00 +1.8224e-01 -7.4384e-01 +1.5985e-01 -3.8277e-01
293 0 +1.714129772e+01 +1.591612977e+02 +1.591612977e+02 -4.0564e+00 +1.2754e+00 +1.0338e+00 -7.6232e-01 -4.2659e+00
456 0 +1.100114655e+01 +1.530211466e+02 +1.530211466e+02 +2.7005e+00 +1.0464e+00 -3.4989e+00 +1.4954e-01 -5.8316e-01
917 0 +8.751812409e+00 +1.507718124e+02 +1.507718124e+02 +2.5381e+00 +1.7730e+00 -4.1949e+00 +1.8293e+00 +1.1522e+00
1245 0 +7.904260758e+00 +1.499242608e+02 +1.499242608e+02 -4.6527e+00 +2.5722e+00 +1.2659e+00 -1.0632e-01 -3.9925e+00
1670 0 +2.135207579e+00 +1.441552076e+02 +1.441552076e+02 -2.5192e+00 -8.3755e-01 +4.4414e+00 -4.5193e+00 +9.9958e-01
4848 0 +1.962583121e+00 +1.439825831e+02 +1.439825831e+02 +4.4392e+00 +6.1039e-01 -4.6670e+00 +4.6674e-01 +6.7481e-01
4859 0 +1.750606863e+00 +1.437706069e+02 +1.437706069e+02 +4.3589e+00 +3.7299e-01 -4.5624e+00 +4.4326e-01 +1.1517e+00
5327 0 +1.300255035e+00 +1.433202550e+02 +1.433202550e+02 +3.7952e+00 +5.4253e-01 -3.9062e+00 +5.5122e-01 +1.2982e+00
9162 0 +1.058565920e+00 +1.430785659e+02 +1.430785659e+02 +4.0866e+00 +4.3367e-01 -3.9253e+00 +1.4958e-01 +9.4787e-01
9165 0 +8.435775969e-01 +1.428635776e+02 +1.428635776e+02 +4.0784e+00 +4.7106e-01 -3.8233e+00 +5.0408e-01 +1.0588e+00
13577 0 +7.751621375e-01 +1.427951621e+02 +1.427951621e+02 +4.1104e+00 +4.7416e-01 -4.0926e+00 +4.1666e-01 +9.2905e-01
25407 0 +7.076920553e-01 +1.427276921e+02 +1.427276921e+02 +4.0726e+00 +5.2196e-01 -4.0426e+00 +5.3952e-01 +9.7875e-01
42220 0 +6.938641238e-01 +1.427138641e+02 +1.427138641e+02 +4.0634e+00 +5.5175e-01 -4.0421e+00 +5.4622e-01 +1.0135e+00
% f evaluations | g evaluations | best noise-free fitness - Fopt (6.289000000000e+01) + sum g_i+ | measured fitness | best measured fitness or single-digit g-values | x1 | x2...
1 0 +4.566501851e+01 +1.085550185e+02 +1.085550185e+02 +4.1981e+00 +1.5232e+00 -8.9106e-01 +2.3417e+00 -1.0120e+00
59 0 +2.083218984e+01 +8.372218984e+01 +8.372218984e+01 -3.3326e+00 -3.0433e-01 +2.9162e+00 +2.1076e+00 -1.0749e+00
86 0 +7.914633049e+00 +7.080463305e+01 +7.080463305e+01 +4.6412e+00 -1.9437e+00 -1.8328e+00 -3.7487e+00 -6.9411e-01
504 0 +3.531431345e+00 +6.642143135e+01 +6.642143135e+01 +2.5178e+00 -1.8769e+00 +1.2888e+00 +1.1733e+00 -2.3455e+00
2088 0 +3.115523128e+00 +6.600552313e+01 +6.600552313e+01 -1.1148e+00 -1.8111e+00 +8.6023e-01 +1.3239e+00 -3.7730e+00
31210 0 +2.991739370e+00 +6.588173937e+01 +6.588173937e+01 -6.3774e-01 -1.9039e+00 +1.6449e+00 +2.2590e+00 -2.2225e+00
% f evaluations | g evaluations | best noise-free fitness - Fopt (-1.316100000000e+02) + sum g_i+ | measured fitness | best measured fitness or single-digit g-values | x1 | x2...
1 0 +8.533545899e+01 -4.627454101e+01 -4.627454101e+01 +4.5131e+00 +4.9742e+00 +8.6630e-01 -3.8345e+00 -4.3538e+00
2 0 +7.771234019e+01 -5.389765981e+01 -5.389765981e+01 -7.2409e-01 +2.3539e+00 +4.9999e-01 +3.4915e+00 +2.9537e+00
5 0 +1.116589768e+01 -1.204441023e+02 -1.204441023e+02 +3.5505e+00 +2.9537e-01 +4.6250e+00 -2.4083e+00 +3.5022e-01
44 0 +8.730887584e+00 -1.228791124e+02 -1.228791124e+02 +2.9874e+00 +1.3330e+00 +4.2352e+00 -1.8048e+00 +1.4583e+00
2007 0 +6.821490531e+00 -1.247885095e+02 -1.247885095e+02 +2.2350e+00 -4.1310e+00 +2.2928e+00 -2.6060e+00 +1.0676e+00
4317 0 +4.540821026e+00 -1.270691790e+02 -1.270691790e+02 +2.5378e+00 -4.2010e+00 +2.8537e+00 -1.9067e+00 +1.2475e+00
4791 0 +4.313555084e+00 -1.272964449e+02 -1.272964449e+02 +2.5243e+00 -4.1341e+00 +2.7326e+00 -2.2938e+00 +1.4413e+00
7213 0 +3.505396290e+00 -1.281046037e+02 -1.281046037e+02 +2.7101e+00 -3.9429e+00 +3.1007e+00 -1.8793e+00 +1.8744e+00
7709 0 +3.035249055e+00 -1.285747509e+02 -1.285747509e+02 +2.7140e+00 -3.8081e+00 +2.9486e+00 -1.9927e+00 +2.2082e+00
11718 0 +1.995903857e+00 -1.296140961e+02 -1.296140961e+02 +9.6169e-01 -4.0468e+00 -4.7762e-02 -1.2149e+00 -1.2784e+00
34960 0 +1.995903857e+00 -1.296140961e+02 -1.296140961e+02 +9.6169e-01 -4.0468e+00 -4.7762e-02 -1.2149e+00 -1.2784e+00
% f evaluations | g evaluations | best noise-free fitness - Fopt (1.153900000000e+02) + sum g_i+ | measured fitness | best measured fitness or single-digit g-values | x1 | x2...
1 0 +7.779763726e+01 +1.931876373e+02 +1.931876373e+02 +4.2520e+00 -4.9288e+00 -3.2214e+00 +2.7503e+00 -2.0732e+00
2 0 +6.463593184e+01 +1.800259318e+02 +1.800259318e+02 +4.7729e+00 -2.6348e+00 -4.0170e+00 +2.0251e+00 -4.7180e-01
6 0 +4.637084119e+01 +1.617608412e+02 +1.617608412e+02 +4.8759e+00 +1.4771e+00 -4.2010e+00 -3.1631e+00 +3.2521e+00
14 0 +4.013939080e+01 +1.555293908e+02 +1.555293908e+02 +3.9148e+00 -4.0699e+00 -3.4630e+00 -2.3690e+00 +3.4690e+00
24 0 +1.918415905e+01 +1.345741590e+02 +1.345741590e+02 +4.6652e+00 -2.5837e+00 -2.8613e+00 +1.7462e+00 -1.3582e+00
61 0 +9.316482794e+00 +1.247064828e+02 +1.247064828e+02 -3.9529e+00 -2.2839e+00 -1.4951e+00 +1.8669e+00 +1.6957e+00
814 0 +5.005524324e+00 +1.203955243e+02 +1.203955243e+02 +3.8348e+00 +7.6720e-01 +3.6537e+00 -3.4547e+00 +8.4455e-01
6456 0 +4.206620704e+00 +1.195966207e+02 +1.195966207e+02 +4.0565e+00 +1.1336e+00 +3.0066e+00 -3.5810e+00 +9.4070e-01
20091 0 +2.251305933e+00 +1.176413059e+02 +1.176413059e+02 +2.7750e+00 -2.6638e-01 -3.5061e+00 +2.4963e+00 -1.4548e+00
42220 0 +2.251305933e+00 +1.176413059e+02 +1.176413059e+02 +2.7750e+00 -2.6638e-01 -3.5061e+00 +2.4963e+00 -1.4548e+00
