% f evaluations | g evaluations | best noise-free fitness - Fopt (4.078000000000e+01) + sum g_i+ | measured fitness | best measured fitness or single-digit g-values | x1 | x2...
1 0 +6.694655269e+01 +1.077265527e+02 +1.077265527e+02
3 0 +6.366308003e+01 +1.044430800e+02 +1.044430800e+02
5 0 +4.817122878e+01 +8.895122878e+01 +8.895122878e+01
330 0 +4.059931655e+01 +8.137931655e+01 +8.137931655e+01
342 0 +3.901608028e+01 +7.979608028e+01 +7.979608028e+01
348 0 +3.322425369e+01 +7.400425369e+01 +7.400425369e+01
404 0 +3.153305603e+01 +7.231305603e+01 +7.231305603e+01
416 0 +2.736908135e+01 +6.814908135e+01 +6.814908135e+01
419 0 +2.441608909e+01 +6.519608909e+01 +6.519608909e+01
436 0 +2.237695038e+01 +6.315695038e+01 +6.315695038e+01
456 0 +1.868555001e+01 +5.946555001e+01 +5.946555001e+01
458 0 +1.762647477e+01 +5.840647477e+01 +5.840647477e+01
470 0 +1.566308618e+01 +5.644308618e+01 +5.644308618e+01
496 0 +1.296620779e+01 +5.374620779e+01 +5.374620779e+01
510 0 +1.226046159e+01 +5.304046159e+01 +5.304046159e+01
551 0 +1.110448951e+01 +5.188448951e+01 +5.188448951e+01
611 0 +9.948292470e+00 +5.072829247e+01 +5.072829247e+01
630 0 +8.862835118e+00 +4.964283512e+01 +4.964283512e+01
974 0 +7.942455471e+00 +4.872245547e+01 +4.872245547e+01
8168 0 +6.947956520e+00 +4.772795652e+01 +4.772795652e+01
8171 0 +5.712014729e+00 +4.649201473e+01 +4.649201473e+01
8174 0 +5.381654442e+00 +4.616165444e+01 +4.616165444e+01
8178 0 +4.889422043e+00 +4.566942204e+01 +4.566942204e+01
8187 0 +4.189426070e+00 +4.496942607e+01 +4.496942607e+01
8204 0 +3.959969551e+00 +4.473996955e+01 +4.473996955e+01
8208 0 +3.444068285e+00 +4.422406828e+01 +4.422406828e+01
8211 0 +2.845126507e+00 +4.362512651e+01 +4.362512651e+01
8218 0 +2.665831304e+00 +4.344583130e+01 +4.344583130e+01
8251 0 +2.478175153e+00 +4.325817515e+01 +4.325817515e+01
100000 0 +2.255804624e+00 +4.303580462e+01 +4.303580462e+01
% f evaluations | g evaluations | best noise-free fitness - Fopt (-1.600000000000e+00) + sum g_i+ | measured fitness | best measured fitness or single-digit g-values | x1 | x2...
1 0 +7.884153396e+01 +7.724153396e+01 +7.724153396e+01
3 0 +7.469124273e+01 +7.309124273e+01 +7.309124273e+01
5 0 +3.439731390e+01 +3.279731390e+01 +3.279731390e+01
322 0 +2.158708510e+01 +1.998708510e+01 +1.998708510e+01
334 0 +1.499064571e+01 +1.339064571e+01 +1.339064571e+01
342 0 +9.386026276e+00 +7.786026276e+00 +7.786026276e+00
369 0 +8.287932097e+00 +6.687932097e+00 +6.687932097e+00
388 0 +7.504820022e+00 +5.904820022e+00 +5.904820022e+00
434 0 +7.071633527e+00 +5.471633527e+00 +5.471633527e+00
468 0 +6.173176057e+00 +4.573176057e+00 +4.573176057e+00
506 0 +5.620256622e+00 +4.020256622e+00 +4.020256622e+00
566 0 +4.883238169e+00 +3.283238169e+00 +3.283238169e+00
619 0 +4.462848450e+00 +2.862848450e+00 +2.862848450e+00
786 0 +3.959572598e+00 +2.359572598e+00 +2.359572598e+00
77988 0 +1.978414741e+00 +3.784147406e-01 +3.784147406e-01
77990 0 +5.080225466e-01 -1.091977453e+00 -1.091977453e+00
77995 0 +3.855378474e-01 -1.214462153e+00 -1.214462153e+00
77996 0 +1.803522393e-01 -1.419647761e+00 -1.419647761e+00
78037 0 +1.413644606e-01 -1.458635539e+00 -1.458635539e+00
78042 0 +8.158997067e-02 -1.518410029e+00 -1.518410029e+00
78053 0 +2.734777311e-02 -1.572652227e+00 -1.572652227e+00
78078 0 +2.274061735e-02 -1.577259383e+00 -1.577259383e+00
78088 0 +1.988874154e-02 -1.580111258e+00 -1.580111258e+00
78090 0 +1.258904466e-02 -1.587410955e+00 -1.587410955e+00
78120 0 +5.328002533e-03 -1.594671997e+00 -1.594671997e+00
78124 0 +3.637086329e-03 -1.596362914e+00 -1.596362914e+00
78127 0 +3.206122855e-03 -1.596793877e+00 -1.596793877e+00
78129 0 +2.891610460e-03 -1.597108390e+00 -1.597108390e+00
78134 0 +1.837470544e-03 -1.598162529e+00 -1.598162529e+00
78140 0 +9.680301377e-04 -1.599031970e+00 -1.599031970e+00
78150 0 +3.184606118e-04 -1.599681539e+00 -1.599681539e+00
78154 0 +3.028081818e-04 -1.599697192e+00 -1.599697192e+00
78170 0 +1.617664368e-04 -1.599838234e+00 -1.599838234e+00
78180 0 +1.235200637e-04 -1.599876480e+00 -1.599876480e+00
78199 0 +2.616348412e-05 -1.599973837e+00 -1.599973837e+00
78236 0 +1.759070372e-05 -1.599982409e+00 -1.599982409e+00
78262 0 +1.059537941e-05 -1.599989405e+00 -1.599989405e+00
78277 0 +1.673533443e-06 -1.599998326e+00 -1.599998326e+00
78332 0 +1.538732731e-06 -1.599998461e+00 -1.599998461e+00
78334 0 +3.283003198e-07 -1.599999672e+00 -1.599999672e+00
78358 0 +2.273765900e-07 -1.599999773e+00 -1.599999773e+00
78363 0 +1.993733802e-07 -1.599999801e+00 -1.599999801e+00
78368 0 +1.720299014e-07 -1.599999828e+00 -1.599999828e+00
78373 0 +1.548528497e-07 -1.599999845e+00 -1.599999845e+00
78377 0 +1.284936424e-07 -1.599999872e+00 -1.599999872e+00
78387 0 +8.956322106e-08 -1.599999910e+00 -1.599999910e+00
78391 0 +4.692352440e-08 -1.599999953e+00 -1.599999953e+00
78439 0 +3.994757991e-08 -1.599999960e+00 -1.599999960e+00
78443 0 +2.136332422e-08 -1.599999979e+00 -1.599999979e+00
78452 0 +1.195037469e-08 -1.599999988e+00 -1.599999988e+00
78456 0 +1.084740631e-08 -1.599999989e+00 -1.599999989e+00
78477 0 +6.857736157e-09 -1.599999993e+00 -1.599999993e+00
78721 0 +5.899725153e-13 -1.600000000e+00 -1.600000000e+00
100000 0 +1.110223025e-15 -1.600000000e+00 -1.600000000e+00
% f evaluations | g evaluations | best noise-free fitness - Fopt (-3.708400000000e+02) + sum g_i+ | measured fitness | best measured fitness or single-digit g-values | x1 | x2...
1 0 +6.478493794e+01 -3.060550621e+02 -3.060550621e+02
5 0 +5.053170601e+01 -3.203082940e+02 -3.203082940e+02
85 0 +3.380060658e+01 -3.370393934e+02 -3.370393934e+02
107 0 +2.912627112e+01 -3.417137289e+02 -3.417137289e+02
319 0 +2.594138134e+01 -3.448986187e+02 -3.448986187e+02
324 0 +1.511511374e+01 -3.557248863e+02 -3.557248863e+02
327 0 +1.081232101e+01 -3.600276790e+02 -3.600276790e+02
334 0 +9.131784176e+00 -3.617082158e+02 -3.617082158e+02
338 0 +8.191135451e+00 -3.626488645e+02 -3.626488645e+02
339 0 +6.695038936e+00 -3.641449611e+02 -3.641449611e+02
344 0 +2.537452034e+00 -3.683025480e+02 -3.683025480e+02
345 0 +1.841024443e+00 -3.689989756e+02 -3.689989756e+02
355 0 +1.397247487e+00 -3.694427525e+02 -3.694427525e+02
373 0 +1.064003153e+00 -3.697759968e+02 -3.697759968e+02
388 0 +7.365634633e-01 -3.701034365e+02 -3.701034365e+02
427 0 +5.523964684e-01 -3.702876035e+02 -3.702876035e+02
439 0 +2.258339899e-01 -3.706141660e+02 -3.706141660e+02
441 0 +1.893454715e-01 -3.706506545e+02 -3.706506545e+02
450 0 +1.204732953e-01 -3.707195267e+02 -3.707195267e+02
459 0 +7.691079976e-02 -3.707630892e+02 -3.707630892e+02
467 0 +5.340262514e-02 -3.707865974e+02 -3.707865974e+02
508 0 +4.597832826e-02 -3.707940217e+02 -3.707940217e+02
512 0 +2.995760155e-02 -3.708100424e+02 -3.708100424e+02
514 0 +1.814101109e-02 -3.708218590e+02 -3.708218590e+02
523 0 +1.612748070e-02 -3.708238725e+02 -3.708238725e+02
530 0 +1.470318560e-02 -3.708252968e+02 -3.708252968e+02
532 0 +4.621675536e-03 -3.708353783e+02 -3.708353783e+02
534 0 +4.434436489e-03 -3.708355656e+02 -3.708355656e+02
568 0 +3.066286931e-03 -3.708369337e+02 -3.708369337e+02
593 0 +1.070477251e-03 -3.708389295e+02 -3.708389295e+02
624 0 +9.215658143e-04 -3.708390784e+02 -3.708390784e+02
630 0 +7.751622359e-04 -3.708392248e+02 -3.708392248e+02
633 0 +6.960243944e-04 -3.708393040e+02 -3.708393040e+02
639 0 +3.253820473e-04 -3.708396746e+02 -3.708396746e+02
644 0 +2.223217373e-04 -3.708397777e+02 -3.708397777e+02
654 0 +1.596206312e-04 -3.708398404e+02 -3.708398404e+02
683 0 +1.017607103e-04 -3.708398982e+02 -3.708398982e+02
686 0 +5.422270647e-05 -3.708399458e+02 -3.708399458e+02
687 0 +3.893654895e-05 -3.708399611e+02 -3.708399611e+02
703 0 +2.351380465e-05 -3.708399765e+02 -3.708399765e+02
762 0 +1.998196979e-05 -3.708399800e+02 -3.708399800e+02
772 0 +1.076712624e-05 -3.708399892e+02 -3.708399892e+02
774 0 +8.672848821e-06 -3.708399913e+02 -3.708399913e+02
783 0 +6.510741969e-06 -3.708399935e+02 -3.708399935e+02
792 0 +2.040566073e-06 -3.708399980e+02 -3.708399980e+02
803 0 +1.428966755e-06 -3.708399986e+02 -3.708399986e+02
817 0 +1.369938559e-06 -3.708399986e+02 -3.708399986e+02
836 0 +1.002616216e-06 -3.708399990e+02 -3.708399990e+02
854 0 +7.131749271e-07 -3.708399993e+02 -3.708399993e+02
890 0 +6.611118124e-07 -3.708399993e+02 -3.708399993e+02
892 0 +2.770119636e-07 -3.708399997e+02 -3.708399997e+02
905 0 +2.243792210e-07 -3.708399998e+02 -3.708399998e+02
946 0 +2.021279784e-07 -3.708399998e+02 -3.708399998e+02
949 0 +1.989652674e-07 -3.708399998e+02 -3.708399998e+02
954 0 +1.629567805e-07 -3.708399998e+02 -3.708399998e+02
955 0 +1.575309625e-07 -3.708399998e+02 -3.708399998e+02
959 0 +8.969584542e-08 -3.708399999e+02 -3.708399999e+02
962 0 +8.572277466e-08 -3.708399999e+02 -3.708399999e+02
972 0 +5.922157698e-08 -3.708399999e+02 -3.708399999e+02
974 0 +5.563043715e-08 -3.708399999e+02 -3.708399999e+02
983 0 +4.951459687e-08 -3.708400000e+02 -3.708400000e+02
992 0 +4.183539204e-08 -3.708400000e+02 -3.708400000e+02
994 0 +2.314897074e-08 -3.708400000e+02 -3.708400000e+02
997 0 +1.987513087e-08 -3.708400000e+02 -3.708400000e+02
999 0 +1.220803370e-08 -3.708400000e+02 -3.708400000e+02
1003 0 +1.092274715e-08 -3.708400000e+02 -3.708400000e+02
1010 0 +5.162576144e-09 -3.708400000e+02 -3.708400000e+02
1252 0 +8.526512829e-13 -3.708400000e+02 -3.708400000e+02
44311 0 +0.000000000e+00 -3.708400000e+02 -3.708400000e+02
100000 0 +0.000000000e+00 -3.708400000e+02 -3.708400000e+02
% f evaluations | g evaluations | best noise-free fitness - Fopt (-3.256000000000e+01) + sum g_i+ | measured fitness | best measured fitness or single-digit g-values | x1 | x2...
1 0 +7.687366610e+01 +4.431366610e+01 +4.431366610e+01
3 0 +6.933554302e+01 +3.677554302e+01 +3.677554302e+01
15 0 +6.296948919e+01 +3.040948919e+01 +3.040948919e+01
319 0 +5.546796830e+01 +2.290796830e+01 +2.290796830e+01
332 0 +4.560485327e+01 +1.304485327e+01 +1.304485327e+01
335 0 +3.871271536e+01 +6.152715356e+00 +6.152715356e+00
337 0 +3.311991471e+01 +5.599147085e-01 +5.599147085e-01
339 0 +2.624282321e+01 -6.317176794e+00 -6.317176794e+00
344 0 +2.158439038e+01 -1.097560962e+01 -1.097560962e+01
359 0 +1.850628878e+01 -1.405371122e+01 -1.405371122e+01
367 0 +1.659215425e+01 -1.596784575e+01 -1.596784575e+01
418 0 +1.544072718e+01 -1.711927282e+01 -1.711927282e+01
423 0 +1.394982355e+01 -1.861017645e+01 -1.861017645e+01
439 0 +1.142341970e+01 -2.113658030e+01 -2.113658030e+01
448 0 +1.120946630e+01 -2.135053370e+01 -2.135053370e+01
510 0 +9.979805273e+00 -2.258019473e+01 -2.258019473e+01
633 0 +8.888932865e+00 -2.367106714e+01 -2.367106714e+01
14371 0 +7.356804726e+00 -2.520319527e+01 -2.520319527e+01
14383 0 +6.102738447e+00 -2.645726155e+01 -2.645726155e+01
14430 0 +5.165180319e+00 -2.739481968e+01 -2.739481968e+01
14432 0 +4.734324130e+00 -2.782567587e+01 -2.782567587e+01
14441 0 +4.406841871e+00 -2.815315813e+01 -2.815315813e+01
14487 0 +3.967365797e+00 -2.859263420e+01 -2.859263420e+01
14499 0 +3.517599367e+00 -2.904240063e+01 -2.904240063e+01
16698 0 +6.655770797e-01 -3.189442292e+01 -3.189442292e+01
16701 0 +5.273514326e-01 -3.203264857e+01 -3.203264857e+01
16728 0 +4.832580812e-01 -3.207674192e+01 -3.207674192e+01
16730 0 +4.142922514e-01 -3.214570775e+01 -3.214570775e+01
16733 0 +3.193712357e-01 -3.224062876e+01 -3.224062876e+01
16734 0 +2.546447944e-01 -3.230535521e+01 -3.230535521e+01
16738 0 +2.129373213e-01 -3.234706268e+01 -3.234706268e+01
16742 0 +1.048123496e-01 -3.245518765e+01 -3.245518765e+01
16747 0 +5.851155408e-02 -3.250148845e+01 -3.250148845e+01
16757 0 +5.053090861e-02 -3.250946909e+01 -3.250946909e+01
16766 0 +1.669574302e-02 -3.254330426e+01 -3.254330426e+01
16810 0 +1.553353228e-02 -3.254446647e+01 -3.254446647e+01
16819 0 +7.636647267e-03 -3.255236335e+01 -3.255236335e+01
16820 0 +3.251576900e-03 -3.255674842e+01 -3.255674842e+01
16835 0 +2.474982254e-03 -3.255752502e+01 -3.255752502e+01
16874 0 +1.784203630e-03 -3.255821580e+01 -3.255821580e+01
16883 0 +1.654149340e-03 -3.255834585e+01 -3.255834585e+01
16886 0 +1.456302467e-03 -3.255854370e+01 -3.255854370e+01
16895 0 +1.160107422e-03 -3.255883989e+01 -3.255883989e+01
16900 0 +1.103729511e-03 -3.255889627e+01 -3.255889627e+01
16909 0 +9.775580688e-04 -3.255902244e+01 -3.255902244e+01
16927 0 +7.884923524e-04 -3.255921151e+01 -3.255921151e+01
16938 0 +6.674692831e-04 -3.255933253e+01 -3.255933253e+01
16964 0 +4.537338806e-04 -3.255954627e+01 -3.255954627e+01
16975 0 +3.704050900e-04 -3.255962959e+01 -3.255962959e+01
16977 0 +3.226300794e-04 -3.255967737e+01 -3.255967737e+01
16981 0 +2.584120793e-04 -3.255974159e+01 -3.255974159e+01
16994 0 +1.818620499e-04 -3.255981814e+01 -3.255981814e+01
17029 0 +1.040448808e-04 -3.255989596e+01 -3.255989596e+01
17030 0 +9.118447637e-05 -3.255990882e+01 -3.255990882e+01
17039 0 +3.823164036e-05 -3.255996177e+01 -3.255996177e+01
17044 0 +2.867239741e-05 -3.255997133e+01 -3.255997133e+01
17055 0 +2.307812360e-05 -3.255997692e+01 -3.255997692e+01
17090 0 +2.109565867e-05 -3.255997890e+01 -3.255997890e+01
17093 0 +8.787854178e-06 -3.255999121e+01 -3.255999121e+01
17107 0 +6.898568991e-06 -3.255999310e+01 -3.255999310e+01
17147 0 +6.140935518e-06 -3.255999386e+01 -3.255999386e+01
17150 0 +5.205075269e-06 -3.255999479e+01 -3.255999479e+01
17153 0 +3.350381718e-06 -3.255999665e+01 -3.255999665e+01
17157 0 +2.418201689e-06 -3.255999758e+01 -3.255999758e+01
17170 0 +1.684533103e-06 -3.255999832e+01 -3.255999832e+01
17183 0 +1.581222364e-06 -3.255999842e+01 -3.255999842e+01
17190 0 +1.276047676e-06 -3.255999872e+01 -3.255999872e+01
17195 0 +1.164005525e-06 -3.255999884e+01 -3.255999884e+01
17197 0 +6.953880032e-07 -3.255999930e+01 -3.255999930e+01
17199 0 +5.484026815e-07 -3.255999945e+01 -3.255999945e+01
17210 0 +4.244831970e-07 -3.255999958e+01 -3.255999958e+01
17213 0 +3.089093354e-07 -3.255999969e+01 -3.255999969e+01
17239 0 +2.118078086e-07 -3.255999979e+01 -3.255999979e+01
17267 0 +1.948460948e-07 -3.255999981e+01 -3.255999981e+01
17269 0 +1.552123834e-07 -3.255999984e+01 -3.255999984e+01
17278 0 +1.394295595e-07 -3.255999986e+01 -3.255999986e+01
17284 0 +1.234004543e-07 -3.255999988e+01 -3.255999988e+01
17295 0 +8.707905153e-08 -3.255999991e+01 -3.255999991e+01
17297 0 +4.808016030e-08 -3.255999995e+01 -3.255999995e+01
17330 0 +2.028786383e-08 -3.255999998e+01 -3.255999998e+01
17375 0 +1.890811063e-08 -3.255999998e+01 -3.255999998e+01
17377 0 +1.465763688e-08 -3.255999999e+01 -3.255999999e+01
17384 0 +1.352558598e-08 -3.255999999e+01 -3.255999999e+01
17386 0 +1.231072133e-08 -3.255999999e+01 -3.255999999e+01
17395 0 +1.054552001e-08 -3.255999999e+01 -3.255999999e+01
17397 0 +9.572715953e-09 -3.255999999e+01 -3.255999999e+01
17789 0 +9.805489753e-13 -3.256000000e+01 -3.256000000e+01
100000 0 +7.105427358e-15 -3.256000000e+01 -3.256000000e+01
% f evaluations | g evaluations | best noise-free fitness - Fopt (5.154000000000e+02) + sum g_i+ | measured fitness | best measured fitness or single-digit g-values | x1 | x2...
1 0 +5.354617306e+01 +5.689461731e+02 +5.689461731e+02
4 0 +4.033259858e+01 +5.557325986e+02 +5.557325986e+02
307 0 +3.777899594e+01 +5.531789959e+02 +5.531789959e+02
315 0 +2.957478834e+01 +5.449747883e+02 +5.449747883e+02
327 0 +2.666379980e+01 +5.420637998e+02 +5.420637998e+02
334 0 +2.354021913e+01 +5.389402191e+02 +5.389402191e+02
335 0 +2.115060054e+01 +5.365506005e+02 +5.365506005e+02
337 0 +1.827959459e+01 +5.336795946e+02 +5.336795946e+02
347 0 +1.760011688e+01 +5.330001169e+02 +5.330001169e+02
350 0 +1.470614304e+01 +5.301061430e+02 +5.301061430e+02
372 0 +1.296618849e+01 +5.283661885e+02 +5.283661885e+02
380 0 +1.206254677e+01 +5.274625468e+02 +5.274625468e+02
382 0 +1.039150505e+01 +5.257915051e+02 +5.257915051e+02
390 0 +9.626424902e+00 +5.250264249e+02 +5.250264249e+02
443 0 +8.549462153e+00 +5.239494622e+02 +5.239494622e+02
448 0 +7.761776109e+00 +5.231617761e+02 +5.231617761e+02
536 0 +7.066896887e+00 +5.224668969e+02 +5.224668969e+02
100000 0 +6.658550568e+00 +5.220585506e+02 +5.220585506e+02
% f evaluations | g evaluations | best noise-free fitness - Fopt (1.559800000000e+02) + sum g_i+ | measured fitness | best measured fitness or single-digit g-values | x1 | x2...
1 0 +6.694902798e+01 +2.229290280e+02 +2.229290280e+02
14 0 +6.673081045e+01 +2.227108105e+02 +2.227108105e+02
23 0 +6.121529554e+01 +2.171952955e+02 +2.171952955e+02
314 0 +5.207808511e+01 +2.080580851e+02 +2.080580851e+02
315 0 +4.756243956e+01 +2.035424396e+02 +2.035424396e+02
317 0 +4.277357663e+01 +1.987535766e+02 +1.987535766e+02
321 0 +3.511988615e+01 +1.910998861e+02 +1.910998861e+02
330 0 +2.963249003e+01 +1.856124900e+02 +1.856124900e+02
387 0 +2.779937067e+01 +1.837793707e+02 +1.837793707e+02
45467 0 +2.393060069e+01 +1.799106007e+02 +1.799106007e+02
45477 0 +2.066521443e+01 +1.766452144e+02 +1.766452144e+02
45479 0 +1.856053926e+01 +1.745405393e+02 +1.745405393e+02
45487 0 +1.727517631e+01 +1.732551763e+02 +1.732551763e+02
45510 0 +1.513511835e+01 +1.711151184e+02 +1.711151184e+02
45555 0 +1.379621960e+01 +1.697762196e+02 +1.697762196e+02
45559 0 +1.250961030e+01 +1.684896103e+02 +1.684896103e+02
45579 0 +1.102027004e+01 +1.670002700e+02 +1.670002700e+02
45639 0 +9.943874251e+00 +1.659238743e+02 +1.659238743e+02
45786 0 +8.888346448e+00 +1.648683464e+02 +1.648683464e+02
49598 0 +7.755287835e+00 +1.637352878e+02 +1.637352878e+02
49716 0 +7.047101759e+00 +1.630271018e+02 +1.630271018e+02
100000 0 +7.011098034e+00 +1.629910980e+02 +1.629910980e+02
% f evaluations | g evaluations | best noise-free fitness - Fopt (-1.764600000000e+02) + sum g_i+ | measured fitness | best measured fitness or single-digit g-values | x1 | x2...
1 0 +6.537237616e+01 -1.110876238e+02 -1.110876238e+02
14 0 +6.018648324e+01 -1.162735168e+02 -1.162735168e+02
29 0 +5.323990334e+01 -1.232200967e+02 -1.232200967e+02
67 0 +3.889765182e+01 -1.375623482e+02 -1.375623482e+02
74 0 +2.661879161e+01 -1.498412084e+02 -1.498412084e+02
332 0 +2.316065697e+01 -1.532993430e+02 -1.532993430e+02
335 0 +2.179445283e+01 -1.546655472e+02 -1.546655472e+02
337 0 +1.450278580e+01 -1.619572142e+02 -1.619572142e+02
347 0 +1.338062538e+01 -1.630793746e+02 -1.630793746e+02
352 0 +7.940743094e+00 -1.685192569e+02 -1.685192569e+02
372 0 +5.543866847e+00 -1.709161332e+02 -1.709161332e+02
404 0 +4.631782005e+00 -1.718282180e+02 -1.718282180e+02
412 0 +4.295893666e+00 -1.721641063e+02 -1.721641063e+02
413 0 +3.844445334e+00 -1.726155547e+02 -1.726155547e+02
417 0 +2.749890396e+00 -1.737101096e+02 -1.737101096e+02
523 0 +2.509249273e+00 -1.739507507e+02 -1.739507507e+02
100000 0 +2.472973858e+00 -1.739870261e+02 -1.739870261e+02
% f evaluations | g evaluations | best noise-free fitness - Fopt (1.195800000000e+02) + sum g_i+ | measured fitness | best measured fitness or single-digit g-values | x1 | x2...
1 0 +7.349414739e+01 +1.930741474e+02 +1.930741474e+02
5 0 +7.081554193e+01 +1.903955419e+02 +1.903955419e+02
11 0 +5.190308937e+01 +1.714830894e+02 +1.714830894e+02
313 0 +4.621965916e+01 +1.657996592e+02 +1.657996592e+02
319 0 +3.863574890e+01 +1.582157489e+02 +1.582157489e+02
321 0 +3.166753613e+01 +1.512475361e+02 +1.512475361e+02
324 0 +2.114072558e+01 +1.407207256e+02 +1.407207256e+02
326 0 +1.972118532e+01 +1.393011853e+02 +1.393011853e+02
331 0 +1.415244735e+01 +1.337324474e+02 +1.337324474e+02
336 0 +9.595304865e+00 +1.291753049e+02 +1.291753049e+02
337 0 +8.548328571e+00 +1.281283286e+02 +1.281283286e+02
399 0 +7.865035809e+00 +1.274450358e+02 +1.274450358e+02
461 0 +7.061318164e+00 +1.266413182e+02 +1.266413182e+02
523 0 +6.286269793e+00 +1.258662698e+02 +1.258662698e+02
608 0 +5.595888779e+00 +1.251758888e+02 +1.251758888e+02
683 0 +5.007909693e+00 +1.245879097e+02 +1.245879097e+02
819 0 +4.459021709e+00 +1.240390217e+02 +1.240390217e+02
85860 0 +3.964978463e+00 +1.235449785e+02 +1.235449785e+02
86060 0 +3.523836370e+00 +1.231038364e+02 +1.231038364e+02
86280 0 +3.143509130e+00 +1.227235091e+02 +1.227235091e+02
86636 0 +2.818300315e+00 +1.223983003e+02 +1.223983003e+02
87753 0 +2.511857300e+00 +1.220918573e+02 +1.220918573e+02
100000 0 +2.472973858e+00 +1.220529739e+02 +1.220529739e+02
% f evaluations | g evaluations | best noise-free fitness - Fopt (1.460000000000e+01) + sum g_i+ | measured fitness | best measured fitness or single-digit g-values | x1 | x2...
1 0 +7.180576069e+01 +8.640576069e+01 +8.640576069e+01
5 0 +6.947704496e+01 +8.407704496e+01 +8.407704496e+01
6 0 +6.086004648e+01 +7.546004648e+01 +7.546004648e+01
12 0 +5.215449010e+01 +6.675449010e+01 +6.675449010e+01
315 0 +4.374362486e+01 +5.834362486e+01 +5.834362486e+01
331 0 +2.984106228e+01 +4.444106228e+01 +4.444106228e+01
333 0 +2.022534886e+01 +3.482534886e+01 +3.482534886e+01
335 0 +1.910733610e+01 +3.370733610e+01 +3.370733610e+01
350 0 +1.715922775e+01 +3.175922775e+01 +3.175922775e+01
351 0 +1.014882703e+01 +2.474882703e+01 +2.474882703e+01
353 0 +6.557285648e+00 +2.115728565e+01 +2.115728565e+01
361 0 +6.178967404e+00 +2.077896740e+01 +2.077896740e+01
371 0 +3.696551677e+00 +1.829655168e+01 +1.829655168e+01
373 0 +3.060613327e+00 +1.766061333e+01 +1.766061333e+01
377 0 +2.390436879e+00 +1.699043688e+01 +1.699043688e+01
410 0 +2.068473179e+00 +1.666847318e+01 +1.666847318e+01
411 0 +1.993682024e+00 +1.659368202e+01 +1.659368202e+01
458 0 +1.757730973e+00 +1.635773097e+01 +1.635773097e+01
563 0 +1.583167438e+00 +1.618316744e+01 +1.618316744e+01
100000 0 +1.563009857e+00 +1.616300986e+01 +1.616300986e+01
% f evaluations | g evaluations | best noise-free fitness - Fopt (-2.550000000000e+01) + sum g_i+ | measured fitness | best measured fitness or single-digit g-values | x1 | x2...
1 0 +7.349727653e+01 +4.799727653e+01 +4.799727653e+01
2 0 +7.067514180e+01 +4.517514180e+01 +4.517514180e+01
3 0 +5.912158461e+01 +3.362158461e+01 +3.362158461e+01
321 0 +4.923254337e+01 +2.373254337e+01 +2.373254337e+01
329 0 +3.265362449e+01 +7.153624493e+00 +7.153624493e+00
338 0 +2.472095273e+01 -7.790472655e-01 -7.790472655e-01
340 0 +1.908089796e+01 -6.419102042e+00 -6.419102042e+00
341 0 +1.433380518e+01 -1.116619482e+01 -1.116619482e+01
349 0 +9.119231786e+00 -1.638076821e+01 -1.638076821e+01
358 0 +6.969740866e+00 -1.853025913e+01 -1.853025913e+01
360 0 +5.854590159e+00 -1.964540984e+01 -1.964540984e+01
361 0 +4.716554102e+00 -2.078344590e+01 -2.078344590e+01
369 0 +3.375519487e+00 -2.212448051e+01 -2.212448051e+01
423 0 +2.796343399e+00 -2.270365660e+01 -2.270365660e+01
428 0 +2.374462289e+00 -2.312553771e+01 -2.312553771e+01
437 0 +2.171814841e+00 -2.332818516e+01 -2.332818516e+01
2820 0 +1.962415642e+00 -2.353758436e+01 -2.353758436e+01
100000 0 +1.803019378e+00 -2.369698062e+01 -2.369698062e+01
% f evaluations | g evaluations | best noise-free fitness - Fopt (-2.799000000000e+01) + sum g_i+ | measured fitness | best measured fitness or single-digit g-values | x1 | x2...
1 0 +7.369167217e+01 +4.570167217e+01 +4.570167217e+01
2 0 +7.325841490e+01 +4.526841490e+01 +4.526841490e+01
3 0 +7.042437322e+01 +4.243437322e+01 +4.243437322e+01
47 0 +6.082030773e+01 +3.283030773e+01 +3.283030773e+01
336 0 +5.380342317e+01 +2.581342317e+01 +2.581342317e+01
338 0 +4.099807079e+01 +1.300807079e+01 +1.300807079e+01
344 0 +3.902722960e+01 +1.103722960e+01 +1.103722960e+01
356 0 +3.215057810e+01 +4.160578105e+00 +4.160578105e+00
358 0 +2.475620812e+01 -3.233791881e+00 -3.233791881e+00
376 0 +2.100246803e+01 -6.987531966e+00 -6.987531966e+00
378 0 +1.848395302e+01 -9.506046976e+00 -9.506046976e+00
406 0 +1.770266155e+01 -1.028733845e+01 -1.028733845e+01
483 0 +1.583584977e+01 -1.215415023e+01 -1.215415023e+01
2596 0 +1.101118102e+01 -1.697881898e+01 -1.697881898e+01
2603 0 +8.013994933e+00 -1.997600507e+01 -1.997600507e+01
2615 0 +7.637812509e+00 -2.035218749e+01 -2.035218749e+01
2627 0 +5.823589207e+00 -2.216641079e+01 -2.216641079e+01
2670 0 +4.976873940e+00 -2.301312606e+01 -2.301312606e+01
2685 0 +3.900908984e+00 -2.408909102e+01 -2.408909102e+01
2697 0 +3.124279925e+00 -2.486572008e+01 -2.486572008e+01
2725 0 +2.628417960e+00 -2.536158204e+01 -2.536158204e+01
2727 0 +2.511539304e+00 -2.547846070e+01 -2.547846070e+01
2846 0 +2.223087809e+00 -2.576691219e+01 -2.576691219e+01
100000 0 +2.118634928e+00 -2.587136507e+01 -2.587136507e+01
% f evaluations | g evaluations | best noise-free fitness - Fopt (-5.112000000000e+01) + sum g_i+ | measured fitness | best measured fitness or single-digit g-values | x1 | x2...
1 0 +5.828875080e+01 +7.168750804e+00 +7.168750804e+00
5 0 +5.102060919e+01 -9.939081115e-02 -9.939081115e-02
7 0 +3.779859655e+01 -1.332140345e+01 -1.332140345e+01
11 0 +3.318144844e+01 -1.793855156e+01 -1.793855156e+01
313 0 +2.919061170e+01 -2.192938830e+01 -2.192938830e+01
318 0 +2.348799351e+01 -2.763200649e+01 -2.763200649e+01
319 0 +2.197218699e+01 -2.914781301e+01 -2.914781301e+01
321 0 +1.147127521e+01 -3.964872479e+01 -3.964872479e+01
327 0 +1.047268632e+01 -4.064731368e+01 -4.064731368e+01
333 0 +7.980838080e+00 -4.313916192e+01 -4.313916192e+01
341 0 +4.729458478e+00 -4.639054152e+01 -4.639054152e+01
366 0 +3.835574713e+00 -4.728442529e+01 -4.728442529e+01
369 0 +3.404271019e+00 -4.771572898e+01 -4.771572898e+01
372 0 +3.120296201e+00 -4.799970380e+01 -4.799970380e+01
378 0 +2.692148968e+00 -4.842785103e+01 -4.842785103e+01
387 0 +2.427081160e+00 -4.869291884e+01 -4.869291884e+01
4776 0 +2.230613455e+00 -4.888938655e+01 -4.888938655e+01
4777 0 +1.852780780e+00 -4.926721922e+01 -4.926721922e+01
4808 0 +1.757924755e+00 -4.936207525e+01 -4.936207525e+01
4813 0 +1.147595115e+00 -4.997240488e+01 -4.997240488e+01
4819 0 +7.689360092e-01 -5.035106399e+01 -5.035106399e+01
4826 0 +4.910723332e-01 -5.062892767e+01 -5.062892767e+01
4836 0 +3.959507143e-01 -5.072404929e+01 -5.072404929e+01
4837 0 +1.980453839e-01 -5.092195462e+01 -5.092195462e+01
4866 0 +1.255834756e-01 -5.099441652e+01 -5.099441652e+01
4876 0 +1.011829534e-01 -5.101881705e+01 -5.101881705e+01
4882 0 +8.043755667e-02 -5.103956244e+01 -5.103956244e+01
4894 0 +7.142229062e-02 -5.104857771e+01 -5.104857771e+01
4903 0 +7.037099889e-02 -5.104962900e+01 -5.104962900e+01
4906 0 +4.491456745e-02 -5.107508543e+01 -5.107508543e+01
4908 0 +3.869205017e-02 -5.108130795e+01 -5.108130795e+01
4910 0 +3.304969861e-02 -5.108695030e+01 -5.108695030e+01
4916 0 +1.898392718e-02 -5.110101607e+01 -5.110101607e+01
4917 0 +1.697286481e-02 -5.110302714e+01 -5.110302714e+01
4946 0 +1.524113844e-02 -5.110475886e+01 -5.110475886e+01
4956 0 +1.287574998e-02 -5.110712425e+01 -5.110712425e+01
4962 0 +1.157137955e-02 -5.110842862e+01 -5.110842862e+01
4972 0 +8.855502964e-03 -5.111114450e+01 -5.111114450e+01
4974 0 +7.199440992e-03 -5.111280056e+01 -5.111280056e+01
4976 0 +4.157828336e-03 -5.111584217e+01 -5.111584217e+01
4980 0 +3.690438028e-03 -5.111630956e+01 -5.111630956e+01
4992 0 +3.346479508e-03 -5.111665352e+01 -5.111665352e+01
4994 0 +2.690822858e-03 -5.111730918e+01 -5.111730918e+01
4996 0 +1.148905957e-03 -5.111885109e+01 -5.111885109e+01
5026 0 +1.052041759e-03 -5.111894796e+01 -5.111894796e+01
5036 0 +9.464410606e-04 -5.111905356e+01 -5.111905356e+01
5046 0 +8.098418798e-04 -5.111919016e+01 -5.111919016e+01
5048 0 +7.717935076e-04 -5.111922821e+01 -5.111922821e+01
5052 0 +5.441582670e-04 -5.111945584e+01 -5.111945584e+01
5054 0 +2.855287668e-04 -5.111971447e+01 -5.111971447e+01
5056 0 +2.551894936e-04 -5.111974481e+01 -5.111974481e+01
5070 0 +2.397780585e-04 -5.111976022e+01 -5.111976022e+01
5074 0 +1.812104743e-04 -5.111981879e+01 -5.111981879e+01
5092 0 +1.396297943e-04 -5.111986037e+01 -5.111986037e+01
5094 0 +1.062930246e-04 -5.111989371e+01 -5.111989371e+01
5103 0 +8.161377892e-05 -5.111991839e+01 -5.111991839e+01
5108 0 +7.085957436e-05 -5.111992914e+01 -5.111992914e+01
5114 0 +2.539866740e-05 -5.111997460e+01 -5.111997460e+01
5122 0 +2.502230519e-05 -5.111997498e+01 -5.111997498e+01
5126 0 +1.098071977e-05 -5.111998902e+01 -5.111998902e+01
5136 0 +9.874951324e-06 -5.111999013e+01 -5.111999013e+01
5152 0 +6.586419580e-06 -5.111999341e+01 -5.111999341e+01
5191 0 +3.863199773e-06 -5.111999614e+01 -5.111999614e+01
5194 0 +2.109503654e-06 -5.111999789e+01 -5.111999789e+01
5225 0 +1.982650005e-06 -5.111999802e+01 -5.111999802e+01
5230 0 +1.707284284e-06 -5.111999829e+01 -5.111999829e+01
5241 0 +1.396875632e-06 -5.111999860e+01 -5.111999860e+01
5243 0 +5.312771805e-07 -5.111999947e+01 -5.111999947e+01
5254 0 +4.094805846e-07 -5.111999959e+01 -5.111999959e+01
5259 0 +2.557370138e-07 -5.111999974e+01 -5.111999974e+01
5270 0 +2.211245373e-07 -5.111999978e+01 -5.111999978e+01
5309 0 +1.827024718e-07 -5.111999982e+01 -5.111999982e+01
5318 0 +1.606683071e-07 -5.111999984e+01 -5.111999984e+01
5319 0 +1.386830633e-07 -5.111999986e+01 -5.111999986e+01
5323 0 +4.962528521e-08 -5.111999995e+01 -5.111999995e+01
5334 0 +4.306281198e-08 -5.111999996e+01 -5.111999996e+01
5376 0 +3.763894796e-08 -5.111999996e+01 -5.111999996e+01
5383 0 +2.175737990e-08 -5.111999998e+01 -5.111999998e+01
5386 0 +1.233111391e-08 -5.111999999e+01 -5.111999999e+01
5396 0 +1.099348879e-08 -5.111999999e+01 -5.111999999e+01
5403 0 +9.004118340e-09 -5.111999999e+01 -5.111999999e+01
5696 0 +8.952838471e-13 -5.112000000e+01 -5.112000000e+01
100000 0 +7.105427358e-15 -5.112000000e+01 -5.112000000e+01
% f evaluations | g evaluations | best noise-free fitness - Fopt (-4.336200000000e+02) + sum g_i+ | measured fitness | best measured fitness or single-digit g-values | x1 | x2...
1 0 +7.771399559e+01 -3.559060044e+02 -3.559060044e+02
2 0 +7.663472587e+01 -3.569852741e+02 -3.569852741e+02
3 0 +6.899733326e+01 -3.646226667e+02 -3.646226667e+02
36 0 +6.184694202e+01 -3.717730580e+02 -3.717730580e+02
60 0 +4.992886584e+01 -3.836911342e+02 -3.836911342e+02
329 0 +4.329593673e+01 -3.903240633e+02 -3.903240633e+02
333 0 +3.408008969e+01 -3.995399103e+02 -3.995399103e+02
337 0 +2.359656257e+01 -4.100234374e+02 -4.100234374e+02
348 0 +2.195258719e+01 -4.116674128e+02 -4.116674128e+02
357 0 +1.520805648e+01 -4.184119435e+02 -4.184119435e+02
360 0 +1.365887684e+01 -4.199611232e+02 -4.199611232e+02
384 0 +1.244522625e+01 -4.211747738e+02 -4.211747738e+02
394 0 +1.103169644e+01 -4.225883036e+02 -4.225883036e+02
397 0 +9.840874664e+00 -4.237791253e+02 -4.237791253e+02
404 0 +8.614676452e+00 -4.250053235e+02 -4.250053235e+02
417 0 +7.921080585e+00 -4.256989194e+02 -4.256989194e+02
549 0 +7.073104715e+00 -4.265468953e+02 -4.265468953e+02
98150 0 +6.298981501e+00 -4.273210185e+02 -4.273210185e+02
98262 0 +5.616492145e+00 -4.280035079e+02 -4.280035079e+02
98402 0 +5.008186487e+00 -4.286118135e+02 -4.286118135e+02
98523 0 +4.451192364e+00 -4.291688076e+02 -4.291688076e+02
98823 0 +3.966527065e+00 -4.296534729e+02 -4.296534729e+02
100000 0 +3.673825532e+00 -4.299461745e+02 -4.299461745e+02
% f evaluations | g evaluations | best noise-free fitness - Fopt (1.088800000000e+02) + sum g_i+ | measured fitness | best measured fitness or single-digit g-values | x1 | x2...
1 0 +6.719441485e+01 +1.760744148e+02 +1.760744148e+02
2 0 +6.649250399e+01 +1.753725040e+02 +1.753725040e+02
17 0 +5.638777533e+01 +1.652677753e+02 +1.652677753e+02
20 0 +2.318796596e+01 +1.320679660e+02 +1.320679660e+02
318 0 +1.717152543e+01 +1.260515254e+02 +1.260515254e+02
320 0 +9.262241512e+00 +1.181422415e+02 +1.181422415e+02
328 0 +8.207286176e+00 +1.170872862e+02 +1.170872862e+02
329 0 +4.000931751e+00 +1.128809318e+02 +1.128809318e+02
331 0 +1.927032158e+00 +1.108070322e+02 +1.108070322e+02
338 0 +1.766293628e+00 +1.106462936e+02 +1.106462936e+02
349 0 +5.473469508e-01 +1.094273470e+02 +1.094273470e+02
351 0 +4.655875521e-01 +1.093455876e+02 +1.093455876e+02
362 0 +1.438002787e-01 +1.090238003e+02 +1.090238003e+02
375 0 +1.341243541e-01 +1.090141244e+02 +1.090141244e+02
407 0 +1.000530528e-01 +1.089800531e+02 +1.089800531e+02
416 0 +8.026802162e-02 +1.089602680e+02 +1.089602680e+02
421 0 +7.239315257e-02 +1.089523932e+02 +1.089523932e+02
437 0 +5.801310687e-02 +1.089380131e+02 +1.089380131e+02
463 0 +3.913615251e-02 +1.089191362e+02 +1.089191362e+02
465 0 +3.186105538e-02 +1.089118611e+02 +1.089118611e+02
474 0 +2.195799523e-02 +1.089019580e+02 +1.089019580e+02
480 0 +6.973301014e-03 +1.088869733e+02 +1.088869733e+02
488 0 +5.010018693e-03 +1.088850100e+02 +1.088850100e+02
489 0 +4.305973753e-03 +1.088843060e+02 +1.088843060e+02
491 0 +3.882653308e-03 +1.088838827e+02 +1.088838827e+02
502 0 +2.144050086e-03 +1.088821441e+02 +1.088821441e+02
527 0 +1.404210529e-03 +1.088814042e+02 +1.088814042e+02
541 0 +1.045933349e-03 +1.088810459e+02 +1.088810459e+02
543 0 +9.446655324e-04 +1.088809447e+02 +1.088809447e+02
557 0 +8.377710236e-04 +1.088808378e+02 +1.088808378e+02
593 0 +6.140609996e-04 +1.088806141e+02 +1.088806141e+02
600 0 +2.741714046e-04 +1.088802742e+02 +1.088802742e+02
610 0 +2.225568260e-04 +1.088802226e+02 +1.088802226e+02
613 0 +1.262419182e-04 +1.088801262e+02 +1.088801262e+02
663 0 +1.247658098e-04 +1.088801248e+02 +1.088801248e+02
670 0 +1.028946978e-04 +1.088801029e+02 +1.088801029e+02
671 0 +9.410173293e-05 +1.088800941e+02 +1.088800941e+02
673 0 +8.802473859e-05 +1.088800880e+02 +1.088800880e+02
680 0 +4.094267291e-05 +1.088800409e+02 +1.088800409e+02
687 0 +3.891867760e-05 +1.088800389e+02 +1.088800389e+02
695 0 +3.369519386e-05 +1.088800337e+02 +1.088800337e+02
697 0 +2.989574621e-05 +1.088800299e+02 +1.088800299e+02
702 0 +2.719417824e-05 +1.088800272e+02 +1.088800272e+02
711 0 +2.463164606e-05 +1.088800246e+02 +1.088800246e+02
713 0 +7.922394303e-06 +1.088800079e+02 +1.088800079e+02
753 0 +6.748782070e-06 +1.088800067e+02 +1.088800067e+02
760 0 +4.578470737e-06 +1.088800046e+02 +1.088800046e+02
773 0 +4.301333504e-06 +1.088800043e+02 +1.088800043e+02
780 0 +2.998400831e-06 +1.088800030e+02 +1.088800030e+02
793 0 +2.434672552e-06 +1.088800024e+02 +1.088800024e+02
797 0 +2.010956095e-06 +1.088800020e+02 +1.088800020e+02
806 0 +1.816789137e-06 +1.088800018e+02 +1.088800018e+02
807 0 +1.748108318e-06 +1.088800017e+02 +1.088800017e+02
828 0 +1.583690178e-06 +1.088800016e+02 +1.088800016e+02
831 0 +1.255974936e-06 +1.088800013e+02 +1.088800013e+02
842 0 +1.086472494e-06 +1.088800011e+02 +1.088800011e+02
860 0 +7.994600253e-07 +1.088800008e+02 +1.088800008e+02
871 0 +5.276485098e-07 +1.088800005e+02 +1.088800005e+02
887 0 +3.472363943e-07 +1.088800003e+02 +1.088800003e+02
891 0 +2.463662980e-07 +1.088800002e+02 +1.088800002e+02
926 0 +2.047945031e-07 +1.088800002e+02 +1.088800002e+02
929 0 +1.995059336e-07 +1.088800002e+02 +1.088800002e+02
937 0 +1.765578901e-07 +1.088800002e+02 +1.088800002e+02
942 0 +1.082614318e-07 +1.088800001e+02 +1.088800001e+02
943 0 +9.687549607e-08 +1.088800001e+02 +1.088800001e+02
960 0 +5.309115636e-08 +1.088800001e+02 +1.088800001e+02
962 0 +3.612291266e-08 +1.088800000e+02 +1.088800000e+02
977 0 +3.423673434e-08 +1.088800000e+02 +1.088800000e+02
1028 0 +2.937498778e-08 +1.088800000e+02 +1.088800000e+02
1031 0 +2.422173395e-08 +1.088800000e+02 +1.088800000e+02
1033 0 +2.234332896e-08 +1.088800000e+02 +1.088800000e+02
1038 0 +1.938622063e-08 +1.088800000e+02 +1.088800000e+02
1040 0 +1.429265239e-08 +1.088800000e+02 +1.088800000e+02
1042 0 +1.251927984e-08 +1.088800000e+02 +1.088800000e+02
1053 0 +9.776954357e-09 +1.088800000e+02 +1.088800000e+02
1406 0 +6.963318810e-13 +1.088800000e+02 +1.088800000e+02
100000 0 +1.421085472e-14 +1.088800000e+02 +1.088800000e+02
% f evaluations | g evaluations | best noise-free fitness - Fopt (1.112000000000e+01) + sum g_i+ | measured fitness | best measured fitness or single-digit g-values | x1 | x2...
1 0 +7.244568350e+01 +8.356568350e+01 +8.356568350e+01
2 0 +6.947762127e+01 +8.059762127e+01 +8.059762127e+01
39 0 +6.009985819e+01 +7.121985819e+01 +7.121985819e+01
318 0 +5.557951456e+01 +6.669951456e+01 +6.669951456e+01
323 0 +4.438842142e+01 +5.550842142e+01 +5.550842142e+01
331 0 +2.532920238e+01 +3.644920238e+01 +3.644920238e+01
343 0 +2.349636241e+01 +3.461636241e+01 +3.461636241e+01
348 0 +2.089075908e+01 +3.201075908e+01 +3.201075908e+01
351 0 +1.285476772e+01 +2.397476772e+01 +2.397476772e+01
383 0 +1.246747601e+01 +2.358747601e+01 +2.358747601e+01
390 0 +1.115583102e+01 +2.227583102e+01 +2.227583102e+01
415 0 +9.804149783e+00 +2.092414978e+01 +2.092414978e+01
75662 0 +7.859838687e+00 +1.897983869e+01 +1.897983869e+01
75671 0 +3.847775896e+00 +1.496777590e+01 +1.496777590e+01
75691 0 +2.906021872e+00 +1.402602187e+01 +1.402602187e+01
75702 0 +2.787697848e+00 +1.390769785e+01 +1.390769785e+01
75704 0 +2.369410054e+00 +1.348941005e+01 +1.348941005e+01
75753 0 +2.096414289e+00 +1.321641429e+01 +1.321641429e+01
75765 0 +1.951951645e+00 +1.307195164e+01 +1.307195164e+01
100000 0 +1.803019378e+00 +1.292301938e+01 +1.292301938e+01
