% f evaluations | g evaluations | best noise-free fitness - Fopt (4.078000000000e+01) + sum g_i+ | measured fitness | best measured fitness or single-digit g-values | x1 | x2...
1 0 +1.352046650e+01 +5.430046650e+01 +5.430046650e+01 +0.0000e+00 +0.0000e+00
2 0 +6.498098159e+00 +4.727809816e+01 +4.727809816e+01 -2.9289e+00 +0.0000e+00
14 0 +2.273554969e+00 +4.305355497e+01 +4.305355497e+01 -2.1231e+00 -2.9289e+00
26 0 +1.461661271e+00 +4.224166127e+01 +4.224166127e+01 -1.5390e+00 -8.0583e-01
28 0 +2.346728417e-02 +4.080346728e+01 +4.080346728e+01 -2.8856e+00 -2.1524e+00
2588 0 +1.717326009e-02 +4.079717326e+01 +4.079717326e+01 -2.1076e+00 -1.4312e+00
2598 0 +1.463764250e-02 +4.079463764e+01 +4.079463764e+01 -2.1076e+00 -1.4938e+00
2600 0 +9.688137215e-03 +4.078968814e+01 +4.078968814e+01 -2.1702e+00 -1.4938e+00
2604 0 +3.619045999e-03 +4.078361905e+01 +4.078361905e+01 -2.2327e+00 -1.5563e+00
2614 0 +2.345103762e-03 +4.078234510e+01 +4.078234510e+01 -2.2640e+00 -1.5876e+00
2616 0 +2.032649468e-03 +4.078203265e+01 +4.078203265e+01 -2.2953e+00 -1.5876e+00
2618 0 +9.994451942e-04 +4.078099945e+01 +4.078099945e+01 -2.2953e+00 -1.6189e+00
2622 0 +7.616896154e-04 +4.078076169e+01 +4.078076169e+01 -2.3265e+00 -1.6501e+00
2624 0 +4.050654637e-04 +4.078040507e+01 +4.078040507e+01 -2.3578e+00 -1.6501e+00
2626 0 +3.414642873e-04 +4.078034146e+01 +4.078034146e+01 -2.3578e+00 -1.6814e+00
2628 0 +1.530781117e-04 +4.078015308e+01 +4.078015308e+01 -2.3891e+00 -1.6814e+00
2638 0 +1.341770201e-04 +4.078013418e+01 +4.078013418e+01 -2.3891e+00 -1.6970e+00
2640 0 +8.573510665e-05 +4.078008574e+01 +4.078008574e+01 -2.4047e+00 -1.6970e+00
2650 0 +6.105462847e-05 +4.078006105e+01 +4.078006105e+01 -2.4125e+00 -1.7048e+00
2652 0 +5.505673722e-05 +4.078005506e+01 +4.078005506e+01 -2.4203e+00 -1.7048e+00
2654 0 +3.794170195e-05 +4.078003794e+01 +4.078003794e+01 -2.4203e+00 -1.7127e+00
2656 0 +3.271815616e-05 +4.078003272e+01 +4.078003272e+01 -2.4281e+00 -1.7127e+00
2658 0 +2.762578804e-05 +4.078002763e+01 +4.078002763e+01 -2.4281e+00 -1.7205e+00
2662 0 +2.326453149e-05 +4.078002326e+01 +4.078002326e+01 -2.4360e+00 -1.7283e+00
2664 0 +1.606119503e-05 +4.078001606e+01 +4.078001606e+01 -2.4438e+00 -1.7283e+00
2666 0 +1.378139543e-05 +4.078001378e+01 +4.078001378e+01 -2.4438e+00 -1.7361e+00
2668 0 +7.259075957e-06 +4.078000726e+01 +4.078000726e+01 -2.4516e+00 -1.7361e+00
2674 0 +5.921843723e-06 +4.078000592e+01 +4.078000592e+01 -2.4594e+00 -1.7439e+00
2676 0 +5.267780772e-06 +4.078000527e+01 +4.078000527e+01 -2.4672e+00 -1.7439e+00
2678 0 +2.296872651e-06 +4.078000230e+01 +4.078000230e+01 -2.4672e+00 -1.7518e+00
2680 0 +1.724905808e-06 +4.078000172e+01 +4.078000172e+01 -2.4751e+00 -1.7518e+00
2682 0 +1.518613779e-06 +4.078000152e+01 +4.078000152e+01 -2.4751e+00 -1.7596e+00
2684 0 +6.849560208e-07 +4.078000068e+01 +4.078000068e+01 -2.4829e+00 -1.7596e+00
2694 0 +5.109377099e-07 +4.078000051e+01 +4.078000051e+01 -2.4829e+00 -1.7635e+00
2696 0 +3.913858819e-07 +4.078000039e+01 +4.078000039e+01 -2.4868e+00 -1.7635e+00
2698 0 +3.363561376e-07 +4.078000034e+01 +4.078000034e+01 -2.4868e+00 -1.7674e+00
2700 0 +1.966615173e-07 +4.078000020e+01 +4.078000020e+01 -2.4907e+00 -1.7674e+00
2710 0 +1.464787545e-07 +4.078000015e+01 +4.078000015e+01 -2.4926e+00 -1.7693e+00
2712 0 +1.399980505e-07 +4.078000014e+01 +4.078000014e+01 -2.4946e+00 -1.7693e+00
2714 0 +8.572419574e-08 +4.078000009e+01 +4.078000009e+01 -2.4946e+00 -1.7713e+00
2716 0 +7.349539999e-08 +4.078000007e+01 +4.078000007e+01 -2.4966e+00 -1.7713e+00
2718 0 +5.183153462e-08 +4.078000005e+01 +4.078000005e+01 -2.4966e+00 -1.7733e+00
2720 0 +4.814246068e-08 +4.078000005e+01 +4.078000005e+01 -2.4985e+00 -1.7733e+00
2722 0 +4.346932059e-08 +4.078000004e+01 +4.078000004e+01 -2.4985e+00 -1.7752e+00
2724 0 +2.938892152e-08 +4.078000003e+01 +4.078000003e+01 -2.5005e+00 -1.7752e+00
2726 0 +2.261881349e-08 +4.078000002e+01 +4.078000002e+01 -2.5005e+00 -1.7772e+00
2728 0 +1.217167522e-08 +4.078000001e+01 +4.078000001e+01 -2.5024e+00 -1.7772e+00
2738 0 +1.112435655e-08 +4.078000001e+01 +4.078000001e+01 -2.5034e+00 -1.7781e+00
2742 0 +6.894104843e-09 +4.078000001e+01 +4.078000001e+01 -2.5044e+00 -1.7791e+00
2840 0 +7.744915820e-13 +4.078000000e+01 +4.078000000e+01 -2.5138e+00 -1.7866e+00
20000 0 +7.105427358e-15 +4.078000000e+01 +4.078000000e+01 -2.5145e+00 -1.7872e+00
% f evaluations | g evaluations | best noise-free fitness - Fopt (-1.600000000000e+00) + sum g_i+ | measured fitness | best measured fitness or single-digit g-values | x1 | x2...
1 0 +1.007714199e+01 +8.477141989e+00 +8.477141989e+00 +0.0000e+00 +0.0000e+00
3 0 +8.566725068e+00 +6.966725068e+00 +6.966725068e+00 -3.6612e-01 +2.5628e+00
5 0 +7.941825057e+00 +6.341825057e+00 +6.341825057e+00 +2.9289e+00 +0.0000e+00
7 0 +5.042238049e+00 +3.442238049e+00 +3.442238049e+00 +3.6612e-01 -2.5628e+00
8 0 +3.805269306e+00 +2.205269306e+00 +2.205269306e+00 +0.0000e+00 -2.9289e+00
26 0 +3.031597764e+00 +1.431597764e+00 +1.431597764e+00 -1.5390e+00 +8.0583e-01
6269 0 +2.475887614e+00 +8.758876140e-01 +8.758876140e-01 +3.8486e+00 +2.4217e+00
6276 0 +2.179010760e+00 +5.790107603e-01 +5.790107603e-01 +3.5984e+00 +2.1716e+00
10861 0 +1.978926408e+00 +3.789264079e-01 +3.789264079e-01 -1.1357e+00 +5.5566e-01
12658 0 +1.546049174e-01 -1.445395083e+00 -1.445395083e+00 +8.3142e-01 -1.8260e+00
17090 0 +2.462320123e-02 -1.575376799e+00 -1.575376799e+00 +1.5390e+00 -2.1190e+00
17102 0 +1.756127108e-02 -1.582438729e+00 -1.582438729e+00 +1.2888e+00 -2.1190e+00
17113 0 +6.283060776e-04 -1.599371694e+00 -1.599371694e+00 +1.2888e+00 -1.9940e+00
17114 0 +4.161549806e-05 -1.599958385e+00 -1.599958385e+00 +1.1637e+00 -1.9940e+00
17118 0 +2.986715993e-05 -1.599970133e+00 -1.599970133e+00 +1.0387e+00 -1.9940e+00
17127 0 +2.102530026e-05 -1.599978975e+00 -1.599978975e+00 +1.1012e+00 -1.9940e+00
17136 0 +9.495061259e-06 -1.599990505e+00 -1.599990505e+00 +1.1012e+00 -2.0252e+00
17139 0 +5.742023900e-06 -1.599994258e+00 -1.599994258e+00 +1.1325e+00 -2.0252e+00
17143 0 +4.977444879e-06 -1.599995023e+00 -1.599995023e+00 +1.1637e+00 -2.0252e+00
17153 0 +1.845597628e-07 -1.599999815e+00 -1.599999815e+00 +1.1481e+00 -2.0096e+00
17154 0 +2.086610773e-08 -1.599999979e+00 -1.599999979e+00 +1.1325e+00 -2.0096e+00
17158 0 +1.269299887e-08 -1.599999987e+00 -1.599999987e+00 +1.1168e+00 -2.0096e+00
17167 0 +1.168633923e-08 -1.599999988e+00 -1.599999988e+00 +1.1247e+00 -2.0096e+00
17176 0 +8.179221744e-10 -1.599999999e+00 -1.599999999e+00 +1.1247e+00 -2.0135e+00
17198 0 +3.270717031e-13 -1.600000000e+00 -1.600000000e+00 +1.1295e+00 -2.0125e+00
17202 0 +0.000000000e+00 -1.600000000e+00 -1.600000000e+00 +1.1286e+00 -2.0125e+00
20000 0 +0.000000000e+00 -1.600000000e+00 -1.600000000e+00 +1.1286e+00 -2.0125e+00
% f evaluations | g evaluations | best noise-free fitness - Fopt (-3.708400000000e+02) + sum g_i+ | measured fitness | best measured fitness or single-digit g-values | x1 | x2...
1 0 +1.459683778e+01 -3.562431622e+02 -3.562431622e+02 +0.0000e+00 +0.0000e+00
9 0 +5.184451821e-01 -3.703215548e+02 -3.703215548e+02 +2.5628e+00 -3.6612e-01
18 0 +1.694655269e-01 -3.706705345e+02 -3.706705345e+02 +3.9808e+00 -1.0712e+00
4085 0 +1.035720195e-01 -3.707364280e+02 -3.707364280e+02 +2.3284e+00 -4.9750e-01
4089 0 +8.028488538e-02 -3.707597151e+02 -3.707597151e+02 +2.5785e+00 -4.9750e-01
4096 0 +6.873760399e-02 -3.707712624e+02 -3.707712624e+02 +2.4535e+00 -4.9750e-01
4106 0 +4.939398244e-02 -3.707906060e+02 -3.707906060e+02 +2.4535e+00 -5.6004e-01
4109 0 +3.547598980e-02 -3.708045240e+02 -3.708045240e+02 +2.5160e+00 -5.6004e-01
4113 0 +2.778805863e-02 -3.708122119e+02 -3.708122119e+02 +2.5785e+00 -5.6004e-01
4114 0 +2.123171152e-02 -3.708187683e+02 -3.708187683e+02 +2.5785e+00 -6.2259e-01
4117 0 +1.401055176e-02 -3.708259894e+02 -3.708259894e+02 +2.6411e+00 -6.2259e-01
4121 0 +1.042427037e-02 -3.708295757e+02 -3.708295757e+02 +2.7036e+00 -6.2259e-01
4126 0 +3.703274764e-03 -3.708362967e+02 -3.708362967e+02 +2.7662e+00 -6.8513e-01
4129 0 +2.074086834e-03 -3.708379259e+02 -3.708379259e+02 +2.8287e+00 -6.8513e-01
4133 0 +1.858619222e-03 -3.708381414e+02 -3.708381414e+02 +2.8912e+00 -6.8513e-01
4134 0 +9.512899240e-04 -3.708390487e+02 -3.708390487e+02 +2.8912e+00 -7.4767e-01
4137 0 +1.811560683e-04 -3.708398188e+02 -3.708398188e+02 +2.9538e+00 -7.4767e-01
4141 0 +1.338701792e-04 -3.708398661e+02 -3.708398661e+02 +3.0163e+00 -7.4767e-01
4148 0 +1.034600815e-04 -3.708398965e+02 -3.708398965e+02 +2.9850e+00 -7.4767e-01
4158 0 +8.214500440e-05 -3.708399179e+02 -3.708399179e+02 +2.9850e+00 -7.6330e-01
4161 0 +4.151369183e-05 -3.708399585e+02 -3.708399585e+02 +3.0007e+00 -7.6330e-01
4165 0 +2.919712375e-05 -3.708399708e+02 -3.708399708e+02 +3.0163e+00 -7.6330e-01
4174 0 +2.178340475e-05 -3.708399782e+02 -3.708399782e+02 +3.0241e+00 -7.7112e-01
4177 0 +1.711540091e-05 -3.708399829e+02 -3.708399829e+02 +3.0320e+00 -7.7112e-01
4178 0 +1.216453876e-05 -3.708399878e+02 -3.708399878e+02 +3.0320e+00 -7.7894e-01
4181 0 +7.029673043e-06 -3.708399930e+02 -3.708399930e+02 +3.0398e+00 -7.7894e-01
4189 0 +3.277417761e-06 -3.708399967e+02 -3.708399967e+02 +3.0554e+00 -7.8675e-01
4193 0 +1.753644824e-06 -3.708399982e+02 -3.708399982e+02 +3.0632e+00 -7.8675e-01
4198 0 +1.258943655e-06 -3.708399987e+02 -3.708399987e+02 +3.0710e+00 -7.9457e-01
4201 0 +4.285022328e-07 -3.708399996e+02 -3.708399996e+02 +3.0789e+00 -7.9457e-01
4205 0 +2.936225769e-07 -3.708399997e+02 -3.708399997e+02 +3.0867e+00 -7.9457e-01
4214 0 +1.714586801e-07 -3.708399998e+02 -3.708399998e+02 +3.0867e+00 -7.9848e-01
4217 0 +9.502423381e-08 -3.708399999e+02 -3.708399999e+02 +3.0906e+00 -7.9848e-01
4221 0 +7.454696060e-08 -3.708399999e+02 -3.708399999e+02 +3.0945e+00 -7.9848e-01
4222 0 +4.986770819e-08 -3.708400000e+02 -3.708400000e+02 +3.0945e+00 -8.0239e-01
4225 0 +1.530895588e-08 -3.708400000e+02 -3.708400000e+02 +3.0984e+00 -8.0239e-01
4229 0 +1.186259624e-08 -3.708400000e+02 -3.708400000e+02 +3.1023e+00 -8.0239e-01
4238 0 +6.648861017e-09 -3.708400000e+02 -3.708400000e+02 +3.1023e+00 -8.0434e-01
4284 0 +5.684341886e-13 -3.708400000e+02 -3.708400000e+02 +3.1135e+00 -8.0825e-01
4746 0 +0.000000000e+00 -3.708400000e+02 -3.708400000e+02 +3.1143e+00 -8.0853e-01
20000 0 +0.000000000e+00 -3.708400000e+02 -3.708400000e+02 +3.1143e+00 -8.0853e-01
% f evaluations | g evaluations | best noise-free fitness - Fopt (-3.256000000000e+01) + sum g_i+ | measured fitness | best measured fitness or single-digit g-values | x1 | x2...
1 0 +6.163143595e+00 -2.639685640e+01 -2.639685640e+01 +0.0000e+00 +0.0000e+00
11 0 +5.807787462e+00 -2.675221254e+01 -2.675221254e+01 +0.0000e+00 +2.9289e+00
18 0 +1.978530040e+00 -3.058146996e+01 -3.058146996e+01 +1.0519e+00 +1.8577e+00
4460 0 +1.746773580e+00 -3.081322642e+01 -3.081322642e+01 -2.6093e+00 -5.4272e-01
4466 0 +1.544887937e+00 -3.101511206e+01 -3.101511206e+01 -2.4843e+00 -4.8017e-01
4472 0 +1.385893743e+00 -3.117410626e+01 -3.117410626e+01 -2.4217e+00 -3.5509e-01
4478 0 +1.197423163e+00 -3.136257684e+01 -3.136257684e+01 -2.2966e+00 -2.9255e-01
4482 0 +1.112500564e+00 -3.144749944e+01 -3.144749944e+01 -2.2341e+00 -2.3001e-01
4514 0 +9.956860871e-01 -3.156431391e+01 -3.156431391e+01 -2.1403e+00 -1.2057e-01
8523 0 +2.674589038e-01 -3.229254110e+01 -3.229254110e+01 +1.6187e+00 -2.5396e+00
8533 0 +9.892777121e-02 -3.246107223e+01 -3.246107223e+01 +1.6187e+00 -2.7898e+00
8535 0 +8.570011886e-02 -3.247429988e+01 -3.247429988e+01 +1.3686e+00 -2.7898e+00
8537 0 +1.716019492e-02 -3.254283981e+01 -3.254283981e+01 +1.3686e+00 -3.0400e+00
8543 0 +1.490455074e-03 -3.255850954e+01 -3.255850954e+01 +1.2435e+00 -3.0400e+00
8553 0 +1.242107102e-03 -3.255875789e+01 -3.255875789e+01 +1.2435e+00 -3.1025e+00
8555 0 +4.450104336e-04 -3.255955499e+01 -3.255955499e+01 +1.1809e+00 -3.1025e+00
8565 0 +2.171017901e-04 -3.255978290e+01 -3.255978290e+01 +1.1809e+00 -3.1338e+00
8569 0 +7.817499048e-05 -3.255992183e+01 -3.255992183e+01 +1.1497e+00 -3.1650e+00
8575 0 +4.569107490e-05 -3.255995431e+01 -3.255995431e+01 +1.1340e+00 -3.1650e+00
8577 0 +3.437182853e-05 -3.255996563e+01 -3.255996563e+01 +1.1340e+00 -3.1807e+00
8579 0 +2.495866291e-05 -3.255997504e+01 -3.255997504e+01 +1.1184e+00 -3.1807e+00
8581 0 +2.119396140e-05 -3.255997881e+01 -3.255997881e+01 +1.1184e+00 -3.1963e+00
8583 0 +7.286709135e-06 -3.255999271e+01 -3.255999271e+01 +1.1028e+00 -3.1963e+00
8585 0 +6.680068601e-06 -3.255999332e+01 -3.255999332e+01 +1.1028e+00 -3.2119e+00
8587 0 +2.332023804e-06 -3.255999767e+01 -3.255999767e+01 +1.0871e+00 -3.2119e+00
8591 0 +5.187067558e-07 -3.255999948e+01 -3.255999948e+01 +1.0715e+00 -3.2276e+00
8607 0 +3.933738810e-07 -3.255999961e+01 -3.255999961e+01 +1.0754e+00 -3.2276e+00
8609 0 +3.052101434e-07 -3.255999969e+01 -3.255999969e+01 +1.0754e+00 -3.2315e+00
8611 0 +2.076412002e-07 -3.255999979e+01 -3.255999979e+01 +1.0715e+00 -3.2315e+00
8613 0 +1.687379765e-07 -3.255999983e+01 -3.255999983e+01 +1.0715e+00 -3.2354e+00
8615 0 +1.026672152e-07 -3.255999990e+01 -3.255999990e+01 +1.0676e+00 -3.2354e+00
8617 0 +6.565971944e-08 -3.255999993e+01 -3.255999993e+01 +1.0676e+00 -3.2393e+00
8619 0 +4.611813864e-08 -3.255999995e+01 -3.255999995e+01 +1.0637e+00 -3.2393e+00
8621 0 +3.522351477e-08 -3.255999996e+01 -3.255999996e+01 +1.0637e+00 -3.2432e+00
8623 0 +1.213706469e-08 -3.255999999e+01 -3.255999999e+01 +1.0598e+00 -3.2432e+00
8627 0 +3.053401088e-09 -3.256000000e+01 -3.256000000e+01 +1.0558e+00 -3.2471e+00
8675 0 +8.313350008e-13 -3.256000000e+01 -3.256000000e+01 +1.0510e+00 -3.2535e+00
10054 0 +0.000000000e+00 -3.256000000e+01 -3.256000000e+01 +1.0498e+00 -3.2547e+00
20011 0 +0.000000000e+00 -3.256000000e+01 -3.256000000e+01 +1.0498e+00 -3.2547e+00
% f evaluations | g evaluations | best noise-free fitness - Fopt (5.154000000000e+02) + sum g_i+ | measured fitness | best measured fitness or single-digit g-values | x1 | x2...
1 0 +9.553941812e+00 +5.249539418e+02 +5.249539418e+02 +0.0000e+00 +0.0000e+00
3 0 +5.743780003e+00 +5.211437800e+02 +5.211437800e+02 -3.6612e-01 +2.5628e+00
18 0 +5.182223319e+00 +5.205822233e+02 +5.205822233e+02 +3.9808e+00 +4.7866e+00
20 0 +3.983452819e+00 +5.193834528e+02 +5.193834528e+02 +0.0000e+00 +8.0583e-01
28 0 +2.760039763e-02 +5.154276004e+02 +5.154276004e+02 -2.8856e+00 -5.4078e-01
7441 0 +1.690996088e-02 +5.154169100e+02 +5.154169100e+02 -3.1169e+00 -5.4116e-01
7465 0 +1.534487138e-02 +5.154153449e+02 +5.154153449e+02 -3.0543e+00 -5.4116e-01
7467 0 +7.345362712e-03 +5.154073454e+02 +5.154073454e+02 -3.0543e+00 -6.0370e-01
7469 0 +3.726728438e-03 +5.154037267e+02 +5.154037267e+02 -3.1169e+00 -6.0370e-01
7473 0 +3.540068505e-03 +5.154035401e+02 +5.154035401e+02 -3.1794e+00 -6.0370e-01
7477 0 +8.316852852e-04 +5.154008317e+02 +5.154008317e+02 -3.2419e+00 -6.6624e-01
7481 0 +2.250023308e-04 +5.154002250e+02 +5.154002250e+02 -3.3045e+00 -6.6624e-01
7489 0 +2.024724566e-04 +5.154002025e+02 +5.154002025e+02 -3.3358e+00 -6.6624e-01
7491 0 +1.180574120e-04 +5.154001181e+02 +5.154001181e+02 -3.3358e+00 -6.9751e-01
7493 0 +2.815918901e-05 +5.154000282e+02 +5.154000282e+02 -3.3670e+00 -6.9751e-01
7497 0 +1.155558596e-05 +5.154000116e+02 +5.154000116e+02 -3.3983e+00 -6.9751e-01
7507 0 +1.100984161e-05 +5.154000110e+02 +5.154000110e+02 -3.3983e+00 -7.1314e-01
7509 0 +3.128663479e-06 +5.154000031e+02 +5.154000031e+02 -3.4139e+00 -7.1314e-01
7513 0 +9.814780242e-07 +5.154000010e+02 +5.154000010e+02 -3.4296e+00 -7.1314e-01
7521 0 +7.341102446e-07 +5.154000007e+02 +5.154000007e+02 -3.4374e+00 -7.1314e-01
7523 0 +5.246649835e-07 +5.154000005e+02 +5.154000005e+02 -3.4374e+00 -7.2096e-01
7525 0 +1.532586111e-07 +5.154000002e+02 +5.154000002e+02 -3.4452e+00 -7.2096e-01
7529 0 +4.814205568e-08 +5.154000000e+02 +5.154000000e+02 -3.4530e+00 -7.2096e-01
7543 0 +2.265744570e-08 +5.154000000e+02 +5.154000000e+02 -3.4550e+00 -7.2291e-01
7545 0 +1.370574410e-08 +5.154000000e+02 +5.154000000e+02 -3.4569e+00 -7.2291e-01
7549 0 +1.231012448e-08 +5.154000000e+02 +5.154000000e+02 -3.4589e+00 -7.2291e-01
7551 0 +1.071293809e-08 +5.154000000e+02 +5.154000000e+02 -3.4589e+00 -7.2487e-01
7553 0 +3.973582352e-09 +5.154000000e+02 +5.154000000e+02 -3.4608e+00 -7.2487e-01
7609 0 +5.684341886e-13 +5.154000000e+02 +5.154000000e+02 -3.4713e+00 -7.2829e-01
20000 0 +1.136868377e-13 +5.154000000e+02 +5.154000000e+02 -3.4733e+00 -7.2900e-01
% f evaluations | g evaluations | best noise-free fitness - Fopt (1.559800000000e+02) + sum g_i+ | measured fitness | best measured fitness or single-digit g-values | x1 | x2...
1 0 +1.064272413e+01 +1.666227241e+02 +1.666227241e+02 +0.0000e+00 +0.0000e+00
2 0 +2.501888190e+00 +1.584818882e+02 +1.584818882e+02 -2.9289e+00 +0.0000e+00
27 0 +2.110000576e+00 +1.580900006e+02 +1.580900006e+02 -9.9820e-01 +1.3466e+00
2320 0 +1.966856180e+00 +1.579468562e+02 +1.579468562e+02 -1.4894e+00 +2.6546e+00
13048 0 +1.776991547e+00 +1.577569915e+02 +1.577569915e+02 +8.6275e-01 +2.9516e+00
13132 0 +1.580211423e+00 +1.575602114e+02 +1.575602114e+02 +1.0269e+00 +3.0767e+00
13200 0 +1.410438158e+00 +1.573904382e+02 +1.573904382e+02 +1.1598e+00 +3.1783e+00
13268 0 +1.255881440e+00 +1.572358814e+02 +1.572358814e+02 +1.2927e+00 +3.2800e+00
13354 0 +1.120487188e+00 +1.571004872e+02 +1.571004872e+02 +1.4373e+00 +3.3894e+00
13550 0 +9.985009062e-01 +1.569785009e+02 +1.569785009e+02 +1.6289e+00 +3.5379e+00
20000 0 +9.299973893e-01 +1.569099974e+02 +1.569099974e+02 +1.9311e+00 +3.7713e+00
% f evaluations | g evaluations | best noise-free fitness - Fopt (-1.764600000000e+02) + sum g_i+ | measured fitness | best measured fitness or single-digit g-values | x1 | x2...
1 0 +1.581366082e+00 -1.748786339e+02 -1.748786339e+02 +0.0000e+00 +0.0000e+00
27 0 +1.565244811e+00 -1.748947552e+02 -1.748947552e+02 -1.9237e-01 +5.4078e-01
29 0 +3.519123684e-01 -1.761080876e+02 -1.761080876e+02 +1.5390e+00 -8.0583e-01
50 0 +1.565812223e-01 -1.763034188e+02 -1.763034188e+02 +1.8459e+00 -8.0583e-01
102 0 +1.235071623e-01 -1.763364928e+02 -1.763364928e+02 +1.7790e+00 -7.4767e-01
103 0 +1.038796995e-01 -1.763561203e+02 -1.763561203e+02 +1.7164e+00 -7.4767e-01
106 0 +9.965806297e-02 -1.763603419e+02 -1.763603419e+02 +1.7164e+00 -6.8513e-01
107 0 +6.345783443e-02 -1.763965422e+02 -1.763965422e+02 +1.6539e+00 -6.8513e-01
111 0 +5.073503243e-02 -1.764092650e+02 -1.764092650e+02 +1.5914e+00 -6.8513e-01
114 0 +4.438931408e-02 -1.764156107e+02 -1.764156107e+02 +1.5914e+00 -6.2259e-01
115 0 +2.760631014e-02 -1.764323937e+02 -1.764323937e+02 +1.5288e+00 -6.2259e-01
119 0 +2.280329464e-02 -1.764371967e+02 -1.764371967e+02 +1.4663e+00 -6.2259e-01
122 0 +1.594111570e-02 -1.764440589e+02 -1.764440589e+02 +1.4663e+00 -5.6004e-01
123 0 +1.208504147e-02 -1.764479150e+02 -1.764479150e+02 +1.4037e+00 -5.6004e-01
134 0 +6.672200237e-03 -1.764533278e+02 -1.764533278e+02 +1.3725e+00 -5.2877e-01
135 0 +5.092011008e-03 -1.764549080e+02 -1.764549080e+02 +1.3412e+00 -5.2877e-01
138 0 +4.058383637e-03 -1.764559416e+02 -1.764559416e+02 +1.3412e+00 -4.9750e-01
139 0 +3.616636953e-03 -1.764563834e+02 -1.764563834e+02 +1.3099e+00 -4.9750e-01
143 0 +3.538242875e-03 -1.764564618e+02 -1.764564618e+02 +1.2787e+00 -4.9750e-01
146 0 +2.491622655e-03 -1.764575084e+02 -1.764575084e+02 +1.2787e+00 -4.6623e-01
147 0 +1.395124022e-03 -1.764586049e+02 -1.764586049e+02 +1.2474e+00 -4.6623e-01
151 0 +8.618243977e-04 -1.764591382e+02 -1.764591382e+02 +1.2161e+00 -4.3496e-01
155 0 +7.119072189e-04 -1.764592881e+02 -1.764592881e+02 +1.1848e+00 -4.3496e-01
158 0 +5.148099222e-04 -1.764594852e+02 -1.764594852e+02 +1.1848e+00 -4.0369e-01
159 0 +2.177496921e-04 -1.764597823e+02 -1.764597823e+02 +1.1536e+00 -4.0369e-01
167 0 +1.978160792e-04 -1.764598022e+02 -1.764598022e+02 +1.1379e+00 -4.0369e-01
170 0 +1.365910417e-04 -1.764598634e+02 -1.764598634e+02 +1.1379e+00 -3.8806e-01
171 0 +9.784456182e-05 -1.764599022e+02 -1.764599022e+02 +1.1223e+00 -3.8806e-01
182 0 +7.224608814e-05 -1.764599278e+02 -1.764599278e+02 +1.1145e+00 -3.8024e-01
183 0 +6.356894252e-05 -1.764599364e+02 -1.764599364e+02 +1.1067e+00 -3.8024e-01
186 0 +4.807206224e-05 -1.764599519e+02 -1.764599519e+02 +1.1067e+00 -3.7242e-01
187 0 +3.620828875e-05 -1.764599638e+02 -1.764599638e+02 +1.0989e+00 -3.7242e-01
190 0 +3.370280129e-05 -1.764599663e+02 -1.764599663e+02 +1.0989e+00 -3.6461e-01
191 0 +2.683879185e-05 -1.764599732e+02 -1.764599732e+02 +1.0910e+00 -3.6461e-01
195 0 +2.496115951e-05 -1.764599750e+02 -1.764599750e+02 +1.0832e+00 -3.6461e-01
199 0 +1.352593549e-05 -1.764599865e+02 -1.764599865e+02 +1.0754e+00 -3.5679e-01
203 0 +1.049737727e-05 -1.764599895e+02 -1.764599895e+02 +1.0676e+00 -3.5679e-01
206 0 +7.133949026e-06 -1.764599929e+02 -1.764599929e+02 +1.0676e+00 -3.4897e-01
207 0 +6.443384450e-06 -1.764599936e+02 -1.764599936e+02 +1.0598e+00 -3.4897e-01
214 0 +2.983350555e-06 -1.764599970e+02 -1.764599970e+02 +1.0520e+00 -3.4115e-01
215 0 +1.876160951e-06 -1.764599981e+02 -1.764599981e+02 +1.0441e+00 -3.4115e-01
218 0 +1.769315219e-06 -1.764599982e+02 -1.764599982e+02 +1.0441e+00 -3.3334e-01
219 0 +8.279535280e-07 -1.764599992e+02 -1.764599992e+02 +1.0363e+00 -3.3334e-01
223 0 +7.131753534e-07 -1.764599993e+02 -1.764599993e+02 +1.0285e+00 -3.3334e-01
226 0 +4.188372600e-07 -1.764599996e+02 -1.764599996e+02 +1.0285e+00 -3.2552e-01
227 0 +1.359001374e-07 -1.764599999e+02 -1.764599999e+02 +1.0207e+00 -3.2552e-01
242 0 +1.088083650e-07 -1.764599999e+02 -1.764599999e+02 +1.0207e+00 -3.2356e-01
243 0 +6.952728882e-08 -1.764599999e+02 -1.764599999e+02 +1.0187e+00 -3.2356e-01
247 0 +6.021772947e-08 -1.764599999e+02 -1.764599999e+02 +1.0168e+00 -3.2356e-01
250 0 +4.876903859e-08 -1.764600000e+02 -1.764600000e+02 +1.0168e+00 -3.2161e-01
251 0 +4.387632657e-08 -1.764600000e+02 -1.764600000e+02 +1.0148e+00 -3.2161e-01
255 0 +1.845154429e-08 -1.764600000e+02 -1.764600000e+02 +1.0129e+00 -3.1965e-01
259 0 +1.329084398e-08 -1.764600000e+02 -1.764600000e+02 +1.0109e+00 -3.1965e-01
262 0 +1.204014666e-08 -1.764600000e+02 -1.764600000e+02 +1.0109e+00 -3.1770e-01
263 0 +7.565347460e-09 -1.764600000e+02 -1.764600000e+02 +1.0090e+00 -3.1770e-01
355 0 +7.105427358e-13 -1.764600000e+02 -1.764600000e+02 +9.9845e-01 -3.1147e-01
20011 0 +2.842170943e-14 -1.764600000e+02 -1.764600000e+02 +9.9785e-01 -3.1112e-01
% f evaluations | g evaluations | best noise-free fitness - Fopt (1.195800000000e+02) + sum g_i+ | measured fitness | best measured fitness or single-digit g-values | x1 | x2...
1 0 +3.306553211e+01 +1.526455321e+02 +1.526455321e+02 +0.0000e+00 +0.0000e+00
2 0 +1.017836606e+01 +1.297583661e+02 +1.297583661e+02 -2.9289e+00 +0.0000e+00
7 0 +4.827137518e+00 +1.244071375e+02 +1.244071375e+02 +3.6612e-01 -2.5628e+00
8 0 +2.054513567e+00 +1.216345136e+02 +1.216345136e+02 +0.0000e+00 -2.9289e+00
20000 0 +1.999384883e+00 +1.215793849e+02 +1.215793849e+02 +1.5741e+00 +1.7263e+00
% f evaluations | g evaluations | best noise-free fitness - Fopt (1.460000000000e+01) + sum g_i+ | measured fitness | best measured fitness or single-digit g-values | x1 | x2...
1 0 +1.484287361e+01 +2.944287361e+01 +2.944287361e+01 +0.0000e+00 +0.0000e+00
3 0 +1.082167846e+01 +2.542167846e+01 +2.542167846e+01 -3.6612e-01 +2.5628e+00
9 0 +6.967891766e+00 +2.156789177e+01 +2.156789177e+01 +2.5628e+00 -3.6612e-01
18 0 +5.069878323e+00 +1.966987832e+01 +1.966987832e+01 +3.9808e+00 -1.0712e+00
21 0 +2.336471954e+00 +1.693647195e+01 +1.693647195e+01 +1.8577e+00 -3.1943e+00
24 0 +2.010221563e+00 +1.661022156e+01 +1.661022156e+01 +1.8577e+00 +1.0519e+00
43 0 +1.364253839e+00 +1.596425384e+01 +1.596425384e+01 -1.3995e+00 -1.7819e+00
98 0 +9.748588212e-01 +1.557485882e+01 +1.557485882e+01 -1.2408e+00 -1.6814e+00
99 0 +8.533757826e-01 +1.545337578e+01 +1.545337578e+01 -1.3659e+00 -1.6814e+00
103 0 +7.720451264e-01 +1.537204513e+01 +1.537204513e+01 -1.4910e+00 -1.6814e+00
111 0 +6.972124390e-01 +1.529721244e+01 +1.529721244e+01 -1.7411e+00 -1.6814e+00
7857 0 +2.980447534e-02 +1.462980448e+01 +1.462980448e+01 +3.0019e+00 -2.1917e+00
7865 0 +1.590144615e-02 +1.461590145e+01 +1.461590145e+01 +3.5023e+00 -2.1917e+00
7872 0 +1.481905516e-02 +1.461481906e+01 +1.461481906e+01 +3.2521e+00 -2.1917e+00
7882 0 +4.621917366e-04 +1.460046219e+01 +1.460046219e+01 +3.3772e+00 -2.3168e+00
7885 0 +1.401670074e-04 +1.460014017e+01 +1.460014017e+01 +3.5023e+00 -2.3168e+00
7899 0 +2.330000077e-06 +1.460000233e+01 +1.460000233e+01 +3.5335e+00 -2.2855e+00
7900 0 +1.470493061e-07 +1.460000015e+01 +1.460000015e+01 +3.5023e+00 -2.2855e+00
7904 0 +1.282000284e-09 +1.460000000e+01 +1.460000000e+01 +3.4710e+00 -2.2855e+00
7962 0 +1.083577672e-13 +1.460000000e+01 +1.460000000e+01 +3.4769e+00 -2.2870e+00
7987 0 +0.000000000e+00 +1.460000000e+01 +1.460000000e+01 +3.4776e+00 -2.2869e+00
20001 0 +0.000000000e+00 +1.460000000e+01 +1.460000000e+01 +3.4776e+00 -2.2869e+00
% f evaluations | g evaluations | best noise-free fitness - Fopt (-2.550000000000e+01) + sum g_i+ | measured fitness | best measured fitness or single-digit g-values | x1 | x2...
1 0 +1.560578151e+01 -9.894218486e+00 -9.894218486e+00 +0.0000e+00 +0.0000e+00
2 0 +2.195822987e+00 -2.330417701e+01 -2.330417701e+01 -2.9289e+00 +0.0000e+00
35 0 +1.851801605e+00 -2.364819840e+01 -2.364819840e+01 -2.9289e+00 -5.8412e-01
42 0 +1.432717449e+00 -2.406728255e+01 -2.406728255e+01 -8.3724e-01 -2.6860e+00
79 0 +1.036099448e+00 -2.446390055e+01 -2.446390055e+01 -2.1217e+00 -4.6627e+00
102 0 +9.903647150e-01 -2.450963529e+01 -2.450963529e+01 -2.0591e+00 -4.6002e+00
953 0 +8.631403556e-01 -2.463685964e+01 -2.463685964e+01 -7.5455e-01 -2.1611e+00
955 0 +7.125205363e-01 -2.478747946e+01 -2.478747946e+01 -7.5455e-01 -2.4113e+00
968 0 +6.976812761e-01 -2.480231872e+01 -2.480231872e+01 -7.5455e-01 -2.3487e+00
20000 0 +6.918569112e-01 -2.480814309e+01 -2.480814309e+01 -7.2635e-01 -2.3455e+00
% f evaluations | g evaluations | best noise-free fitness - Fopt (-2.799000000000e+01) + sum g_i+ | measured fitness | best measured fitness or single-digit g-values | x1 | x2...
1 0 +1.493448442e+01 -1.305551558e+01 -1.305551558e+01 +0.0000e+00 +0.0000e+00
2 0 +6.324515084e+00 -2.166548492e+01 -2.166548492e+01 -2.9289e+00 +0.0000e+00
3 0 +2.111165833e+00 -2.587883417e+01 -2.587883417e+01 -3.6612e-01 +2.5628e+00
7 0 +7.061056882e-02 -2.791938943e+01 -2.791938943e+01 +3.6612e-01 -2.5628e+00
43 0 +1.166870425e-02 -2.797833130e+01 -2.797833130e+01 +9.4527e-01 -2.5151e+00
81 0 +2.569278309e-04 -2.798974307e+01 -2.798974307e+01 +9.4107e-01 -2.5978e+00
84 0 +2.033902927e-06 -2.798999797e+01 -2.798999797e+01 +1.1912e+00 -2.5978e+00
95 0 +1.400398020e-09 -2.799000000e+01 -2.799000000e+01 +1.1287e+00 -2.5978e+00
150 0 +3.552713679e-15 -2.799000000e+01 -2.799000000e+01 +1.1326e+00 -2.5963e+00
151 0 +0.000000000e+00 -2.799000000e+01 -2.799000000e+01 +1.1321e+00 -2.5963e+00
20000 0 +0.000000000e+00 -2.799000000e+01 -2.799000000e+01 +1.1321e+00 -2.5963e+00
% f evaluations | g evaluations | best noise-free fitness - Fopt (-5.112000000000e+01) + sum g_i+ | measured fitness | best measured fitness or single-digit g-values | x1 | x2...
1 0 +9.677717001e+00 -4.144228300e+01 -4.144228300e+01 +0.0000e+00 +0.0000e+00
3 0 +2.043929921e+00 -4.907607008e+01 -4.907607008e+01 -3.6612e-01 +2.5628e+00
42 0 +1.401726610e+00 -4.971827339e+01 -4.971827339e+01 +2.8248e+00 +9.7612e-01
192 0 +1.256046108e+00 -4.986395389e+01 -4.986395389e+01 -1.8697e-01 +1.6686e+00
8571 0 +9.300005447e-01 -5.018999946e+01 -5.018999946e+01 +3.2929e+00 +8.6541e-01
11483 0 +8.908472680e-01 -5.022915273e+01 -5.022915273e+01 +2.4429e+00 -3.1226e+00
11559 0 +7.934866085e-01 -5.032651339e+01 -5.032651339e+01 +2.4038e+00 -3.3181e+00
11795 0 +7.075527665e-01 -5.041244723e+01 -5.041244723e+01 +2.3256e+00 -3.6503e+00
19581 0 +6.058858549e-01 -5.051411415e+01 -5.051411415e+01 +1.6958e+00 +3.4632e+00
19588 0 +5.502940157e-01 -5.056970598e+01 -5.056970598e+01 +1.4456e+00 +3.4632e+00
19590 0 +4.653398413e-01 -5.065466016e+01 -5.065466016e+01 +1.4456e+00 +3.2130e+00
19593 0 +1.132831338e-01 -5.100671687e+01 -5.100671687e+01 +1.6958e+00 +3.2130e+00
19597 0 +2.158023791e-02 -5.109841976e+01 -5.109841976e+01 +1.9460e+00 +3.2130e+00
19601 0 +1.340472361e-02 -5.110659528e+01 -5.110659528e+01 +2.1961e+00 +3.2130e+00
19610 0 +8.532058424e-03 -5.111146794e+01 -5.111146794e+01 +2.1961e+00 +3.0880e+00
19613 0 +8.698991406e-04 -5.111913010e+01 -5.111913010e+01 +2.3212e+00 +3.0880e+00
19617 0 +5.815740678e-06 -5.111999418e+01 -5.111999418e+01 +2.4463e+00 +3.0880e+00
19625 0 +5.332065520e-06 -5.111999467e+01 -5.111999467e+01 +2.5088e+00 +3.0880e+00
19632 0 +1.252399620e-06 -5.111999875e+01 -5.111999875e+01 +2.4776e+00 +3.0880e+00
19646 0 +4.747763285e-07 -5.111999953e+01 -5.111999953e+01 +2.4776e+00 +3.0801e+00
19649 0 +1.678907537e-07 -5.111999983e+01 -5.111999983e+01 +2.4854e+00 +3.0801e+00
19653 0 +4.976678980e-08 -5.111999995e+01 -5.111999995e+01 +2.4932e+00 +3.0801e+00
19666 0 +4.108179041e-08 -5.111999996e+01 -5.111999996e+01 +2.4971e+00 +3.0762e+00
19669 0 +1.103148151e-08 -5.111999999e+01 -5.111999999e+01 +2.5010e+00 +3.0762e+00
19673 0 +1.947384476e-09 -5.112000000e+01 -5.112000000e+01 +2.5049e+00 +3.0762e+00
19725 0 +1.705302566e-13 -5.112000000e+01 -5.112000000e+01 +2.5137e+00 +3.0743e+00
19729 0 +0.000000000e+00 -5.112000000e+01 -5.112000000e+01 +2.5142e+00 +3.0743e+00
20000 0 +0.000000000e+00 -5.112000000e+01 -5.112000000e+01 +2.5142e+00 +3.0743e+00
% f evaluations | g evaluations | best noise-free fitness - Fopt (-4.336200000000e+02) + sum g_i+ | measured fitness | best measured fitness or single-digit g-values | x1 | x2...
1 0 +2.444901175e+01 -4.091709882e+02 -4.091709882e+02 +0.0000e+00 +0.0000e+00
2 0 +2.374007666e+01 -4.098799233e+02 -4.098799233e+02 -2.9289e+00 +0.0000e+00
3 0 +6.265787329e+00 -4.273542127e+02 -4.273542127e+02 -3.6612e-01 +2.5628e+00
14 0 +5.045575038e-01 -4.331154425e+02 -4.331154425e+02 -5.0520e+00 +0.0000e+00
7576 0 +4.947564828e-01 -4.331252435e+02 -4.331252435e+02 -2.8071e+00 -1.1070e+00
7580 0 +2.496704728e-01 -4.333703295e+02 -4.333703295e+02 -2.9322e+00 -9.8190e-01
7584 0 +1.741430825e-01 -4.334458569e+02 -4.334458569e+02 -3.0573e+00 -9.8190e-01
7587 0 +1.452783008e-01 -4.334747217e+02 -4.334747217e+02 -3.0573e+00 -8.5682e-01
7588 0 +7.855005764e-02 -4.335414499e+02 -4.335414499e+02 -3.1824e+00 -8.5682e-01
7592 0 +5.851806948e-02 -4.335614819e+02 -4.335614819e+02 -3.3074e+00 -8.5682e-01
7595 0 +4.864755175e-02 -4.335713524e+02 -4.335713524e+02 -3.3074e+00 -7.3174e-01
7596 0 +1.421242274e-02 -4.336057876e+02 -4.336057876e+02 -3.4325e+00 -7.3174e-01
7600 0 +1.317526308e-02 -4.336068247e+02 -4.336068247e+02 -3.5576e+00 -7.3174e-01
7603 0 +1.239755940e-02 -4.336076024e+02 -4.336076024e+02 -3.5576e+00 -6.0666e-01
7604 0 +6.868782092e-04 -4.336193131e+02 -4.336193131e+02 -3.6827e+00 -6.0666e-01
7612 0 +4.451979085e-04 -4.336195548e+02 -4.336195548e+02 -3.7452e+00 -6.0666e-01
7621 0 +3.664860401e-04 -4.336196335e+02 -4.336196335e+02 -3.7140e+00 -6.0666e-01
7631 0 +2.250289723e-04 -4.336197750e+02 -4.336197750e+02 -3.7296e+00 -5.9102e-01
7632 0 +1.969682127e-04 -4.336198030e+02 -4.336198030e+02 -3.7452e+00 -5.9102e-01
7635 0 +1.516945503e-04 -4.336198483e+02 -4.336198483e+02 -3.7452e+00 -5.7539e-01
7636 0 +9.905710084e-05 -4.336199009e+02 -4.336199009e+02 -3.7609e+00 -5.7539e-01
7640 0 +8.616337840e-05 -4.336199138e+02 -4.336199138e+02 -3.7765e+00 -5.7539e-01
7643 0 +6.159215764e-05 -4.336199384e+02 -4.336199384e+02 -3.7765e+00 -5.5975e-01
7644 0 +3.022602948e-05 -4.336199698e+02 -4.336199698e+02 -3.7921e+00 -5.5975e-01
7648 0 +2.771189588e-05 -4.336199723e+02 -4.336199723e+02 -3.8078e+00 -5.5975e-01
7651 0 +2.194157747e-05 -4.336199781e+02 -4.336199781e+02 -3.8078e+00 -5.4412e-01
7652 0 +6.814787127e-06 -4.336199932e+02 -4.336199932e+02 -3.8234e+00 -5.4412e-01
7663 0 +5.703898807e-06 -4.336199943e+02 -4.336199943e+02 -3.8312e+00 -5.3630e-01
7664 0 +2.652485819e-06 -4.336199973e+02 -4.336199973e+02 -3.8390e+00 -5.3630e-01
7668 0 +2.260571137e-06 -4.336199977e+02 -4.336199977e+02 -3.8469e+00 -5.3630e-01
7671 0 +1.588519126e-06 -4.336199984e+02 -4.336199984e+02 -3.8469e+00 -5.2848e-01
7672 0 +7.622960538e-07 -4.336199992e+02 -4.336199992e+02 -3.8547e+00 -5.2848e-01
7680 0 +6.743532595e-07 -4.336199993e+02 -4.336199993e+02 -3.8586e+00 -5.2848e-01
7683 0 +4.501209219e-07 -4.336199995e+02 -4.336199995e+02 -3.8586e+00 -5.2457e-01
7684 0 +3.241939908e-07 -4.336199997e+02 -4.336199997e+02 -3.8625e+00 -5.2457e-01
7688 0 +3.061338703e-07 -4.336199997e+02 -4.336199997e+02 -3.8664e+00 -5.2457e-01
7691 0 +1.763137334e-07 -4.336199998e+02 -4.336199998e+02 -3.8664e+00 -5.2066e-01
7692 0 +1.118920636e-07 -4.336199999e+02 -4.336199999e+02 -3.8703e+00 -5.2066e-01
7703 0 +5.681880566e-08 -4.336199999e+02 -4.336199999e+02 -3.8723e+00 -5.1871e-01
7704 0 +4.987492730e-08 -4.336200000e+02 -4.336200000e+02 -3.8742e+00 -5.1871e-01
7708 0 +3.395371095e-08 -4.336200000e+02 -4.336200000e+02 -3.8762e+00 -5.1675e-01
7712 0 +2.317267445e-08 -4.336200000e+02 -4.336200000e+02 -3.8781e+00 -5.1675e-01
7715 0 +1.641188874e-08 -4.336200000e+02 -4.336200000e+02 -3.8781e+00 -5.1480e-01
7716 0 +1.162425178e-08 -4.336200000e+02 -4.336200000e+02 -3.8801e+00 -5.1480e-01
7720 0 +1.014018380e-08 -4.336200000e+02 -4.336200000e+02 -3.8820e+00 -5.1480e-01
7723 0 +7.351388831e-09 -4.336200000e+02 -4.336200000e+02 -3.8820e+00 -5.1284e-01
7772 0 +7.389644452e-13 -4.336200000e+02 -4.336200000e+02 -3.8925e+00 -5.0869e-01
20000 0 +5.684341886e-14 -4.336200000e+02 -4.336200000e+02 -3.8930e+00 -5.0839e-01
% f evaluations | g evaluations | best noise-free fitness - Fopt (1.088800000000e+02) + sum g_i+ | measured fitness | best measured fitness or single-digit g-values | x1 | x2...
1 0 +1.948489856e+00 +1.108284899e+02 +1.108284899e+02 +0.0000e+00 +0.0000e+00
11830 0 +1.947446758e+00 +1.108274468e+02 +1.108274468e+02 +3.7945e+00 +1.6828e+00
11964 0 +1.777060641e+00 +1.106570606e+02 +1.106570606e+02 +3.9430e+00 +1.9486e+00
12060 0 +1.583441264e+00 +1.104634413e+02 +1.104634413e+02 +4.0525e+00 +2.1362e+00
12206 0 +1.411006940e+00 +1.102910069e+02 +1.102910069e+02 +4.1424e+00 +2.2770e+00
12344 0 +1.255301198e+00 +1.101353012e+02 +1.101353012e+02 +4.2205e+00 +2.4138e+00
12480 0 +1.118705326e+00 +1.099987053e+02 +1.099987053e+02 +4.2987e+00 +2.5467e+00
12624 0 +9.967166376e-01 +1.098767166e+02 +1.098767166e+02 +4.3808e+00 +2.6874e+00
12784 0 +8.905282720e-01 +1.097705283e+02 +1.097705283e+02 +4.4707e+00 +2.8437e+00
13080 0 +7.938713014e-01 +1.096738713e+02 +1.096738713e+02 +4.5880e+00 +3.0431e+00
14024 0 +7.078739142e-01 +1.095878739e+02 +1.095878739e+02 +4.7903e+00 +3.3880e+00
20000 0 +6.918570860e-01 +1.095718571e+02 +1.095718571e+02 +4.9343e+00 +3.6342e+00
% f evaluations | g evaluations | best noise-free fitness - Fopt (1.112000000000e+01) + sum g_i+ | measured fitness | best measured fitness or single-digit g-values | x1 | x2...
1 0 +9.265264053e+00 +2.038526405e+01 +2.038526405e+01 +0.0000e+00 +0.0000e+00
2 0 +8.416282798e+00 +1.953628280e+01 +1.953628280e+01 -2.9289e+00 +0.0000e+00
5 0 +7.396909649e+00 +1.851690965e+01 +1.851690965e+01 +2.9289e+00 +0.0000e+00
6 0 +2.807259236e+00 +1.392725924e+01 +1.392725924e+01 +5.4917e+00 +2.5628e+00
16 0 +1.861035709e+00 +1.298103571e+01 +1.298103571e+01 -1.0519e+00 -1.8577e+00
36 0 +1.771056380e+00 +1.289105638e+01 +1.289105638e+01 +2.1524e+00 +2.8856e+00
42 0 +1.027268664e+00 +1.214726866e+01 +1.214726866e+01 +2.8975e+00 +2.5151e+00
7862 0 +2.568349060e-02 +1.114568349e+01 +1.114568349e+01 +3.6158e+00 +2.4247e+00
7870 0 +1.313916406e-02 +1.113313916e+01 +1.113313916e+01 +4.1161e+00 +2.4247e+00
7877 0 +8.998846101e-04 +1.112089988e+01 +1.112089988e+01 +3.8659e+00 +2.4247e+00
7897 0 +8.689690796e-04 +1.112086897e+01 +1.112086897e+01 +3.8972e+00 +2.4247e+00
7900 0 +4.019378975e-04 +1.112040194e+01 +1.112040194e+01 +3.8972e+00 +2.4560e+00
7901 0 +2.128363240e-04 +1.112021284e+01 +1.112021284e+01 +3.8659e+00 +2.4560e+00
7905 0 +1.451204878e-04 +1.112014512e+01 +1.112014512e+01 +3.8347e+00 +2.4560e+00
7916 0 +6.019907371e-05 +1.112006020e+01 +1.112006020e+01 +3.8190e+00 +2.4716e+00
7917 0 +3.883063919e-05 +1.112003883e+01 +1.112003883e+01 +3.8034e+00 +2.4716e+00
7921 0 +3.461909678e-05 +1.112003462e+01 +1.112003462e+01 +3.7878e+00 +2.4716e+00
7924 0 +2.234309520e-05 +1.112002234e+01 +1.112002234e+01 +3.7878e+00 +2.4873e+00
7925 0 +7.284342304e-06 +1.112000728e+01 +1.112000728e+01 +3.7721e+00 +2.4873e+00
7929 0 +6.412708306e-06 +1.112000641e+01 +1.112000641e+01 +3.7565e+00 +2.4873e+00
7940 0 +3.844643741e-06 +1.112000384e+01 +1.112000384e+01 +3.7565e+00 +2.4951e+00
7941 0 +1.784205057e-06 +1.112000178e+01 +1.112000178e+01 +3.7487e+00 +2.4951e+00
7945 0 +1.530282569e-06 +1.112000153e+01 +1.112000153e+01 +3.7409e+00 +2.4951e+00
7952 0 +5.556243678e-07 +1.112000056e+01 +1.112000056e+01 +3.7330e+00 +2.5029e+00
7953 0 +2.068963969e-07 +1.112000021e+01 +1.112000021e+01 +3.7252e+00 +2.5029e+00
7957 0 +1.362766735e-07 +1.112000014e+01 +1.112000014e+01 +3.7174e+00 +2.5029e+00
7968 0 +6.241089245e-08 +1.112000006e+01 +1.112000006e+01 +3.7174e+00 +2.5068e+00
7969 0 +3.507190094e-08 +1.112000004e+01 +1.112000004e+01 +3.7135e+00 +2.5068e+00
7973 0 +1.401862093e-08 +1.112000001e+01 +1.112000001e+01 +3.7096e+00 +2.5068e+00
7984 0 +7.443771821e-09 +1.112000001e+01 +1.112000001e+01 +3.7076e+00 +2.5088e+00
8029 0 +8.864020629e-13 +1.112000000e+01 +1.112000000e+01 +3.6959e+00 +2.5122e+00
20011 0 +1.776356839e-15 +1.112000000e+01 +1.112000000e+01 +3.6944e+00 +2.5128e+00
