% f evaluations | g evaluations | best noise-free fitness - Fopt (2.997000000000e+01) + sum g_i+ | measured fitness | best measured fitness or single-digit g-values | x1 | x2...
1 0 +1.048116465e+03 +1.078086465e+03 +1.078086465e+03 +0.0000e+00 +0.0000e+00 +0.0000e+00 +0.0000e+00 +0.0000e+00
2 0 +1.041649786e+03 +1.071619786e+03 +1.071619786e+03 +3.3333e+00 +0.0000e+00 +0.0000e+00 +0.0000e+00 +0.0000e+00
4 0 +9.047922415e+02 +9.347622415e+02 +9.347622415e+02 +0.0000e+00 +3.3333e+00 +0.0000e+00 +0.0000e+00 +0.0000e+00
7 0 +7.297148949e+02 +7.596848949e+02 +7.596848949e+02 +0.0000e+00 +0.0000e+00 -3.3333e+00 +0.0000e+00 +0.0000e+00
14 0 +6.544417260e+02 +6.844117260e+02 +6.844117260e+02 +0.0000e+00 +3.3333e+00 +0.0000e+00 -3.3333e+00 +0.0000e+00
17 0 +5.467286861e+02 +5.766986861e+02 +5.766986861e+02 +0.0000e+00 +0.0000e+00 -3.3333e+00 -3.3333e+00 +0.0000e+00
23 0 +3.822884357e+02 +4.122584357e+02 +4.122584357e+02 +0.0000e+00 -3.3333e+00 -3.3333e+00 -3.3333e+00 +0.0000e+00
24 0 +3.535081526e+02 +3.834781526e+02 +3.834781526e+02 +0.0000e+00 +0.0000e+00 -3.3333e+00 -3.3333e+00 +3.3333e+00
35 0 +3.110347574e+02 +3.410047574e+02 +3.410047574e+02 +0.0000e+00 -1.1111e+00 -3.3333e+00 -3.3333e+00 +3.3333e+00
38 0 +1.264373320e+02 +1.564073320e+02 +1.564073320e+02 +0.0000e+00 +0.0000e+00 -3.3333e+00 -2.2222e+00 +3.3333e+00
47 0 +1.212705623e+02 +1.512405623e+02 +1.512405623e+02 +0.0000e+00 -1.1111e+00 -3.3333e+00 -2.2222e+00 +3.3333e+00
68 0 +8.403883742e+01 +1.140088374e+02 +1.140088374e+02 +3.7037e-01 -1.1111e+00 -3.3333e+00 -2.2222e+00 +3.3333e+00
82 0 +7.659288141e+01 +1.065628814e+02 +1.065628814e+02 +3.7037e-01 -7.4074e-01 -3.3333e+00 -2.2222e+00 +3.3333e+00
100 0 +3.842093118e+01 +6.839093118e+01 +6.839093118e+01 +3.7037e-01 -7.4074e-01 -3.3333e+00 -1.8519e+00 +3.3333e+00
122 0 +2.615151888e+01 +5.612151888e+01 +5.612151888e+01 +4.9383e-01 -7.4074e-01 -3.3333e+00 -1.8519e+00 +3.3333e+00
156 0 +1.669462343e+01 +4.666462343e+01 +4.666462343e+01 +4.9383e-01 -6.1728e-01 -3.3333e+00 -1.8519e+00 +3.4568e+00
179 0 +1.575164722e+01 +4.572164722e+01 +4.572164722e+01 +4.9383e-01 -7.4074e-01 -3.4568e+00 -1.8519e+00 +3.4568e+00
187 0 +1.291952655e+01 +4.288952655e+01 +4.288952655e+01 +4.9383e-01 -6.1728e-01 -3.3745e+00 -1.8519e+00 +3.4568e+00
201 0 +1.222596511e+01 +4.219596511e+01 +4.219596511e+01 +4.5267e-01 -6.1728e-01 -3.3745e+00 -1.8519e+00 +3.4568e+00
203 0 +1.048748493e+01 +4.045748493e+01 +4.045748493e+01 +4.9383e-01 -6.5844e-01 -3.3745e+00 -1.8519e+00 +3.4568e+00
219 0 +7.883673269e+00 +3.785367327e+01 +3.785367327e+01 +4.5267e-01 -6.1728e-01 -3.3745e+00 -1.8519e+00 +3.4979e+00
286 0 +6.918731634e+00 +3.688873163e+01 +3.688873163e+01 +4.6639e-01 -6.1728e-01 -3.3745e+00 -1.8519e+00 +3.5117e+00
383 0 +6.275089214e+00 +3.624508921e+01 +3.624508921e+01 +4.5267e-01 -6.0357e-01 -3.3791e+00 -1.8473e+00 +3.5162e+00
408 0 +6.158547617e+00 +3.612854762e+01 +3.612854762e+01 +4.5267e-01 -6.0814e-01 -3.3791e+00 -1.8473e+00 +3.5162e+00
% f evaluations | g evaluations | best noise-free fitness - Fopt (-5.171000000000e+01) + sum g_i+ | measured fitness | best measured fitness or single-digit g-values | x1 | x2...
1 0 +1.267442521e+03 +1.215732521e+03 +1.215732521e+03 +0.0000e+00 +0.0000e+00 +0.0000e+00 +0.0000e+00 +0.0000e+00
2 0 +9.465244126e+02 +8.948144126e+02 +8.948144126e+02 +3.3333e+00 +0.0000e+00 +0.0000e+00 +0.0000e+00 +0.0000e+00
12 0 +7.794117843e+02 +7.277017843e+02 +7.277017843e+02 +3.3333e+00 +3.3333e+00 +0.0000e+00 +0.0000e+00 +0.0000e+00
20 0 +5.886969105e+02 +5.369869105e+02 +5.369869105e+02 +3.3333e+00 +3.3333e+00 +0.0000e+00 -3.3333e+00 +0.0000e+00
23 0 +5.489112881e+02 +4.972012881e+02 +4.972012881e+02 +3.3333e+00 +0.0000e+00 -3.3333e+00 -3.3333e+00 +0.0000e+00
26 0 +1.930982203e+02 +1.413882203e+02 +1.413882203e+02 +3.3333e+00 +3.3333e+00 -3.3333e+00 -3.3333e+00 +0.0000e+00
36 0 +1.628433032e+02 +1.111333032e+02 +1.111333032e+02 +3.3333e+00 +4.4444e+00 -3.3333e+00 -3.3333e+00 +0.0000e+00
42 0 +1.334829841e+02 +8.177298413e+01 +8.177298413e+01 +3.3333e+00 +3.3333e+00 -3.3333e+00 -3.3333e+00 +1.1111e+00
49 0 +9.152195865e+01 +3.981195865e+01 +3.981195865e+01 +2.2222e+00 +3.3333e+00 -3.3333e+00 -3.3333e+00 +1.1111e+00
70 0 +4.654502954e+01 -5.164970461e+00 -5.164970461e+00 +2.5926e+00 +3.3333e+00 -3.3333e+00 -3.3333e+00 +1.1111e+00
89 0 +3.709332288e+01 -1.461667712e+01 -1.461667712e+01 +2.5926e+00 +3.3333e+00 -3.3333e+00 -3.7037e+00 +1.1111e+00
101 0 +1.877138464e+01 -3.293861536e+01 -3.293861536e+01 +2.5926e+00 +2.9630e+00 -3.3333e+00 -3.7037e+00 +1.1111e+00
130 0 +1.549464549e+01 -3.621535451e+01 -3.621535451e+01 +2.5926e+00 +3.0864e+00 -3.3333e+00 -3.7037e+00 +1.1111e+00
155 0 +1.398461388e+01 -3.772538612e+01 -3.772538612e+01 +2.5926e+00 +3.0864e+00 -3.3333e+00 -3.7037e+00 +9.8765e-01
184 0 +1.015617560e+01 -4.155382440e+01 -4.155382440e+01 +2.5926e+00 +3.1276e+00 -3.3333e+00 -3.7037e+00 +9.8765e-01
190 0 +9.961064002e+00 -4.174893600e+01 -4.174893600e+01 +2.5926e+00 +3.0864e+00 -3.3333e+00 -3.7037e+00 +1.0288e+00
202 0 +7.663875927e+00 -4.404612407e+01 -4.404612407e+01 +2.5926e+00 +3.1276e+00 -3.3333e+00 -3.7037e+00 +1.0288e+00
224 0 +6.273180879e+00 -4.543681912e+01 -4.543681912e+01 +2.5926e+00 +3.1276e+00 -3.3333e+00 -3.6626e+00 +1.0288e+00
242 0 +5.391023036e+00 -4.631897696e+01 -4.631897696e+01 +2.6337e+00 +3.1276e+00 -3.3333e+00 -3.6626e+00 +1.0288e+00
275 0 +4.480582373e+00 -4.722941763e+01 -4.722941763e+01 +2.6200e+00 +3.1276e+00 -3.3333e+00 -3.6626e+00 +1.0288e+00
300 0 +3.628365133e+00 -4.808163487e+01 -4.808163487e+01 +2.6200e+00 +3.1413e+00 -3.3333e+00 -3.6626e+00 +1.0288e+00
303 0 +3.344214659e+00 -4.836578534e+01 -4.836578534e+01 +2.6200e+00 +3.1276e+00 -3.3471e+00 -3.6626e+00 +1.0288e+00
320 0 +2.073809871e+00 -4.963619013e+01 -4.963619013e+01 +2.6200e+00 +3.1413e+00 -3.3471e+00 -3.6626e+00 +1.0288e+00
367 0 +1.666760894e+00 -5.004323911e+01 -5.004323911e+01 +2.6155e+00 +3.1413e+00 -3.3471e+00 -3.6626e+00 +1.0288e+00
394 0 +1.305539777e+00 -5.040446022e+01 -5.040446022e+01 +2.6155e+00 +3.1459e+00 -3.3471e+00 -3.6626e+00 +1.0288e+00
416 0 +1.070433302e+00 -5.063956670e+01 -5.063956670e+01 +2.6155e+00 +3.1459e+00 -3.3471e+00 -3.6580e+00 +1.0288e+00
440 0 +1.070433302e+00 -5.063956670e+01 -5.063956670e+01 +2.6155e+00 +3.1459e+00 -3.3471e+00 -3.6580e+00 +1.0288e+00
% f evaluations | g evaluations | best noise-free fitness - Fopt (-2.799500000000e+02) + sum g_i+ | measured fitness | best measured fitness or single-digit g-values | x1 | x2...
1 0 +1.914452900e+03 +1.634502900e+03 +1.634502900e+03 +0.0000e+00 +0.0000e+00 +0.0000e+00 +0.0000e+00 +0.0000e+00
3 0 +1.402091270e+03 +1.122141270e+03 +1.122141270e+03 -3.3333e+00 +0.0000e+00 +0.0000e+00 +0.0000e+00 +0.0000e+00
5 0 +1.196353624e+03 +9.164036240e+02 +9.164036240e+02 +0.0000e+00 -3.3333e+00 +0.0000e+00 +0.0000e+00 +0.0000e+00
13 0 +6.969068011e+02 +4.169568011e+02 +4.169568011e+02 -3.3333e+00 -3.3333e+00 +0.0000e+00 +0.0000e+00 +0.0000e+00
20 0 +4.992987408e+02 +2.193487408e+02 +2.193487408e+02 -3.3333e+00 -3.3333e+00 +3.3333e+00 +0.0000e+00 +0.0000e+00
29 0 +2.767572193e+02 -3.192780710e+00 -3.192780710e+00 -3.3333e+00 -3.3333e+00 +3.3333e+00 +0.0000e+00 -3.3333e+00
37 0 +1.600248994e+02 -1.199251006e+02 -1.199251006e+02 -3.3333e+00 -4.4444e+00 +3.3333e+00 +0.0000e+00 -3.3333e+00
51 0 +1.148505487e+02 -1.650994513e+02 -1.650994513e+02 -3.3333e+00 -4.4444e+00 +3.3333e+00 -1.1111e+00 -3.3333e+00
61 0 +1.083432009e+02 -1.716067991e+02 -1.716067991e+02 -3.3333e+00 -4.4444e+00 +2.2222e+00 -1.1111e+00 -3.3333e+00
82 0 +9.121565048e+01 -1.887343495e+02 -1.887343495e+02 -3.3333e+00 -4.4444e+00 +2.5926e+00 -1.1111e+00 -3.3333e+00
84 0 +7.578820244e+01 -2.041617976e+02 -2.041617976e+02 -3.3333e+00 -4.4444e+00 +2.2222e+00 -7.4074e-01 -3.3333e+00
96 0 +4.609450039e+01 -2.338554996e+02 -2.338554996e+02 -3.3333e+00 -4.4444e+00 +2.5926e+00 -7.4074e-01 -3.3333e+00
118 0 +3.001275686e+01 -2.499372431e+02 -2.499372431e+02 -3.2099e+00 -4.4444e+00 +2.5926e+00 -7.4074e-01 -3.3333e+00
136 0 +2.664886251e+01 -2.533011375e+02 -2.533011375e+02 -3.2099e+00 -4.4444e+00 +2.7160e+00 -7.4074e-01 -3.3333e+00
156 0 +2.190305815e+01 -2.580469419e+02 -2.580469419e+02 -3.2099e+00 -4.4444e+00 +2.7160e+00 -6.1728e-01 -3.3333e+00
158 0 +1.913626787e+01 -2.608137321e+02 -2.608137321e+02 -3.2099e+00 -4.4444e+00 +2.5926e+00 -6.1728e-01 -3.2099e+00
174 0 +1.230075992e+01 -2.676492401e+02 -2.676492401e+02 -3.2099e+00 -4.4444e+00 +2.7160e+00 -6.1728e-01 -3.2099e+00
196 0 +8.482084544e+00 -2.714679155e+02 -2.714679155e+02 -3.1687e+00 -4.4444e+00 +2.7160e+00 -6.1728e-01 -3.2099e+00
198 0 +6.759113184e+00 -2.731908868e+02 -2.731908868e+02 -3.2099e+00 -4.4033e+00 +2.7160e+00 -6.1728e-01 -3.2099e+00
218 0 +5.435496731e+00 -2.745145033e+02 -2.745145033e+02 -3.2099e+00 -4.4033e+00 +2.7572e+00 -6.1728e-01 -3.2099e+00
265 0 +4.807463351e+00 -2.751425366e+02 -2.751425366e+02 -3.2099e+00 -4.4033e+00 +2.7572e+00 -6.1728e-01 -3.2236e+00
287 0 +4.369345547e+00 -2.755806545e+02 -2.755806545e+02 -3.2099e+00 -4.4033e+00 +2.7435e+00 -6.1728e-01 -3.2236e+00
347 0 +3.665895556e+00 -2.762841044e+02 -2.762841044e+02 -3.2007e+00 -4.4033e+00 +2.7435e+00 -6.1728e-01 -3.2236e+00
379 0 +3.492771802e+00 -2.764572282e+02 -2.764572282e+02 -3.2007e+00 -4.4079e+00 +2.7435e+00 -6.1728e-01 -3.2236e+00
413 0 +3.150758887e+00 -2.767992411e+02 -2.767992411e+02 -3.2007e+00 -4.4033e+00 +2.7435e+00 -6.2186e-01 -3.2282e+00
436 0 +3.150758887e+00 -2.767992411e+02 -2.767992411e+02 -3.2007e+00 -4.4033e+00 +2.7435e+00 -6.2186e-01 -3.2282e+00
% f evaluations | g evaluations | best noise-free fitness - Fopt (9.319900000000e+02) + sum g_i+ | measured fitness | best measured fitness or single-digit g-values | x1 | x2...
1 0 +7.845967669e+02 +1.716586767e+03 +1.716586767e+03 +0.0000e+00 +0.0000e+00 +0.0000e+00 +0.0000e+00 +0.0000e+00
3 0 +7.589537319e+02 +1.690943732e+03 +1.690943732e+03 -3.3333e+00 +0.0000e+00 +0.0000e+00 +0.0000e+00 +0.0000e+00
6 0 +4.564960365e+02 +1.388486036e+03 +1.388486036e+03 +0.0000e+00 +0.0000e+00 +3.3333e+00 +0.0000e+00 +0.0000e+00
20 0 +3.352381371e+02 +1.267228137e+03 +1.267228137e+03 +3.3333e+00 +0.0000e+00 +3.3333e+00 +0.0000e+00 +3.3333e+00
34 0 +2.594451320e+02 +1.191435132e+03 +1.191435132e+03 +0.0000e+00 +0.0000e+00 +3.3333e+00 +0.0000e+00 +1.1111e+00
42 0 +2.036039085e+02 +1.135593909e+03 +1.135593909e+03 +0.0000e+00 +1.1111e+00 +3.3333e+00 +0.0000e+00 +1.1111e+00
50 0 +1.940932374e+02 +1.126083237e+03 +1.126083237e+03 +1.1111e+00 +1.1111e+00 +3.3333e+00 +0.0000e+00 +1.1111e+00
66 0 +1.529984590e+02 +1.084988459e+03 +1.084988459e+03 +1.1111e+00 +1.1111e+00 +4.4444e+00 +1.1111e+00 +1.1111e+00
76 0 +1.123288861e+02 +1.044318886e+03 +1.044318886e+03 +1.1111e+00 +1.1111e+00 +3.3333e+00 +0.0000e+00 +1.4815e+00
86 0 +1.117699878e+02 +1.043759988e+03 +1.043759988e+03 +1.1111e+00 +1.1111e+00 +3.7037e+00 +0.0000e+00 +1.4815e+00
102 0 +9.698490832e+01 +1.028974908e+03 +1.028974908e+03 +1.1111e+00 +1.4815e+00 +3.7037e+00 +0.0000e+00 +1.4815e+00
112 0 +8.759003044e+01 +1.019580030e+03 +1.019580030e+03 +1.1111e+00 +1.4815e+00 +3.7037e+00 +3.7037e-01 +1.4815e+00
164 0 +7.521690023e+01 +1.007206900e+03 +1.007206900e+03 +1.2346e+00 +1.4815e+00 +3.8272e+00 +3.7037e-01 +1.4815e+00
168 0 +7.046716266e+01 +1.002457163e+03 +1.002457163e+03 +1.2346e+00 +1.4815e+00 +3.7037e+00 +3.7037e-01 +1.6049e+00
191 0 +6.250972923e+01 +9.944997292e+02 +9.944997292e+02 +1.2346e+00 +1.3580e+00 +3.8272e+00 +3.7037e-01 +1.6049e+00
245 0 +3.744613924e+01 +9.694361392e+02 +9.694361392e+02 +7.4074e-01 +0.0000e+00 +1.4815e+00 -2.2222e+00 +2.9630e+00
290 0 +3.329924533e+01 +9.652892453e+02 +9.652892453e+02 +7.4074e-01 +0.0000e+00 +1.4815e+00 -2.0988e+00 +2.9630e+00
324 0 +3.040842062e+01 +9.623984206e+02 +9.623984206e+02 +8.6420e-01 +0.0000e+00 +1.6049e+00 -2.0988e+00 +2.9630e+00
354 0 +2.639241641e+01 +9.583824164e+02 +9.583824164e+02 +7.8189e-01 +0.0000e+00 +1.5226e+00 -2.0988e+00 +2.9630e+00
414 0 +2.506614542e+01 +9.570561454e+02 +9.570561454e+02 +7.9561e-01 +0.0000e+00 +1.5364e+00 -2.0988e+00 +2.9630e+00
550 0 +2.308548922e+01 +9.550754892e+02 +9.550754892e+02 +8.0018e-01 -1.3717e-02 +1.5364e+00 -2.0850e+00 +2.9813e+00
% f evaluations | g evaluations | best noise-free fitness - Fopt (1.133100000000e+02) + sum g_i+ | measured fitness | best measured fitness or single-digit g-values | x1 | x2...
1 0 +5.494990338e+02 +6.628090338e+02 +6.628090338e+02 +0.0000e+00 +0.0000e+00 +0.0000e+00 +0.0000e+00 +0.0000e+00
4 0 +4.920178547e+02 +6.053278547e+02 +6.053278547e+02 +0.0000e+00 +3.3333e+00 +0.0000e+00 +0.0000e+00 +0.0000e+00
12 0 +3.452515479e+02 +4.585615479e+02 +4.585615479e+02 +3.3333e+00 +3.3333e+00 +0.0000e+00 +0.0000e+00 +0.0000e+00
41 0 +2.438267373e+02 +3.571367373e+02 +3.571367373e+02 +3.3333e+00 +3.3333e+00 +0.0000e+00 +2.2222e+00 +0.0000e+00
73 0 +2.158254161e+02 +3.291354161e+02 +3.291354161e+02 +2.9630e+00 +3.3333e+00 +0.0000e+00 +2.2222e+00 +1.1111e+00
91 0 +1.773859693e+02 +2.906959693e+02 +2.906959693e+02 +2.9630e+00 +3.3333e+00 +0.0000e+00 +1.8519e+00 +1.1111e+00
123 0 +1.530907638e+02 +2.664007638e+02 +2.664007638e+02 +2.9630e+00 +2.9630e+00 -3.7037e-01 +1.8519e+00 +7.4074e-01
147 0 +1.411548095e+02 +2.544648095e+02 +2.544648095e+02 +2.8395e+00 +2.9630e+00 -3.7037e-01 +1.7284e+00 +7.4074e-01
256 0 +1.197697043e+02 +2.330797043e+02 +2.330797043e+02 +2.5926e+00 +3.3333e+00 +0.0000e+00 +1.1111e+00 +1.1111e+00
259 0 +1.026437110e+02 +2.159537110e+02 +2.159537110e+02 +2.2222e+00 +2.9630e+00 +0.0000e+00 +1.1111e+00 +1.1111e+00
280 0 +9.206745339e+01 +2.053774534e+02 +2.053774534e+02 +2.5926e+00 +2.9630e+00 +0.0000e+00 +1.1111e+00 +1.1111e+00
285 0 +7.590744711e+01 +1.892174471e+02 +1.892174471e+02 +2.2222e+00 +2.9630e+00 +0.0000e+00 +7.4074e-01 +1.1111e+00
297 0 +6.639015917e+01 +1.797001592e+02 +1.797001592e+02 +2.2222e+00 +2.9630e+00 +0.0000e+00 +7.4074e-01 +7.4074e-01
304 0 +2.969661974e+01 +1.430066197e+02 +1.430066197e+02 +2.2222e+00 +2.9630e+00 +3.7037e-01 +7.4074e-01 +7.4074e-01
324 0 +2.630871418e+01 +1.396187142e+02 +1.396187142e+02 +2.2222e+00 +3.0864e+00 +3.7037e-01 +7.4074e-01 +7.4074e-01
329 0 +1.200457397e+01 +1.253145740e+02 +1.253145740e+02 +2.2222e+00 +2.9630e+00 +3.7037e-01 +6.1728e-01 +7.4074e-01
368 0 +9.367360292e+00 +1.226773603e+02 +1.226773603e+02 +2.2222e+00 +3.0041e+00 +3.7037e-01 +6.1728e-01 +7.4074e-01
371 0 +8.538961742e+00 +1.218489617e+02 +1.218489617e+02 +2.2222e+00 +2.9630e+00 +3.2922e-01 +6.1728e-01 +7.4074e-01
373 0 +7.466737174e+00 +1.207767372e+02 +1.207767372e+02 +2.2222e+00 +2.9630e+00 +3.7037e-01 +5.7613e-01 +7.4074e-01
390 0 +6.078459813e+00 +1.193884598e+02 +1.193884598e+02 +2.2222e+00 +3.0041e+00 +3.7037e-01 +5.7613e-01 +7.4074e-01
393 0 +5.600389462e+00 +1.189103895e+02 +1.189103895e+02 +2.2222e+00 +2.9630e+00 +3.2922e-01 +5.7613e-01 +7.4074e-01
443 0 +4.602178375e+00 +1.179121784e+02 +1.179121784e+02 +2.2222e+00 +2.9492e+00 +3.2922e-01 +5.7613e-01 +7.4074e-01
473 0 +4.298202991e+00 +1.176082030e+02 +1.176082030e+02 +2.2085e+00 +2.9492e+00 +3.2922e-01 +5.7613e-01 +7.4074e-01
497 0 +3.759383122e+00 +1.170693831e+02 +1.170693831e+02 +2.2085e+00 +2.9492e+00 +3.2922e-01 +5.7613e-01 +7.5446e-01
519 0 +2.592077434e+00 +1.159020774e+02 +1.159020774e+02 +2.2085e+00 +2.9492e+00 +3.2922e-01 +5.6241e-01 +7.5446e-01
557 0 +2.136485141e+00 +1.154464851e+02 +1.154464851e+02 +2.2085e+00 +2.9447e+00 +3.2922e-01 +5.6241e-01 +7.5446e-01
591 0 +1.921129248e+00 +1.152311292e+02 +1.152311292e+02 +2.2085e+00 +2.9447e+00 +3.2922e-01 +5.5784e-01 +7.5446e-01
614 0 +1.750539607e+00 +1.150605396e+02 +1.150605396e+02 +2.2085e+00 +2.9447e+00 +3.3379e-01 +5.5784e-01 +7.5446e-01
643 0 +1.579328456e+00 +1.148893285e+02 +1.148893285e+02 +2.2039e+00 +2.9447e+00 +3.3379e-01 +5.5784e-01 +7.5446e-01
646 0 +1.579328456e+00 +1.148893285e+02 +1.148893285e+02 +2.2039e+00 +2.9447e+00 +3.3379e-01 +5.5784e-01 +7.5446e-01
% f evaluations | g evaluations | best noise-free fitness - Fopt (2.264000000000e+01) + sum g_i+ | measured fitness | best measured fitness or single-digit g-values | x1 | x2...
1 0 +1.177090877e+03 +1.199730877e+03 +1.199730877e+03 +0.0000e+00 +0.0000e+00 +0.0000e+00 +0.0000e+00 +0.0000e+00
2 0 +9.931966768e+02 +1.015836677e+03 +1.015836677e+03 +3.3333e+00 +0.0000e+00 +0.0000e+00 +0.0000e+00 +0.0000e+00
12 0 +7.721629679e+02 +7.948029679e+02 +7.948029679e+02 +3.3333e+00 +3.3333e+00 +0.0000e+00 +0.0000e+00 +0.0000e+00
19 0 +6.604620297e+02 +6.831020297e+02 +6.831020297e+02 +3.3333e+00 +0.0000e+00 +0.0000e+00 +0.0000e+00 -3.3333e+00
20 0 +3.821324173e+02 +4.047724173e+02 +4.047724173e+02 +3.3333e+00 +3.3333e+00 +0.0000e+00 +0.0000e+00 -3.3333e+00
26 0 +1.237832479e+02 +1.464232479e+02 +1.464232479e+02 +3.3333e+00 +3.3333e+00 -3.3333e+00 +0.0000e+00 -3.3333e+00
37 0 +1.020113990e+02 +1.246513990e+02 +1.246513990e+02 +3.3333e+00 +2.2222e+00 -3.3333e+00 +0.0000e+00 -3.3333e+00
53 0 +7.890670373e+01 +1.015467037e+02 +1.015467037e+02 +3.3333e+00 +2.2222e+00 -3.3333e+00 -1.1111e+00 -3.3333e+00
90 0 +6.736600374e+01 +9.000600374e+01 +9.000600374e+01 +3.3333e+00 +2.3457e+00 -3.3333e+00 -1.1111e+00 -3.3333e+00
109 0 +5.524123307e+01 +7.788123307e+01 +7.788123307e+01 +3.3333e+00 +3.3333e+00 -2.5926e+00 +1.1111e+00 -3.3333e+00
156 0 +2.345604549e+01 +4.609604549e+01 +4.609604549e+01 +3.4568e+00 +3.3333e+00 -2.5926e+00 +1.1111e+00 -3.3333e+00
181 0 +1.853554828e+01 +4.117554828e+01 +4.117554828e+01 +3.4568e+00 +3.3333e+00 -2.7160e+00 +1.1111e+00 -3.3333e+00
240 0 +1.175369067e+01 +3.439369067e+01 +3.439369067e+01 +3.4979e+00 +3.3333e+00 -2.7160e+00 +9.8765e-01 -3.3333e+00
263 0 +1.112364134e+01 +3.376364134e+01 +3.376364134e+01 +3.4979e+00 +3.2922e+00 -2.7160e+00 +9.8765e-01 -3.3333e+00
266 0 +9.631456935e+00 +3.227145693e+01 +3.227145693e+01 +3.4979e+00 +3.3333e+00 -2.7160e+00 +1.0288e+00 -3.3333e+00
336 0 +8.561022648e+00 +3.120102265e+01 +3.120102265e+01 +3.4979e+00 +3.3196e+00 -2.7160e+00 +1.0425e+00 -3.3333e+00
383 0 +7.656677654e+00 +3.029667765e+01 +3.029667765e+01 +3.4934e+00 +3.3196e+00 -2.7160e+00 +1.0425e+00 -3.3333e+00
444 0 +7.374474722e+00 +3.001447472e+01 +3.001447472e+01 +3.4934e+00 +3.3196e+00 -2.7160e+00 +1.0425e+00 -3.3288e+00
% f evaluations | g evaluations | best noise-free fitness - Fopt (7.553000000000e+01) + sum g_i+ | measured fitness | best measured fitness or single-digit g-values | x1 | x2...
1 0 +1.296943706e+03 +1.372473706e+03 +1.372473706e+03 +0.0000e+00 +0.0000e+00 +0.0000e+00 +0.0000e+00 +0.0000e+00
5 0 +1.217973983e+03 +1.293503983e+03 +1.293503983e+03 +0.0000e+00 -3.3333e+00 +0.0000e+00 +0.0000e+00 +0.0000e+00
6 0 +6.873402188e+02 +7.628702188e+02 +7.628702188e+02 +0.0000e+00 +0.0000e+00 +3.3333e+00 +0.0000e+00 +0.0000e+00
17 0 +4.592799383e+02 +5.348099383e+02 +5.348099383e+02 +0.0000e+00 +0.0000e+00 +3.3333e+00 -3.3333e+00 +0.0000e+00
19 0 +3.485528204e+02 +4.240828204e+02 +4.240828204e+02 +0.0000e+00 +0.0000e+00 +3.3333e+00 +0.0000e+00 -3.3333e+00
25 0 +2.326392264e+02 +3.081692264e+02 +3.081692264e+02 +0.0000e+00 +0.0000e+00 +3.3333e+00 -3.3333e+00 -3.3333e+00
39 0 +1.815123804e+02 +2.570423804e+02 +2.570423804e+02 +0.0000e+00 +0.0000e+00 +2.2222e+00 -3.3333e+00 -3.3333e+00
49 0 +1.708436428e+02 +2.463736428e+02 +2.463736428e+02 +0.0000e+00 -1.1111e+00 +3.3333e+00 -2.2222e+00 -3.3333e+00
60 0 +8.506954024e+01 +1.605995402e+02 +1.605995402e+02 +0.0000e+00 -1.1111e+00 +3.3333e+00 -2.2222e+00 -2.2222e+00
74 0 +7.352589825e+01 +1.490558982e+02 +1.490558982e+02 +0.0000e+00 -7.4074e-01 +3.3333e+00 -2.2222e+00 -2.2222e+00
93 0 +7.040681736e+01 +1.459368174e+02 +1.459368174e+02 +0.0000e+00 -7.4074e-01 +3.3333e+00 -2.5926e+00 -2.2222e+00
95 0 +4.938400640e+01 +1.249140064e+02 +1.249140064e+02 +0.0000e+00 -7.4074e-01 +3.3333e+00 -2.2222e+00 -2.5926e+00
121 0 +3.248084638e+01 +1.080108464e+02 +1.080108464e+02 +0.0000e+00 -7.4074e-01 +2.9630e+00 -2.5926e+00 -2.5926e+00
155 0 +3.045513884e+01 +1.059851388e+02 +1.059851388e+02 +0.0000e+00 -8.6420e-01 +2.9630e+00 -2.5926e+00 -2.5926e+00
156 0 +2.287058386e+01 +9.840058386e+01 +9.840058386e+01 +0.0000e+00 -7.4074e-01 +3.0864e+00 -2.5926e+00 -2.5926e+00
161 0 +1.995353533e+01 +9.548353533e+01 +9.548353533e+01 +0.0000e+00 -7.4074e-01 +2.9630e+00 -2.5926e+00 -2.7160e+00
195 0 +1.760898134e+01 +9.313898134e+01 +9.313898134e+01 +0.0000e+00 -7.8189e-01 +2.9630e+00 -2.5926e+00 -2.7160e+00
215 0 +1.515401600e+01 +9.068401600e+01 +9.068401600e+01 +0.0000e+00 -7.8189e-01 +3.0041e+00 -2.5926e+00 -2.7160e+00
235 0 +1.336830960e+01 +8.889830960e+01 +8.889830960e+01 -4.1152e-02 -7.8189e-01 +3.0041e+00 -2.5926e+00 -2.7160e+00
276 0 +1.234021728e+01 +8.787021728e+01 +8.787021728e+01 +0.0000e+00 -7.8189e-01 +3.0041e+00 -2.5514e+00 -2.7023e+00
290 0 +1.110406034e+01 +8.663406034e+01 +8.663406034e+01 -4.1152e-02 -7.8189e-01 +3.0041e+00 -2.5926e+00 -2.6749e+00
318 0 +9.080007828e+00 +8.461000783e+01 +8.461000783e+01 -4.1152e-02 -7.8189e-01 +3.0178e+00 -2.5926e+00 -2.6749e+00
334 0 +8.525009196e+00 +8.405500920e+01 +8.405500920e+01 -2.7435e-02 -7.8189e-01 +3.0178e+00 -2.5926e+00 -2.6749e+00
378 0 +7.498514318e+00 +8.302851432e+01 +8.302851432e+01 -4.1152e-02 -7.9561e-01 +3.0178e+00 -2.6063e+00 -2.6612e+00
426 0 +6.817273683e+00 +8.234727368e+01 +8.234727368e+01 -4.1152e-02 -7.9561e-01 +3.0224e+00 -2.6063e+00 -2.6612e+00
498 0 +6.525620341e+00 +8.205562034e+01 +8.205562034e+01 -4.1152e-02 -7.9104e-01 +3.0224e+00 -2.6109e+00 -2.6612e+00
% f evaluations | g evaluations | best noise-free fitness - Fopt (1.923000000000e+01) + sum g_i+ | measured fitness | best measured fitness or single-digit g-values | x1 | x2...
1 0 +9.001183211e+02 +9.193483211e+02 +9.193483211e+02 +0.0000e+00 +0.0000e+00 +0.0000e+00 +0.0000e+00 +0.0000e+00
2 0 +7.995965216e+02 +8.188265216e+02 +8.188265216e+02 +3.3333e+00 +0.0000e+00 +0.0000e+00 +0.0000e+00 +0.0000e+00
4 0 +6.364520974e+02 +6.556820974e+02 +6.556820974e+02 +0.0000e+00 +3.3333e+00 +0.0000e+00 +0.0000e+00 +0.0000e+00
10 0 +5.989489129e+02 +6.181789129e+02 +6.181789129e+02 +0.0000e+00 +0.0000e+00 +0.0000e+00 +0.0000e+00 +3.3333e+00
12 0 +4.799968866e+02 +4.992268866e+02 +4.992268866e+02 +3.3333e+00 +0.0000e+00 +0.0000e+00 +0.0000e+00 +3.3333e+00
29 0 +3.793690583e+02 +3.985990583e+02 +3.985990583e+02 +3.3333e+00 +0.0000e+00 +3.3333e+00 -3.3333e+00 +3.3333e+00
33 0 +3.032854728e+02 +3.225154728e+02 +3.225154728e+02 +3.3333e+00 +3.3333e+00 +0.0000e+00 -3.3333e+00 +3.3333e+00
51 0 +2.183680861e+02 +2.375980861e+02 +2.375980861e+02 +3.3333e+00 +2.2222e+00 +0.0000e+00 -3.3333e+00 +3.3333e+00
63 0 +1.934572971e+02 +2.126872971e+02 +2.126872971e+02 +3.3333e+00 +2.2222e+00 +0.0000e+00 -3.3333e+00 +2.2222e+00
72 0 +1.495517758e+02 +1.687817758e+02 +1.687817758e+02 +3.3333e+00 +2.2222e+00 +1.1111e+00 -3.3333e+00 +2.2222e+00
91 0 +1.299023723e+02 +1.491323723e+02 +1.491323723e+02 +2.2222e+00 +2.2222e+00 +1.1111e+00 -2.2222e+00 +2.2222e+00
96 0 +8.970987849e+01 +1.089398785e+02 +1.089398785e+02 +2.5926e+00 +2.2222e+00 +1.1111e+00 -2.2222e+00 +2.2222e+00
119 0 +7.993154464e+01 +9.916154464e+01 +9.916154464e+01 +2.5926e+00 +1.8519e+00 +1.1111e+00 -2.2222e+00 +2.2222e+00
121 0 +5.153242519e+01 +7.076242519e+01 +7.076242519e+01 +2.5926e+00 +2.2222e+00 +7.4074e-01 -2.2222e+00 +2.2222e+00
162 0 +4.925301332e+01 +6.848301332e+01 +6.848301332e+01 +2.5926e+00 +1.8519e+00 +7.4074e-01 -1.8519e+00 +2.5926e+00
167 0 +3.455053148e+01 +5.378053148e+01 +5.378053148e+01 +2.5926e+00 +2.0988e+00 +7.4074e-01 -2.2222e+00 +2.5926e+00
184 0 +2.192538568e+01 +4.115538568e+01 +4.115538568e+01 +2.7160e+00 +2.0988e+00 +7.4074e-01 -2.2222e+00 +2.5926e+00
205 0 +9.752287356e+00 +2.898228736e+01 +2.898228736e+01 +2.7160e+00 +2.0988e+00 +6.1728e-01 -2.2222e+00 +2.5926e+00
238 0 +8.023567578e+00 +2.725356758e+01 +2.725356758e+01 +2.7160e+00 +2.0988e+00 +6.1728e-01 -2.1811e+00 +2.5926e+00
279 0 +6.790181801e+00 +2.602018180e+01 +2.602018180e+01 +2.7160e+00 +2.0850e+00 +6.1728e-01 -2.1811e+00 +2.5926e+00
324 0 +6.113510411e+00 +2.534351041e+01 +2.534351041e+01 +2.7298e+00 +2.0850e+00 +6.3100e-01 -2.1811e+00 +2.5926e+00
347 0 +5.125735214e+00 +2.435573521e+01 +2.435573521e+01 +2.7298e+00 +2.0850e+00 +6.3100e-01 -2.1948e+00 +2.5926e+00
369 0 +4.664261520e+00 +2.389426152e+01 +2.389426152e+01 +2.7298e+00 +2.0850e+00 +6.3100e-01 -2.1948e+00 +2.5789e+00
416 0 +4.377967227e+00 +2.360796723e+01 +2.360796723e+01 +2.7343e+00 +2.0850e+00 +6.3100e-01 -2.1994e+00 +2.5789e+00
481 0 +3.920499767e+00 +2.315049977e+01 +2.315049977e+01 +2.7343e+00 +2.0805e+00 +6.3557e-01 -2.1994e+00 +2.5789e+00
484 0 +3.920499767e+00 +2.315049977e+01 +2.315049977e+01 +2.7343e+00 +2.0805e+00 +6.3557e-01 -2.1994e+00 +2.5789e+00
% f evaluations | g evaluations | best noise-free fitness - Fopt (7.046300000000e+02) + sum g_i+ | measured fitness | best measured fitness or single-digit g-values | x1 | x2...
1 0 +8.110240174e+02 +1.515654017e+03 +1.515654017e+03 +0.0000e+00 +0.0000e+00 +0.0000e+00 +0.0000e+00 +0.0000e+00
6 0 +7.318165148e+02 +1.436446515e+03 +1.436446515e+03 +0.0000e+00 +0.0000e+00 +3.3333e+00 +0.0000e+00 +0.0000e+00
9 0 +6.949214984e+02 +1.399551498e+03 +1.399551498e+03 +0.0000e+00 +0.0000e+00 +0.0000e+00 -3.3333e+00 +0.0000e+00
12 0 +6.228288426e+02 +1.327458843e+03 +1.327458843e+03 +3.3333e+00 +0.0000e+00 +0.0000e+00 -3.3333e+00 +0.0000e+00
23 0 +4.284288039e+02 +1.133058804e+03 +1.133058804e+03 +0.0000e+00 -3.3333e+00 +0.0000e+00 -3.3333e+00 -3.3333e+00
28 0 +3.966552575e+02 +1.101285258e+03 +1.101285258e+03 +0.0000e+00 -3.3333e+00 +3.3333e+00 -3.3333e+00 -3.3333e+00
37 0 +2.568788710e+02 +9.615088710e+02 +9.615088710e+02 +2.2222e+00 -3.3333e+00 +3.3333e+00 -3.3333e+00 -3.3333e+00
49 0 +2.409364391e+02 +9.455664391e+02 +9.455664391e+02 +2.2222e+00 -4.4444e+00 +3.3333e+00 -3.3333e+00 -3.3333e+00
54 0 +1.279653331e+02 +8.325953331e+02 +8.325953331e+02 +2.2222e+00 -3.3333e+00 +3.3333e+00 -3.3333e+00 -2.2222e+00
61 0 +3.424812617e+01 +7.388781262e+02 +7.388781262e+02 +2.2222e+00 -3.3333e+00 +2.2222e+00 -3.3333e+00 -2.2222e+00
83 0 +2.410824867e+01 +7.287382487e+02 +7.287382487e+02 +2.2222e+00 -3.3333e+00 +1.8519e+00 -3.3333e+00 -2.2222e+00
113 0 +2.208614124e+01 +7.267161412e+02 +7.267161412e+02 +2.0988e+00 -3.3333e+00 +1.8519e+00 -3.3333e+00 -2.2222e+00
132 0 +1.905423373e+01 +7.236842337e+02 +7.236842337e+02 +2.0988e+00 -3.2099e+00 +1.8519e+00 -3.3333e+00 -2.2222e+00
139 0 +8.376602132e+00 +7.130066021e+02 +7.130066021e+02 +2.0988e+00 -3.3333e+00 +1.8519e+00 -3.3333e+00 -2.3457e+00
174 0 +6.997229691e+00 +7.116272297e+02 +7.116272297e+02 +2.0988e+00 -3.3333e+00 +1.8930e+00 -3.3333e+00 -2.3457e+00
177 0 +6.237646350e+00 +7.108676463e+02 +7.108676463e+02 +2.0988e+00 -3.3333e+00 +1.8519e+00 -3.3745e+00 -2.3457e+00
213 0 +4.805300688e+00 +7.094353007e+02 +7.094353007e+02 +2.0988e+00 -3.2922e+00 +1.8107e+00 -3.3745e+00 -2.3457e+00
230 0 +4.232571628e+00 +7.088625716e+02 +7.088625716e+02 +2.0988e+00 -3.2922e+00 +1.8107e+00 -3.3745e+00 -2.3045e+00
270 0 +3.597868571e+00 +7.082278686e+02 +7.082278686e+02 +2.1125e+00 -3.2922e+00 +1.8107e+00 -3.3745e+00 -2.3045e+00
279 0 +1.773650098e+00 +7.064036501e+02 +7.064036501e+02 +2.0988e+00 -3.2922e+00 +1.8107e+00 -3.3745e+00 -2.3182e+00
342 0 +1.124020102e+00 +7.057540201e+02 +7.057540201e+02 +2.1033e+00 -3.2922e+00 +1.8244e+00 -3.3745e+00 -2.3182e+00
369 0 +1.082917633e+00 +7.057129176e+02 +7.057129176e+02 +2.1033e+00 -3.2968e+00 +1.8244e+00 -3.3745e+00 -2.3182e+00
375 0 +8.655014920e-01 +7.054955015e+02 +7.054955015e+02 +2.1033e+00 -3.2922e+00 +1.8244e+00 -3.3745e+00 -2.3228e+00
403 0 +2.781091683e-01 +7.049081092e+02 +7.049081092e+02 +2.1033e+00 -3.2968e+00 +1.8244e+00 -3.3745e+00 -2.3228e+00
428 0 +2.781091683e-01 +7.049081092e+02 +7.049081092e+02 +2.1033e+00 -3.2968e+00 +1.8244e+00 -3.3745e+00 -2.3228e+00
% f evaluations | g evaluations | best noise-free fitness - Fopt (1.011200000000e+02) + sum g_i+ | measured fitness | best measured fitness or single-digit g-values | x1 | x2...
1 0 +6.811236067e+02 +7.822436067e+02 +7.822436067e+02 +0.0000e+00 +0.0000e+00 +0.0000e+00 +0.0000e+00 +0.0000e+00
7 0 +5.796814038e+02 +6.808014038e+02 +6.808014038e+02 +0.0000e+00 +0.0000e+00 -3.3333e+00 +0.0000e+00 +0.0000e+00
8 0 +4.458845643e+02 +5.470045643e+02 +5.470045643e+02 +0.0000e+00 +0.0000e+00 +0.0000e+00 +3.3333e+00 +0.0000e+00
12 0 +3.651393882e+02 +4.662593882e+02 +4.662593882e+02 +3.3333e+00 +0.0000e+00 +0.0000e+00 +3.3333e+00 +0.0000e+00
31 0 +2.812913860e+02 +3.824113860e+02 +3.824113860e+02 +2.2222e+00 +0.0000e+00 +0.0000e+00 +3.3333e+00 +0.0000e+00
43 0 +1.943730015e+02 +2.954930015e+02 +2.954930015e+02 +2.2222e+00 +0.0000e+00 -1.1111e+00 +3.3333e+00 +0.0000e+00
57 0 +1.559084128e+02 +2.570284128e+02 +2.570284128e+02 +2.2222e+00 +0.0000e+00 -1.1111e+00 +2.2222e+00 +0.0000e+00
75 0 +1.156703454e+02 +2.167903454e+02 +2.167903454e+02 +2.2222e+00 +0.0000e+00 -1.4815e+00 +2.2222e+00 +0.0000e+00
89 0 +1.106758975e+02 +2.117958975e+02 +2.117958975e+02 +1.8519e+00 +0.0000e+00 -1.4815e+00 +2.2222e+00 +0.0000e+00
91 0 +9.881416960e+01 +1.999341696e+02 +1.999341696e+02 +2.2222e+00 -3.7037e-01 -1.4815e+00 +2.2222e+00 +0.0000e+00
105 0 +8.275306776e+01 +1.838730678e+02 +1.838730678e+02 +2.2222e+00 -3.7037e-01 -1.4815e+00 +2.5926e+00 +0.0000e+00
113 0 +7.132629310e+01 +1.724462931e+02 +1.724462931e+02 +1.8519e+00 +0.0000e+00 -1.4815e+00 +2.5926e+00 -3.7037e-01
124 0 +6.131883402e+01 +1.624388340e+02 +1.624388340e+02 +1.8519e+00 +3.7037e-01 -1.4815e+00 +2.5926e+00 -3.7037e-01
139 0 +4.995437507e+01 +1.510743751e+02 +1.510743751e+02 +1.8519e+00 +3.7037e-01 -1.6049e+00 +2.5926e+00 -3.7037e-01
172 0 +3.551591020e+01 +1.366359102e+02 +1.366359102e+02 +1.8519e+00 +3.7037e-01 -1.6049e+00 +2.7160e+00 -4.9383e-01
184 0 +3.477946082e+01 +1.358994608e+02 +1.358994608e+02 +1.8519e+00 +4.9383e-01 -1.6049e+00 +2.7160e+00 -4.9383e-01
211 0 +3.122908420e+01 +1.323490842e+02 +1.323490842e+02 +1.8519e+00 +4.9383e-01 -1.6461e+00 +2.7160e+00 -4.9383e-01
237 0 +2.756200543e+01 +1.286820054e+02 +1.286820054e+02 +1.8519e+00 +4.9383e-01 -1.6461e+00 +2.7160e+00 -5.3498e-01
301 0 +2.383593999e+01 +1.249559400e+02 +1.249559400e+02 +1.8930e+00 +4.9383e-01 -1.6598e+00 +2.7572e+00 -5.3498e-01
411 0 +2.236674870e+01 +1.234867487e+02 +1.234867487e+02 +1.8930e+00 +4.9383e-01 -1.6644e+00 +2.7709e+00 -5.4870e-01
479 0 +1.648968314e+01 +1.176096831e+02 +1.176096831e+02 +2.3457e+00 -8.6420e-01 -2.2222e+00 +2.2222e+00 +0.0000e+00
524 0 +1.583791176e+01 +1.169579118e+02 +1.169579118e+02 +2.3457e+00 -8.6420e-01 -2.1811e+00 +2.2222e+00 +0.0000e+00
544 0 +1.045456229e+01 +1.115745623e+02 +1.115745623e+02 +2.3457e+00 -8.6420e-01 -2.1811e+00 +2.2222e+00 +4.1152e-02
590 0 +9.917998745e+00 +1.110379987e+02 +1.110379987e+02 +2.3594e+00 -8.6420e-01 -2.1811e+00 +2.2222e+00 +4.1152e-02
616 0 +8.607139641e+00 +1.097271396e+02 +1.097271396e+02 +2.3457e+00 -8.6420e-01 -2.1674e+00 +2.2359e+00 +4.1152e-02
632 0 +7.195647304e+00 +1.083156473e+02 +1.083156473e+02 +2.3594e+00 -8.6420e-01 -2.1674e+00 +2.2359e+00 +4.1152e-02
653 0 +6.788052186e+00 +1.079080522e+02 +1.079080522e+02 +2.3594e+00 -8.7791e-01 -2.1674e+00 +2.2359e+00 +4.1152e-02
718 0 +6.502752106e+00 +1.076227521e+02 +1.076227521e+02 +2.3594e+00 -8.7334e-01 -2.1674e+00 +2.2359e+00 +4.1152e-02
% f evaluations | g evaluations | best noise-free fitness - Fopt (-1.000000000000e+03) + sum g_i+ | measured fitness | best measured fitness or single-digit g-values | x1 | x2...
1 0 +1.148153225e+03 +1.481532246e+02 +1.481532246e+02 +0.0000e+00 +0.0000e+00 +0.0000e+00 +0.0000e+00 +0.0000e+00
3 0 +7.577272723e+02 -2.422727277e+02 -2.422727277e+02 -3.3333e+00 +0.0000e+00 +0.0000e+00 +0.0000e+00 +0.0000e+00
14 0 +6.562141419e+02 -3.437858581e+02 -3.437858581e+02 -3.3333e+00 +0.0000e+00 +3.3333e+00 +0.0000e+00 +0.0000e+00
16 0 +5.351278565e+02 -4.648721435e+02 -4.648721435e+02 -3.3333e+00 +0.0000e+00 +0.0000e+00 +3.3333e+00 +0.0000e+00
26 0 +1.904125779e+02 -8.095874221e+02 -8.095874221e+02 -3.3333e+00 +3.3333e+00 +0.0000e+00 +3.3333e+00 +3.3333e+00
39 0 +1.366234485e+02 -8.633765515e+02 -8.633765515e+02 -3.3333e+00 +2.2222e+00 +0.0000e+00 +3.3333e+00 +3.3333e+00
43 0 +9.215033945e+01 -9.078496605e+02 -9.078496605e+02 -3.3333e+00 +3.3333e+00 +0.0000e+00 +2.2222e+00 +3.3333e+00
67 0 +3.555268480e+01 -9.644473152e+02 -9.644473152e+02 -3.3333e+00 +2.9630e+00 +0.0000e+00 +2.2222e+00 +3.3333e+00
106 0 +3.029775270e+01 -9.697022473e+02 -9.697022473e+02 -3.3333e+00 +2.9630e+00 +1.2346e-01 +2.2222e+00 +3.3333e+00
110 0 +2.792629720e+01 -9.720737028e+02 -9.720737028e+02 -3.3333e+00 +2.9630e+00 +0.0000e+00 +2.2222e+00 +3.4568e+00
160 0 +2.284486709e+01 -9.771551329e+02 -9.771551329e+02 -3.4568e+00 +2.8395e+00 +0.0000e+00 +2.3457e+00 +3.4568e+00
188 0 +2.130120910e+01 -9.786987909e+02 -9.786987909e+02 -3.4156e+00 +2.8395e+00 +0.0000e+00 +2.3457e+00 +3.4568e+00
210 0 +1.528834941e+01 -9.847116506e+02 -9.847116506e+02 -3.4156e+00 +2.8395e+00 +0.0000e+00 +2.3457e+00 +3.4156e+00
230 0 +1.408059284e+01 -9.859194072e+02 -9.859194072e+02 -3.4156e+00 +2.8807e+00 +0.0000e+00 +2.3457e+00 +3.4156e+00
298 0 +1.238277389e+01 -9.876172261e+02 -9.876172261e+02 -3.4019e+00 +2.8807e+00 +0.0000e+00 +2.3045e+00 +3.4156e+00
376 0 +1.067160261e+01 -9.893283974e+02 -9.893283974e+02 -3.4111e+00 +2.8807e+00 +1.3717e-02 +2.3045e+00 +3.4156e+00
450 0 +1.013613967e+01 -9.898638603e+02 -9.898638603e+02 -3.4111e+00 +2.8852e+00 +9.1449e-03 +2.3045e+00 +3.4202e+00
% f evaluations | g evaluations | best noise-free fitness - Fopt (2.577000000000e+01) + sum g_i+ | measured fitness | best measured fitness or single-digit g-values | x1 | x2...
1 0 +9.349911789e+02 +9.607611789e+02 +9.607611789e+02 +0.0000e+00 +0.0000e+00 +0.0000e+00 +0.0000e+00 +0.0000e+00
2 0 +7.443845703e+02 +7.701545703e+02 +7.701545703e+02 +3.3333e+00 +0.0000e+00 +0.0000e+00 +0.0000e+00 +0.0000e+00
19 0 +5.481507751e+02 +5.739207751e+02 +5.739207751e+02 +3.3333e+00 +0.0000e+00 +0.0000e+00 +0.0000e+00 -3.3333e+00
22 0 +1.712268721e+02 +1.969968721e+02 +1.969968721e+02 +3.3333e+00 +0.0000e+00 +3.3333e+00 +0.0000e+00 -3.3333e+00
37 0 +1.444869846e+02 +1.702569846e+02 +1.702569846e+02 +3.3333e+00 +0.0000e+00 +2.2222e+00 +0.0000e+00 -3.3333e+00
47 0 +1.223904663e+02 +1.481604663e+02 +1.481604663e+02 +3.3333e+00 -1.1111e+00 +2.2222e+00 +0.0000e+00 -3.3333e+00
56 0 +9.765444171e+01 +1.234244417e+02 +1.234244417e+02 +3.3333e+00 -1.1111e+00 +2.2222e+00 +1.1111e+00 -3.3333e+00
83 0 +6.842642562e+01 +9.419642562e+01 +9.419642562e+01 +3.3333e+00 -1.4815e+00 +2.2222e+00 +1.1111e+00 -3.3333e+00
117 0 +6.237866219e+01 +8.814866219e+01 +8.814866219e+01 +3.2099e+00 -1.4815e+00 +2.2222e+00 +1.1111e+00 -3.3333e+00
133 0 +5.220999954e+01 +7.797999954e+01 +7.797999954e+01 +2.9630e+00 -1.4815e+00 +2.5926e+00 +7.4074e-01 -3.3333e+00
135 0 +3.712634461e+01 +6.289634461e+01 +6.289634461e+01 +3.3333e+00 -1.4815e+00 +2.5926e+00 +7.4074e-01 -3.7037e+00
164 0 +2.593134218e+01 +5.170134218e+01 +5.170134218e+01 +3.3333e+00 -1.3580e+00 +2.5926e+00 +7.4074e-01 -3.7037e+00
182 0 +2.487951148e+01 +5.064951148e+01 +5.064951148e+01 +3.3333e+00 -1.3580e+00 +2.5926e+00 +8.6420e-01 -3.7037e+00
184 0 +1.833374391e+01 +4.410374391e+01 +4.410374391e+01 +3.3333e+00 -1.3580e+00 +2.5926e+00 +7.4074e-01 -3.5802e+00
197 0 +1.407203527e+01 +3.984203527e+01 +3.984203527e+01 +3.2099e+00 -1.3580e+00 +2.5926e+00 +7.4074e-01 -3.5802e+00
226 0 +6.486697792e+00 +3.225669779e+01 +3.225669779e+01 +3.2510e+00 -1.3580e+00 +2.5926e+00 +7.4074e-01 -3.5802e+00
248 0 +4.919807462e+00 +3.068980746e+01 +3.068980746e+01 +3.2510e+00 -1.3580e+00 +2.5926e+00 +7.8189e-01 -3.5802e+00
286 0 +4.129964575e+00 +2.989996458e+01 +2.989996458e+01 +3.2647e+00 -1.3580e+00 +2.5926e+00 +7.8189e-01 -3.5802e+00
319 0 +2.675618842e+00 +2.844561884e+01 +2.844561884e+01 +3.2647e+00 -1.3580e+00 +2.5789e+00 +7.8189e-01 -3.5802e+00
365 0 +2.428582991e+00 +2.819858299e+01 +2.819858299e+01 +3.2647e+00 -1.3580e+00 +2.5789e+00 +7.7732e-01 -3.5802e+00
395 0 +2.068123193e+00 +2.783812319e+01 +2.783812319e+01 +3.2647e+00 -1.3626e+00 +2.5789e+00 +7.8189e-01 -3.5757e+00
399 0 +1.801602435e+00 +2.757160243e+01 +2.757160243e+01 +3.2647e+00 -1.3580e+00 +2.5789e+00 +7.7732e-01 -3.5757e+00
425 0 +1.767650574e+00 +2.753765057e+01 +2.753765057e+01 +3.2647e+00 -1.3580e+00 +2.5743e+00 +7.7732e-01 -3.5757e+00
452 0 +1.767650574e+00 +2.753765057e+01 +2.753765057e+01 +3.2647e+00 -1.3580e+00 +2.5743e+00 +7.7732e-01 -3.5757e+00
% f evaluations | g evaluations | best noise-free fitness - Fopt (-1.150100000000e+02) + sum g_i+ | measured fitness | best measured fitness or single-digit g-values | x1 | x2...
1 0 +1.402598467e+03 +1.287588467e+03 +1.287588467e+03 +0.0000e+00 +0.0000e+00 +0.0000e+00 +0.0000e+00 +0.0000e+00
3 0 +1.383927946e+03 +1.268917946e+03 +1.268917946e+03 -3.3333e+00 +0.0000e+00 +0.0000e+00 +0.0000e+00 +0.0000e+00
5 0 +1.190505114e+03 +1.075495114e+03 +1.075495114e+03 +0.0000e+00 -3.3333e+00 +0.0000e+00 +0.0000e+00 +0.0000e+00
7 0 +1.025824608e+03 +9.108146078e+02 +9.108146078e+02 +0.0000e+00 +0.0000e+00 -3.3333e+00 +0.0000e+00 +0.0000e+00
10 0 +6.650785283e+02 +5.500685283e+02 +5.500685283e+02 +0.0000e+00 +0.0000e+00 +0.0000e+00 +0.0000e+00 +3.3333e+00
15 0 +3.762010101e+02 +2.611910101e+02 +2.611910101e+02 +0.0000e+00 -3.3333e+00 +0.0000e+00 +0.0000e+00 +3.3333e+00
17 0 +1.347428956e+02 +1.973289555e+01 +1.973289555e+01 +0.0000e+00 +0.0000e+00 -3.3333e+00 +0.0000e+00 +3.3333e+00
51 0 +1.034575699e+02 -1.155243011e+01 -1.155243011e+01 -3.7037e-01 +0.0000e+00 -3.3333e+00 +0.0000e+00 +3.3333e+00
58 0 +9.200376964e+01 -2.300623036e+01 -2.300623036e+01 +0.0000e+00 +0.0000e+00 -3.3333e+00 +0.0000e+00 +3.7037e+00
71 0 +7.201144234e+01 -4.299855766e+01 -4.299855766e+01 -3.7037e-01 +0.0000e+00 -3.3333e+00 +0.0000e+00 +3.7037e+00
88 0 +6.924396974e+01 -4.576603026e+01 -4.576603026e+01 -3.7037e-01 +0.0000e+00 -3.3333e+00 +3.7037e-01 +3.7037e+00
110 0 +5.065071552e+01 -6.435928448e+01 -6.435928448e+01 -3.7037e-01 -3.7037e-01 -2.9630e+00 +0.0000e+00 +3.7037e+00
133 0 +4.878733679e+01 -6.622266321e+01 -6.622266321e+01 -3.7037e-01 -4.9383e-01 -2.9630e+00 +0.0000e+00 +3.7037e+00
165 0 +3.639428784e+01 -7.861571216e+01 -7.861571216e+01 -3.7037e-01 -4.9383e-01 -2.9630e+00 -1.2346e-01 +3.5802e+00
186 0 +3.482088357e+01 -8.018911643e+01 -8.018911643e+01 -3.2922e-01 -4.9383e-01 -2.9630e+00 -1.2346e-01 +3.5802e+00
204 0 +2.704187975e+01 -8.796812025e+01 -8.796812025e+01 -3.2922e-01 -4.9383e-01 -2.9630e+00 -1.2346e-01 +3.6214e+00
274 0 +2.454143258e+01 -9.046856742e+01 -9.046856742e+01 -3.1550e-01 -4.9383e-01 -2.9767e+00 -1.2346e-01 +3.6214e+00
430 0 +2.306557080e+01 -9.194442920e+01 -9.194442920e+01 -3.1093e-01 -4.9383e-01 -2.9813e+00 -1.3717e-01 +3.6168e+00
% f evaluations | g evaluations | best noise-free fitness - Fopt (2.556500000000e+02) + sum g_i+ | measured fitness | best measured fitness or single-digit g-values | x1 | x2...
1 0 +6.977764849e+02 +9.534264849e+02 +9.534264849e+02 +0.0000e+00 +0.0000e+00 +0.0000e+00 +0.0000e+00 +0.0000e+00
5 0 +6.224275800e+02 +8.780775800e+02 +8.780775800e+02 +0.0000e+00 -3.3333e+00 +0.0000e+00 +0.0000e+00 +0.0000e+00
17 0 +4.773483863e+02 +7.329983863e+02 +7.329983863e+02 +0.0000e+00 -3.3333e+00 +0.0000e+00 -3.3333e+00 +0.0000e+00
24 0 +3.173507092e+02 +5.730007092e+02 +5.730007092e+02 +0.0000e+00 -3.3333e+00 +0.0000e+00 -3.3333e+00 +3.3333e+00
32 0 +2.569878181e+02 +5.126378181e+02 +5.126378181e+02 +1.1111e+00 -3.3333e+00 +0.0000e+00 -3.3333e+00 +3.3333e+00
36 0 +2.400289865e+02 +4.956789865e+02 +4.956789865e+02 +0.0000e+00 -3.3333e+00 +1.1111e+00 -3.3333e+00 +3.3333e+00
41 0 +1.411977439e+02 +3.968477439e+02 +3.968477439e+02 +0.0000e+00 -3.3333e+00 +0.0000e+00 -3.3333e+00 +2.2222e+00
68 0 +1.142176545e+02 +3.698676545e+02 +3.698676545e+02 +1.1111e+00 -2.2222e+00 +0.0000e+00 -2.2222e+00 +2.2222e+00
83 0 +9.053455704e+01 +3.461845570e+02 +3.461845570e+02 +7.4074e-01 -2.2222e+00 +0.0000e+00 -2.2222e+00 +2.2222e+00
103 0 +8.034887345e+01 +3.359988735e+02 +3.359988735e+02 +7.4074e-01 -2.2222e+00 +0.0000e+00 -2.5926e+00 +2.2222e+00
113 0 +5.714404438e+01 +3.127940444e+02 +3.127940444e+02 +7.4074e-01 -2.5926e+00 +0.0000e+00 -2.5926e+00 +2.2222e+00
134 0 +4.046008684e+01 +2.961100868e+02 +2.961100868e+02 +7.4074e-01 -2.5926e+00 +3.7037e-01 -2.5926e+00 +2.5926e+00
157 0 +2.546639982e+01 +2.811163998e+02 +2.811163998e+02 +7.4074e-01 -2.7160e+00 +3.7037e-01 -2.5926e+00 +2.5926e+00
179 0 +1.533642652e+01 +2.709864265e+02 +2.709864265e+02 +7.4074e-01 -2.7160e+00 +3.7037e-01 -2.5926e+00 +2.4691e+00
207 0 +1.289502061e+01 +2.685450206e+02 +2.685450206e+02 +6.9959e-01 -2.7160e+00 +3.7037e-01 -2.5926e+00 +2.4691e+00
229 0 +9.288550263e+00 +2.649385503e+02 +2.649385503e+02 +6.9959e-01 -2.7572e+00 +3.7037e-01 -2.5926e+00 +2.4691e+00
247 0 +7.331826038e+00 +2.629818260e+02 +2.629818260e+02 +6.9959e-01 -2.7572e+00 +3.7037e-01 -2.6337e+00 +2.4691e+00
277 0 +6.081714583e+00 +2.617317146e+02 +2.617317146e+02 +6.8587e-01 -2.7572e+00 +3.7037e-01 -2.6337e+00 +2.4691e+00
309 0 +5.291794209e+00 +2.609417942e+02 +2.609417942e+02 +6.8587e-01 -2.7709e+00 +3.7037e-01 -2.6337e+00 +2.4691e+00
339 0 +5.005244240e+00 +2.606552442e+02 +2.606552442e+02 +6.8587e-01 -2.7709e+00 +3.7037e-01 -2.6475e+00 +2.4691e+00
397 0 +4.330624979e+00 +2.599806250e+02 +2.599806250e+02 +6.8587e-01 -2.7755e+00 +3.8409e-01 -2.6337e+00 +2.4829e+00
447 0 +3.957867613e+00 +2.596078676e+02 +2.596078676e+02 +6.8130e-01 -2.7755e+00 +3.8866e-01 -2.6337e+00 +2.4829e+00
472 0 +3.811823020e+00 +2.594618230e+02 +2.594618230e+02 +6.8130e-01 -2.7755e+00 +3.8866e-01 -2.6337e+00 +2.4783e+00
% f evaluations | g evaluations | best noise-free fitness - Fopt (5.382000000000e+01) + sum g_i+ | measured fitness | best measured fitness or single-digit g-values | x1 | x2...
1 0 +1.852526363e+03 +1.906346363e+03 +1.906346363e+03 +0.0000e+00 +0.0000e+00 +0.0000e+00 +0.0000e+00 +0.0000e+00
3 0 +1.783309864e+03 +1.837129864e+03 +1.837129864e+03 -3.3333e+00 +0.0000e+00 +0.0000e+00 +0.0000e+00 +0.0000e+00
5 0 +1.224432157e+03 +1.278252157e+03 +1.278252157e+03 +0.0000e+00 -3.3333e+00 +0.0000e+00 +0.0000e+00 +0.0000e+00
15 0 +9.336083129e+02 +9.874283129e+02 +9.874283129e+02 +0.0000e+00 -3.3333e+00 -3.3333e+00 +0.0000e+00 +0.0000e+00
18 0 +8.651880327e+02 +9.190080327e+02 +9.190080327e+02 +0.0000e+00 -3.3333e+00 +0.0000e+00 +0.0000e+00 +3.3333e+00
23 0 +4.146121029e+02 +4.684321029e+02 +4.684321029e+02 +0.0000e+00 -3.3333e+00 -3.3333e+00 +0.0000e+00 +3.3333e+00
29 0 +3.731670029e+02 +4.269870029e+02 +4.269870029e+02 +0.0000e+00 -3.3333e+00 -3.3333e+00 -3.3333e+00 +3.3333e+00
35 0 +3.062008960e+02 +3.600208960e+02 +3.600208960e+02 +2.2222e+00 -3.3333e+00 -3.3333e+00 -3.3333e+00 +3.3333e+00
39 0 +2.401899242e+02 +2.940099242e+02 +2.940099242e+02 +3.3333e+00 -3.3333e+00 -4.4444e+00 -3.3333e+00 +3.3333e+00
52 0 +1.902727494e+02 +2.440927494e+02 +2.440927494e+02 +3.3333e+00 -3.3333e+00 -4.4444e+00 -2.2222e+00 +3.3333e+00
59 0 +1.198968837e+02 +1.737168837e+02 +1.737168837e+02 +2.2222e+00 -3.3333e+00 -4.4444e+00 -2.2222e+00 +3.3333e+00
75 0 +1.066174093e+02 +1.604374093e+02 +1.604374093e+02 +2.9630e+00 -3.3333e+00 -4.4444e+00 -2.2222e+00 +4.4444e+00
76 0 +9.754221740e+01 +1.513622174e+02 +1.513622174e+02 +3.3333e+00 -2.9630e+00 -4.4444e+00 -2.2222e+00 +4.4444e+00
89 0 +5.800321427e+01 +1.118232143e+02 +1.118232143e+02 +2.9630e+00 -3.3333e+00 -4.4444e+00 -1.8519e+00 +4.4444e+00
120 0 +2.984462028e+01 +8.366462028e+01 +8.366462028e+01 +2.9630e+00 -2.9630e+00 -4.4444e+00 -1.8519e+00 +4.8148e+00
150 0 +2.628137833e+01 +8.010137833e+01 +8.010137833e+01 +2.9630e+00 -2.9630e+00 -4.4444e+00 -1.7284e+00 +4.8148e+00
169 0 +2.145110901e+01 +7.527110901e+01 +7.527110901e+01 +2.8395e+00 -2.9630e+00 -4.4444e+00 -1.7284e+00 +4.8148e+00
207 0 +1.566502150e+01 +6.948502150e+01 +6.948502150e+01 +2.8395e+00 -3.0041e+00 -4.4444e+00 -1.7284e+00 +4.8148e+00
228 0 +1.381876525e+01 +6.763876525e+01 +6.763876525e+01 +2.8807e+00 -3.0041e+00 -4.4444e+00 -1.7284e+00 +4.8148e+00
267 0 +1.240483547e+01 +6.622483547e+01 +6.622483547e+01 +2.8807e+00 -3.0178e+00 -4.4444e+00 -1.7284e+00 +4.8148e+00
310 0 +1.083648403e+01 +6.465648403e+01 +6.465648403e+01 +2.8944e+00 -3.0178e+00 -4.4582e+00 -1.7284e+00 +4.8148e+00
355 0 +9.390258026e+00 +6.321025803e+01 +6.321025803e+01 +2.7984e+00 -3.0864e+00 -4.4033e+00 -1.7284e+00 +4.6914e+00
423 0 +7.048701186e+00 +6.086870119e+01 +6.086870119e+01 +2.7984e+00 -3.0864e+00 -4.4033e+00 -1.7421e+00 +4.6914e+00
542 0 +6.577457312e+00 +6.039745731e+01 +6.039745731e+01 +2.7938e+00 -3.0864e+00 -4.4033e+00 -1.7421e+00 +4.6914e+00
