% f evaluations | g evaluations | best noise-free fitness - Fopt (2.997000000000e+01) + sum g_i+ | measured fitness | best measured fitness or single-digit g-values | x1 | x2...
1 0 +2.073782450e+03 +2.103752450e+03 +2.103752450e+03
8 0 +1.504621364e+03 +1.534591364e+03 +1.534591364e+03
22 0 +1.232430270e+03 +1.262400270e+03 +1.262400270e+03
59 0 +1.012962538e+03 +1.042932538e+03 +1.042932538e+03
983 0 +9.711793633e+02 +1.001149363e+03 +1.001149363e+03
1546 0 +6.562870554e+02 +6.862570554e+02 +6.862570554e+02
9229 0 +5.034922701e+02 +5.334622701e+02 +5.334622701e+02
31774 0 +4.665537744e+02 +4.965237744e+02 +4.965237744e+02
100000 0 +4.638952372e+02 +4.938652372e+02 +4.938652372e+02
% f evaluations | g evaluations | best noise-free fitness - Fopt (-5.171000000000e+01) + sum g_i+ | measured fitness | best measured fitness or single-digit g-values | x1 | x2...
1 0 +2.328219751e+03 +2.276509751e+03 +2.276509751e+03
2 0 +2.304926682e+03 +2.253216682e+03 +2.253216682e+03
7 0 +1.773151907e+03 +1.721441907e+03 +1.721441907e+03
12 0 +1.567533150e+03 +1.515823150e+03 +1.515823150e+03
14 0 +1.373824166e+03 +1.322114166e+03 +1.322114166e+03
68 0 +1.164775921e+03 +1.113065921e+03 +1.113065921e+03
196 0 +9.978395745e+02 +9.461295745e+02 +9.461295745e+02
4455 0 +7.040202016e+02 +6.523102016e+02 +6.523102016e+02
19836 0 +5.871211158e+02 +5.354111158e+02 +5.354111158e+02
20842 0 +5.071855255e+02 +4.554755255e+02 +4.554755255e+02
99194 0 +4.982357908e+02 +4.465257908e+02 +4.465257908e+02
100000 0 +4.982357908e+02 +4.465257908e+02 +4.465257908e+02
% f evaluations | g evaluations | best noise-free fitness - Fopt (-2.799500000000e+02) + sum g_i+ | measured fitness | best measured fitness or single-digit g-values | x1 | x2...
1 0 +2.350025463e+03 +2.070075463e+03 +2.070075463e+03
2 0 +1.675568725e+03 +1.395618725e+03 +1.395618725e+03
29 0 +1.544777160e+03 +1.264827160e+03 +1.264827160e+03
49 0 +1.152211498e+03 +8.722614980e+02 +8.722614980e+02
102 0 +9.035496977e+02 +6.235996977e+02 +6.235996977e+02
222 0 +8.028098498e+02 +5.228598498e+02 +5.228598498e+02
226 0 +6.369799939e+02 +3.570299939e+02 +3.570299939e+02
8148 0 +5.668902788e+02 +2.869402788e+02 +2.869402788e+02
76238 0 +5.390343002e+02 +2.590843002e+02 +2.590843002e+02
100000 0 +5.390343002e+02 +2.590843002e+02 +2.590843002e+02
% f evaluations | g evaluations | best noise-free fitness - Fopt (9.319900000000e+02) + sum g_i+ | measured fitness | best measured fitness or single-digit g-values | x1 | x2...
1 0 +2.937693000e+03 +3.869683000e+03 +3.869683000e+03
2 0 +1.985020694e+03 +2.917010694e+03 +2.917010694e+03
10 0 +1.374079916e+03 +2.306069916e+03 +2.306069916e+03
22 0 +8.721720979e+02 +1.804162098e+03 +1.804162098e+03
2648 0 +7.883842064e+02 +1.720374206e+03 +1.720374206e+03
10303 0 +6.095857694e+02 +1.541575769e+03 +1.541575769e+03
18075 0 +4.025616278e+02 +1.334551628e+03 +1.334551628e+03
100000 0 +4.025616278e+02 +1.334551628e+03 +1.334551628e+03
% f evaluations | g evaluations | best noise-free fitness - Fopt (1.133100000000e+02) + sum g_i+ | measured fitness | best measured fitness or single-digit g-values | x1 | x2...
1 0 +2.283102529e+03 +2.396412529e+03 +2.396412529e+03
2 0 +1.769140042e+03 +1.882450042e+03 +1.882450042e+03
4 0 +1.214407387e+03 +1.327717387e+03 +1.327717387e+03
58 0 +1.068169579e+03 +1.181479579e+03 +1.181479579e+03
814 0 +9.092221722e+02 +1.022532172e+03 +1.022532172e+03
3154 0 +8.804456719e+02 +9.937556719e+02 +9.937556719e+02
8010 0 +7.545655994e+02 +8.678755994e+02 +8.678755994e+02
8020 0 +6.777274480e+02 +7.910374480e+02 +7.910374480e+02
8367 0 +6.301819801e+02 +7.434919801e+02 +7.434919801e+02
10177 0 +4.000120683e+02 +5.133220683e+02 +5.133220683e+02
33843 0 +3.818225890e+02 +4.951325890e+02 +4.951325890e+02
100000 0 +3.818225890e+02 +4.951325890e+02 +4.951325890e+02
% f evaluations | g evaluations | best noise-free fitness - Fopt (2.264000000000e+01) + sum g_i+ | measured fitness | best measured fitness or single-digit g-values | x1 | x2...
1 0 +2.703307368e+03 +2.725947368e+03 +2.725947368e+03
2 0 +2.555167496e+03 +2.577807496e+03 +2.577807496e+03
3 0 +2.184440462e+03 +2.207080462e+03 +2.207080462e+03
12 0 +1.944444359e+03 +1.967084359e+03 +1.967084359e+03
14 0 +1.613284043e+03 +1.635924043e+03 +1.635924043e+03
27 0 +1.572226742e+03 +1.594866742e+03 +1.594866742e+03
31 0 +8.482346782e+02 +8.708746782e+02 +8.708746782e+02
15801 0 +7.926594755e+02 +8.152994755e+02 +8.152994755e+02
19651 0 +6.440987831e+02 +6.667387831e+02 +6.667387831e+02
21564 0 +5.078367139e+02 +5.304767139e+02 +5.304767139e+02
31639 0 +3.680622899e+02 +3.907022899e+02 +3.907022899e+02
70241 0 +3.240764376e+02 +3.467164376e+02 +3.467164376e+02
100000 0 +3.240764376e+02 +3.467164376e+02 +3.467164376e+02
% f evaluations | g evaluations | best noise-free fitness - Fopt (7.553000000000e+01) + sum g_i+ | measured fitness | best measured fitness or single-digit g-values | x1 | x2...
1 0 +2.390870525e+03 +2.466400525e+03 +2.466400525e+03
3 0 +2.052275210e+03 +2.127805210e+03 +2.127805210e+03
4 0 +1.361528414e+03 +1.437058414e+03 +1.437058414e+03
65 0 +1.106802256e+03 +1.182332256e+03 +1.182332256e+03
1084 0 +9.180567041e+02 +9.935867041e+02 +9.935867041e+02
1208 0 +8.676511884e+02 +9.431811884e+02 +9.431811884e+02
8921 0 +5.936947968e+02 +6.692247968e+02 +6.692247968e+02
18471 0 +5.258216851e+02 +6.013516851e+02 +6.013516851e+02
100000 0 +5.258216851e+02 +6.013516851e+02 +6.013516851e+02
% f evaluations | g evaluations | best noise-free fitness - Fopt (1.923000000000e+01) + sum g_i+ | measured fitness | best measured fitness or single-digit g-values | x1 | x2...
1 0 +2.664233367e+03 +2.683463367e+03 +2.683463367e+03
2 0 +1.745927587e+03 +1.765157587e+03 +1.765157587e+03
20 0 +1.393426759e+03 +1.412656759e+03 +1.412656759e+03
37 0 +1.253510576e+03 +1.272740576e+03 +1.272740576e+03
72 0 +8.007903280e+02 +8.200203280e+02 +8.200203280e+02
11185 0 +6.773617096e+02 +6.965917096e+02 +6.965917096e+02
18098 0 +3.437566511e+02 +3.629866511e+02 +3.629866511e+02
100000 0 +3.380796069e+02 +3.573096069e+02 +3.573096069e+02
% f evaluations | g evaluations | best noise-free fitness - Fopt (7.046300000000e+02) + sum g_i+ | measured fitness | best measured fitness or single-digit g-values | x1 | x2...
1 0 +3.024436268e+03 +3.729066268e+03 +3.729066268e+03
2 0 +2.399873085e+03 +3.104503085e+03 +3.104503085e+03
3 0 +1.947592360e+03 +2.652222360e+03 +2.652222360e+03
21 0 +1.026304483e+03 +1.730934483e+03 +1.730934483e+03
1221 0 +9.996331443e+02 +1.704263144e+03 +1.704263144e+03
1472 0 +8.870103981e+02 +1.591640398e+03 +1.591640398e+03
8918 0 +7.799123233e+02 +1.484542323e+03 +1.484542323e+03
12747 0 +7.047560479e+02 +1.409386048e+03 +1.409386048e+03
23300 0 +5.138555055e+02 +1.218485506e+03 +1.218485506e+03
42076 0 +3.971708000e+02 +1.101800800e+03 +1.101800800e+03
44924 0 +3.308151365e+02 +1.035445137e+03 +1.035445137e+03
45793 0 +2.846698312e+02 +9.892998312e+02 +9.892998312e+02
55019 0 +2.287442239e+02 +9.333742239e+02 +9.333742239e+02
100000 0 +2.287442239e+02 +9.333742239e+02 +9.333742239e+02
% f evaluations | g evaluations | best noise-free fitness - Fopt (1.011200000000e+02) + sum g_i+ | measured fitness | best measured fitness or single-digit g-values | x1 | x2...
1 0 +2.611677971e+03 +2.712797971e+03 +2.712797971e+03
2 0 +2.487868612e+03 +2.588988612e+03 +2.588988612e+03
4 0 +1.959430495e+03 +2.060550495e+03 +2.060550495e+03
5 0 +1.731059365e+03 +1.832179365e+03 +1.832179365e+03
8 0 +1.452136341e+03 +1.553256341e+03 +1.553256341e+03
14 0 +9.805709099e+02 +1.081690910e+03 +1.081690910e+03
219 0 +7.945826673e+02 +8.957026673e+02 +8.957026673e+02
373 0 +7.165348581e+02 +8.176548581e+02 +8.176548581e+02
433 0 +4.966750835e+02 +5.977950835e+02 +5.977950835e+02
61879 0 +4.173446733e+02 +5.184646733e+02 +5.184646733e+02
100000 0 +4.173446733e+02 +5.184646733e+02 +5.184646733e+02
% f evaluations | g evaluations | best noise-free fitness - Fopt (-1.000000000000e+03) + sum g_i+ | measured fitness | best measured fitness or single-digit g-values | x1 | x2...
1 0 +3.157814534e+03 +2.157814534e+03 +2.157814534e+03
2 0 +2.840233536e+03 +1.840233536e+03 +1.840233536e+03
3 0 +1.867293592e+03 +8.672935923e+02 +8.672935923e+02
7 0 +1.726837992e+03 +7.268379921e+02 +7.268379921e+02
18 0 +1.213649341e+03 +2.136493409e+02 +2.136493409e+02
191 0 +1.119079992e+03 +1.190799915e+02 +1.190799915e+02
771 0 +8.488888068e+02 -1.511111932e+02 -1.511111932e+02
781 0 +6.385651429e+02 -3.614348571e+02 -3.614348571e+02
8689 0 +5.011194721e+02 -4.988805279e+02 -4.988805279e+02
61600 0 +5.011194721e+02 -4.988805279e+02 -4.988805279e+02
% f evaluations | g evaluations | best noise-free fitness - Fopt (2.577000000000e+01) + sum g_i+ | measured fitness | best measured fitness or single-digit g-values | x1 | x2...
1 0 +2.231337196e+03 +2.257107196e+03 +2.257107196e+03
2 0 +1.155475381e+03 +1.181245381e+03 +1.181245381e+03
31 0 +1.117606292e+03 +1.143376292e+03 +1.143376292e+03
2139 0 +9.165637459e+02 +9.423337459e+02 +9.423337459e+02
9940 0 +8.818971099e+02 +9.076671099e+02 +9.076671099e+02
9996 0 +7.774481089e+02 +8.032181089e+02 +8.032181089e+02
13586 0 +6.458473774e+02 +6.716173774e+02 +6.716173774e+02
29305 0 +6.241776225e+02 +6.499476225e+02 +6.499476225e+02
32475 0 +5.387196988e+02 +5.644896988e+02 +5.644896988e+02
32949 0 +4.216171476e+02 +4.473871476e+02 +4.473871476e+02
54106 0 +3.667895033e+02 +3.925595033e+02 +3.925595033e+02
54696 0 +2.749904432e+02 +3.007604432e+02 +3.007604432e+02
92773 0 +2.427643099e+02 +2.685343099e+02 +2.685343099e+02
93124 0 +2.081670644e+02 +2.339370644e+02 +2.339370644e+02
93156 0 +1.871266278e+02 +2.128966278e+02 +2.128966278e+02
100000 0 +1.871266278e+02 +2.128966278e+02 +2.128966278e+02
% f evaluations | g evaluations | best noise-free fitness - Fopt (-1.150100000000e+02) + sum g_i+ | measured fitness | best measured fitness or single-digit g-values | x1 | x2...
1 0 +1.825769188e+03 +1.710759188e+03 +1.710759188e+03
16 0 +1.171180603e+03 +1.056170603e+03 +1.056170603e+03
72 0 +1.053241464e+03 +9.382314639e+02 +9.382314639e+02
612 0 +5.087859201e+02 +3.937759201e+02 +3.937759201e+02
59474 0 +4.623803287e+02 +3.473703287e+02 +3.473703287e+02
91509 0 +4.390251266e+02 +3.240151266e+02 +3.240151266e+02
97151 0 +3.972356281e+02 +2.822256281e+02 +2.822256281e+02
100000 0 +3.972356281e+02 +2.822256281e+02 +2.822256281e+02
% f evaluations | g evaluations | best noise-free fitness - Fopt (2.556500000000e+02) + sum g_i+ | measured fitness | best measured fitness or single-digit g-values | x1 | x2...
1 0 +1.629116899e+03 +1.884766899e+03 +1.884766899e+03
3 0 +1.465055842e+03 +1.720705842e+03 +1.720705842e+03
6 0 +1.026743463e+03 +1.282393463e+03 +1.282393463e+03
858 0 +9.526279043e+02 +1.208277904e+03 +1.208277904e+03
2783 0 +8.889512313e+02 +1.144601231e+03 +1.144601231e+03
4454 0 +7.797673518e+02 +1.035417352e+03 +1.035417352e+03
4592 0 +6.398357812e+02 +8.954857812e+02 +8.954857812e+02
5909 0 +5.412443057e+02 +7.968943057e+02 +7.968943057e+02
64840 0 +4.684446509e+02 +7.240946509e+02 +7.240946509e+02
100000 0 +4.684446509e+02 +7.240946509e+02 +7.240946509e+02
% f evaluations | g evaluations | best noise-free fitness - Fopt (5.382000000000e+01) + sum g_i+ | measured fitness | best measured fitness or single-digit g-values | x1 | x2...
1 0 +2.186017565e+03 +2.239837565e+03 +2.239837565e+03
7 0 +1.592889481e+03 +1.646709481e+03 +1.646709481e+03
12 0 +1.411081541e+03 +1.464901541e+03 +1.464901541e+03
1329 0 +1.236149799e+03 +1.289969799e+03 +1.289969799e+03
1589 0 +1.068151851e+03 +1.121971851e+03 +1.121971851e+03
2533 0 +9.760967177e+02 +1.029916718e+03 +1.029916718e+03
3468 0 +8.318344647e+02 +8.856544647e+02 +8.856544647e+02
3470 0 +7.492742099e+02 +8.030942099e+02 +8.030942099e+02
11184 0 +6.753254343e+02 +7.291454343e+02 +7.291454343e+02
26544 0 +6.127518816e+02 +6.665718816e+02 +6.665718816e+02
64189 0 +5.106599093e+02 +5.644799093e+02 +5.644799093e+02
64465 0 +4.955622655e+02 +5.493822655e+02 +5.493822655e+02
64926 0 +3.811695686e+02 +4.349895686e+02 +4.349895686e+02
80044 0 +3.504986780e+02 +4.043186780e+02 +4.043186780e+02
80337 0 +2.927091465e+02 +3.465291465e+02 +3.465291465e+02
81272 0 +2.208666570e+02 +2.746866570e+02 +2.746866570e+02
100000 0 +2.208666570e+02 +2.746866570e+02 +2.746866570e+02
