% f evaluations | g evaluations | best noise-free fitness - Fopt (2.997000000000e+01) + sum g_i+ | measured fitness | best measured fitness or single-digit g-values | x1 | x2...
1 0 +2.302343520e+03 +2.332313520e+03 +2.332313520e+03 -4.8492e+00 -3.7406e+00 +1.6997e+00 +7.1011e-01 +1.4369e+00
2 0 +1.964984849e+03 +1.994954849e+03 +1.994954849e+03 -3.7427e+00 -4.7316e-01 -2.1709e+00 +3.4112e+00 -2.7951e+00
3 0 +1.718187856e+03 +1.748157856e+03 +1.748157856e+03 -2.3902e+00 +4.4221e+00 +3.6874e+00 -1.0246e+00 +4.4866e+00
4 0 +1.173153828e+03 +1.203123828e+03 +1.203123828e+03 +3.7940e+00 -2.2690e+00 -1.3520e-01 +8.9795e-02 -1.7081e-01
9 0 +1.060782914e+03 +1.090752914e+03 +1.090752914e+03 -3.9741e-02 +2.6500e+00 -4.7512e+00 +1.0833e+00 +1.6462e+00
17 0 +8.892692551e+02 +9.192392551e+02 +9.192392551e+02 -2.2508e+00 +1.4765e+00 -3.9769e-01 -1.4105e+00 -9.2981e-01
25 0 +5.251351818e+02 +5.551051818e+02 +5.551051818e+02 -7.9863e-01 -2.0346e+00 -3.5057e+00 -4.2483e+00 +8.1529e-01
138 0 +4.412990078e+02 +4.712690078e+02 +4.712690078e+02 +4.5942e-01 -1.5304e+00 -2.3683e+00 -3.6918e+00 -5.4885e-01
613 0 +1.685021883e+02 +1.984721883e+02 +1.984721883e+02 +1.2266e+00 -2.4404e+00 -4.1381e+00 -2.2990e+00 +3.8995e+00
19930 0 +1.685021883e+02 +1.984721883e+02 +1.984721883e+02 +1.2266e+00 -2.4404e+00 -4.1381e+00 -2.2990e+00 +3.8995e+00
% f evaluations | g evaluations | best noise-free fitness - Fopt (-5.171000000000e+01) + sum g_i+ | measured fitness | best measured fitness or single-digit g-values | x1 | x2...
1 0 +1.585641405e+03 +1.533931405e+03 +1.533931405e+03 -3.4791e+00 +1.9817e+00 -2.9680e+00 +3.4795e-01 +4.0152e-01
3 0 +1.480376499e+03 +1.428666499e+03 +1.428666499e+03 +1.5521e+00 +4.1603e+00 +2.5641e+00 +9.2888e-01 -4.2867e+00
6 0 +1.089095216e+03 +1.037385216e+03 +1.037385216e+03 +4.1672e+00 +4.5647e-01 -4.8396e-01 -3.8793e-01 -3.1240e+00
7 0 +9.707437584e+02 +9.190337584e+02 +9.190337584e+02 +8.0997e-02 +3.3070e+00 -7.0713e-01 -1.4950e+00 +2.8535e+00
24 0 +5.629805874e+02 +5.112705874e+02 +5.112705874e+02 +2.5352e+00 +3.4647e+00 -1.0591e+00 -1.8383e+00 +1.4710e+00
197 0 +5.315834567e+02 +4.798734567e+02 +4.798734567e+02 +1.8579e+00 +1.5533e+00 -1.2749e+00 -4.5800e+00 -4.3714e-01
201 0 +4.660704471e+02 +4.143604471e+02 +4.143604471e+02 +2.9190e+00 +1.6933e+00 -1.1491e+00 -4.5851e+00 -6.9048e-01
218 0 +2.712758571e+02 +2.195658571e+02 +2.195658571e+02 +3.2774e+00 +3.7056e+00 -2.4318e+00 -2.0294e+00 -2.5392e-01
1084 0 +2.284354387e+02 +1.767254387e+02 +1.767254387e+02 +3.4721e+00 +2.6121e+00 -2.2460e+00 -4.1623e+00 +4.8132e-01
2060 0 +2.069827907e+02 +1.552727907e+02 +1.552727907e+02 +2.3445e+00 +1.0817e+00 -4.0414e+00 -4.1035e+00 +1.5998e+00
2063 0 +1.459124377e+02 +9.420243768e+01 +9.420243768e+01 +2.2480e+00 +2.3596e+00 -3.0163e+00 -3.4749e+00 +1.2333e+00
2273 0 +1.358505643e+02 +8.414056430e+01 +8.414056430e+01 +3.5752e+00 +3.5722e+00 -2.4338e+00 -3.5490e+00 +7.1656e-02
3165 0 +1.011084658e+02 +4.939846576e+01 +4.939846576e+01 +2.6755e+00 +3.4456e+00 -2.9685e+00 -3.8655e+00 +9.2404e-02
3184 0 +9.764508146e+01 +4.593508146e+01 +4.593508146e+01 +2.9457e+00 +3.1376e+00 -3.2775e+00 -4.0494e+00 +1.1135e+00
3411 0 +5.670114351e+01 +4.991143511e+00 +4.991143511e+00 +2.8173e+00 +2.9368e+00 -3.4674e+00 -3.5940e+00 +1.0171e+00
4321 0 +4.105087439e+01 -1.065912561e+01 -1.065912561e+01 +2.7515e+00 +3.7351e+00 -3.2395e+00 -3.7991e+00 +6.0584e-01
4424 0 +3.462879141e+01 -1.708120859e+01 -1.708120859e+01 +2.8740e+00 +3.5864e+00 -2.8876e+00 -3.7604e+00 +4.4361e-01
6190 0 +3.462879141e+01 -1.708120859e+01 -1.708120859e+01 +2.8740e+00 +3.5864e+00 -2.8876e+00 -3.7604e+00 +4.4361e-01
% f evaluations | g evaluations | best noise-free fitness - Fopt (-2.799500000000e+02) + sum g_i+ | measured fitness | best measured fitness or single-digit g-values | x1 | x2...
1 0 +1.435498522e+03 +1.155548522e+03 +1.155548522e+03 -2.9229e+00 -2.0784e+00 +3.4779e+00 -3.6189e+00 +2.9524e+00
3 0 +5.674510198e+02 +2.875010198e+02 +2.875010198e+02 -1.7405e+00 -3.7887e+00 +5.2466e-01 +4.4718e-01 -4.6960e+00
226 0 +4.189579139e+02 +1.390079139e+02 +1.390079139e+02 -3.7591e+00 -4.9824e+00 +2.5179e+00 -2.2394e-01 -4.9394e+00
228 0 +3.944472148e+02 +1.144972148e+02 +1.144972148e+02 -3.2658e+00 -4.5651e+00 +2.8022e+00 -5.7594e-01 -2.7486e-01
486 0 +2.900572842e+02 +1.010728422e+01 +1.010728422e+01 -2.7068e+00 -4.6496e+00 +2.4887e+00 +1.2785e+00 -1.6663e+00
14620 0 +2.900572842e+02 +1.010728422e+01 +1.010728422e+01 -2.7068e+00 -4.6496e+00 +2.4887e+00 +1.2785e+00 -1.6663e+00
% f evaluations | g evaluations | best noise-free fitness - Fopt (9.319900000000e+02) + sum g_i+ | measured fitness | best measured fitness or single-digit g-values | x1 | x2...
1 0 +1.527571940e+03 +2.459561940e+03 +2.459561940e+03 +3.4618e-01 -4.7579e+00 -3.4492e+00 +4.0763e-01 +1.2844e+00
3 0 +1.103973463e+03 +2.035963463e+03 +2.035963463e+03 +4.2041e+00 +4.9852e+00 -2.6350e-01 -8.2971e-01 +2.5988e+00
4 0 +4.029655840e+02 +1.334955584e+03 +1.334955584e+03 -4.1067e-02 -6.5495e-01 -5.1880e-01 -2.1325e+00 +2.5180e+00
627 0 +2.359241047e+02 +1.167914105e+03 +1.167914105e+03 +4.5444e-01 -8.1503e-01 -4.1565e-01 -4.3499e+00 +4.6283e+00
2093 0 +1.568006747e+02 +1.088790675e+03 +1.088790675e+03 +2.0806e+00 +1.9796e+00 +3.2357e+00 -3.9521e-01 +1.9810e+00
2102 0 +1.397800870e+02 +1.071770087e+03 +1.071770087e+03 +1.6001e+00 +2.9477e-01 +2.9822e+00 -9.8860e-01 +2.4287e+00
7349 0 +1.216582889e+02 +1.053648289e+03 +1.053648289e+03 +4.7417e-01 +2.1583e-01 +1.0501e+00 -2.8589e+00 +2.9758e+00
8770 0 +1.019343722e+02 +1.033924372e+03 +1.033924372e+03 +9.6561e-01 +1.8979e-02 +2.1128e+00 -2.0224e+00 +2.9729e+00
11712 0 +8.335623383e+01 +1.015346234e+03 +1.015346234e+03 +5.8392e-01 +5.7232e-03 +1.1810e+00 -2.7559e+00 +3.0981e+00
15477 0 +6.682837922e+01 +9.988183792e+02 +9.988183792e+02 +6.1384e-01 +2.9153e-03 +1.2217e+00 -2.5666e+00 +3.1241e+00
35980 0 +6.682837922e+01 +9.988183792e+02 +9.988183792e+02 +6.1384e-01 +2.9153e-03 +1.2217e+00 -2.5666e+00 +3.1241e+00
% f evaluations | g evaluations | best noise-free fitness - Fopt (1.133100000000e+02) + sum g_i+ | measured fitness | best measured fitness or single-digit g-values | x1 | x2...
1 0 +7.686449152e+02 +8.819549152e+02 +8.819549152e+02 +2.3713e+00 +4.1884e+00 -2.4316e+00 +1.8019e+00 +3.9296e+00
14 0 +6.157930233e+02 +7.291030233e+02 +7.291030233e+02 -1.0394e+00 +1.7004e+00 +7.6140e-01 -3.2401e+00 -3.0944e-01
47 0 +4.359019039e+02 +5.492119039e+02 +5.492119039e+02 +2.4833e+00 +3.1107e+00 -1.4541e+00 +3.4652e-02 +7.5484e-01
325 0 +3.009015230e+02 +4.142115230e+02 +4.142115230e+02 +1.1759e+00 +4.6227e+00 +3.4414e+00 -1.8506e+00 -2.7934e-01
673 0 +2.192764347e+02 +3.325864347e+02 +3.325864347e+02 +2.2562e+00 +3.3312e+00 -1.3246e-01 -6.0491e-02 +7.5389e-01
932 0 +1.573933670e+02 +2.707033670e+02 +2.707033670e+02 +1.7497e+00 +1.5121e+00 -1.8024e-01 +2.5224e-02 +8.6769e-01
940 0 +1.271510824e+02 +2.404610824e+02 +2.404610824e+02 +2.4182e+00 +2.1978e+00 -8.0143e-01 +1.6365e-01 +1.2092e+00
19840 0 +1.271510824e+02 +2.404610824e+02 +2.404610824e+02 +2.4182e+00 +2.1978e+00 -8.0143e-01 +1.6365e-01 +1.2092e+00
% f evaluations | g evaluations | best noise-free fitness - Fopt (2.264000000000e+01) + sum g_i+ | measured fitness | best measured fitness or single-digit g-values | x1 | x2...
1 0 +1.054962526e+03 +1.077602526e+03 +1.077602526e+03 +3.1177e+00 -5.1296e-01 -3.8942e+00 -4.5219e+00 +3.7090e-01
23 0 +6.592535086e+02 +6.818935086e+02 +6.818935086e+02 +2.9461e+00 -3.9671e-01 -4.1844e+00 +1.3439e+00 -1.0576e+00
151 0 +6.259942042e+02 +6.486342042e+02 +6.486342042e+02 +2.8280e+00 -1.2249e+00 -1.7149e+00 -1.8538e+00 -3.7911e+00
153 0 +5.083139820e+02 +5.309539820e+02 +5.309539820e+02 +2.9443e+00 -3.7954e-01 -2.0902e+00 -2.8039e+00 -3.4620e+00
199 0 +4.112067149e+02 +4.338467149e+02 +4.338467149e+02 +3.2366e+00 +3.4225e+00 -4.6291e+00 -2.5294e+00 -3.0345e+00
206 0 +3.910196840e+02 +4.136596840e+02 +4.136596840e+02 +2.9581e+00 +7.2042e-01 -4.5329e+00 -8.0626e-01 -2.2009e+00
215 0 +3.352603391e+02 +3.579003391e+02 +3.579003391e+02 +3.3482e+00 +3.7474e+00 -2.3900e+00 -8.3315e-01 -4.5774e+00
219 0 +3.076687167e+02 +3.303087167e+02 +3.303087167e+02 +3.5738e+00 +3.8421e+00 -4.4144e+00 -5.9228e-02 -3.2930e+00
437 0 +2.591370201e+02 +2.817770201e+02 +2.817770201e+02 +3.4480e+00 +4.1994e+00 -8.2399e-01 +2.9027e+00 -4.1471e+00
444 0 +2.075831291e+02 +2.302231291e+02 +2.302231291e+02 +3.9804e+00 +2.5841e+00 -2.5085e+00 +1.3121e+00 -3.2492e+00
20710 0 +2.075831291e+02 +2.302231291e+02 +2.302231291e+02 +3.9804e+00 +2.5841e+00 -2.5085e+00 +1.3121e+00 -3.2492e+00
% f evaluations | g evaluations | best noise-free fitness - Fopt (7.553000000000e+01) + sum g_i+ | measured fitness | best measured fitness or single-digit g-values | x1 | x2...
1 0 +2.530153581e+03 +2.605683581e+03 +2.605683581e+03 -3.7465e+00 -1.7351e+00 +2.2017e+00 +4.2811e+00 +4.3269e+00
3 0 +6.520862172e+02 +7.276162172e+02 +7.276162172e+02 +1.4559e+00 +9.9942e-01 +4.2997e+00 +1.9060e+00 -7.9432e-01
24 0 +6.018284246e+02 +6.773584246e+02 +6.773584246e+02 +2.3624e+00 +1.8194e+00 +3.9342e+00 +2.3400e-01 -2.2998e+00
224 0 +5.364862929e+02 +6.120162929e+02 +6.120162929e+02 -6.9479e-01 -2.9788e+00 +1.4276e+00 -2.2005e+00 -3.6301e+00
226 0 +4.018391606e+02 +4.773691606e+02 +4.773691606e+02 -2.0825e-01 -2.8335e+00 +4.1326e+00 -1.9872e+00 -1.7733e+00
235 0 +3.291647589e+02 +4.046947589e+02 +4.046947589e+02 -2.7473e-03 -5.7967e-02 +1.1119e+00 -3.1799e+00 -3.6196e+00
320 0 +2.738554898e+02 +3.493854898e+02 +3.493854898e+02 +1.5110e-01 +2.8819e-01 +4.0519e+00 -8.0089e-01 -2.2978e+00
2303 0 +2.226367658e+02 +2.981667658e+02 +2.981667658e+02 +5.0670e-02 -4.6679e-01 +2.1648e+00 -3.8198e+00 -4.1208e+00
2660 0 +1.668478992e+02 +2.423778992e+02 +2.423778992e+02 +1.0402e+00 -6.3750e-01 +2.5600e+00 -1.2389e+00 -3.6811e+00
4661 0 +1.538391133e+02 +2.293691133e+02 +2.293691133e+02 +2.3554e-02 -9.4068e-01 +2.3467e+00 -3.5874e+00 -3.5040e+00
4680 0 +1.368072824e+02 +2.123372824e+02 +2.123372824e+02 +1.2148e-02 -1.2194e+00 +2.2777e+00 -3.2806e+00 -3.1259e+00
4916 0 +1.253475080e+02 +2.008775080e+02 +2.008775080e+02 +2.6627e-01 -7.9013e-01 +2.3721e+00 -2.8467e+00 -3.3665e+00
4917 0 +1.065031398e+02 +1.820331398e+02 +1.820331398e+02 +1.6284e-01 -6.3690e-01 +2.4051e+00 -2.7807e+00 -3.2776e+00
5405 0 +8.966544777e+01 +1.651954478e+02 +1.651954478e+02 +3.7552e-02 -7.4827e-01 +2.4608e+00 -3.0613e+00 -2.8969e+00
14310 0 +8.875371274e+01 +1.642837127e+02 +1.642837127e+02 +2.3323e-03 -8.4281e-01 +2.4957e+00 -3.1360e+00 -3.1530e+00
16270 0 +8.570413694e+01 +1.612341369e+02 +1.612341369e+02 +1.1186e-03 -7.5465e-01 +2.4859e+00 -3.1328e+00 -3.1298e+00
% f evaluations | g evaluations | best noise-free fitness - Fopt (1.923000000000e+01) + sum g_i+ | measured fitness | best measured fitness or single-digit g-values | x1 | x2...
1 0 +1.189293830e+03 +1.208523830e+03 +1.208523830e+03 +4.4100e+00 -3.8813e+00 +1.3400e+00 +3.2894e+00 +4.9383e+00
3 0 +7.391579055e+02 +7.583879055e+02 +7.583879055e+02 -7.0007e-01 +3.2209e+00 -1.7660e+00 +2.4240e+00 +4.6651e+00
4 0 +5.948932382e+02 +6.141232382e+02 +6.141232382e+02 +1.9534e+00 +2.6517e+00 +3.1751e+00 -1.5576e+00 +3.9728e+00
25 0 +5.241984225e+02 +5.434284225e+02 +5.434284225e+02 +2.1984e+00 +4.6160e-01 +1.6499e+00 -4.5400e+00 +4.3741e+00
68 0 +4.669550238e+02 +4.861850238e+02 +4.861850238e+02 +1.0950e-01 +1.1878e+00 -3.4137e-01 -8.0727e-02 +3.3983e+00
326 0 +3.320528914e+02 +3.512828914e+02 +3.512828914e+02 +2.2537e+00 +3.0835e+00 +1.2671e+00 -2.5254e+00 -3.7705e-01
672 0 +3.086788606e+02 +3.279088606e+02 +3.279088606e+02 +1.7427e+00 +3.6475e+00 -1.0537e-01 -2.7661e+00 +1.0836e+00
819 0 +2.603520250e+02 +2.795820250e+02 +2.795820250e+02 +2.8221e+00 +1.7248e+00 +2.3369e+00 -1.7651e+00 +1.2426e+00
1124 0 +1.823952253e+02 +2.016252253e+02 +2.016252253e+02 +1.7661e+00 +8.6265e-01 +1.5038e+00 -3.5273e-01 +3.8005e+00
2179 0 +1.681138558e+02 +1.873438558e+02 +1.873438558e+02 +2.0180e+00 +2.0205e+00 -1.3949e-01 -1.4139e+00 +4.5758e+00
3132 0 +1.399452917e+02 +1.591752917e+02 +1.591752917e+02 +3.1686e+00 +2.7414e+00 -3.5910e-01 -2.5499e+00 +1.8953e+00
3145 0 +1.076764115e+02 +1.269064115e+02 +1.269064115e+02 +2.8095e+00 +2.7751e+00 -1.8094e-01 -2.6544e+00 +1.9150e+00
10724 0 +9.961857574e+01 +1.188485757e+02 +1.188485757e+02 +3.0963e+00 +3.1272e+00 -1.8585e-03 -3.0075e+00 +1.1856e+00
19120 0 +9.961857574e+01 +1.188485757e+02 +1.188485757e+02 +3.0963e+00 +3.1272e+00 -1.8585e-03 -3.0075e+00 +1.1856e+00
% f evaluations | g evaluations | best noise-free fitness - Fopt (7.046300000000e+02) + sum g_i+ | measured fitness | best measured fitness or single-digit g-values | x1 | x2...
1 0 +2.036387585e+03 +2.741017585e+03 +2.741017585e+03 +4.9380e+00 +4.6774e+00 +3.8283e+00 +1.5280e+00 +3.6313e+00
2 0 +1.488500806e+03 +2.193130806e+03 +2.193130806e+03 -3.1270e+00 +1.1291e+00 -4.9607e+00 +5.7313e-01 -3.0251e+00
3 0 +7.440287458e+02 +1.448658746e+03 +1.448658746e+03 +1.6299e+00 -3.5870e+00 +2.4466e-02 +3.4220e-01 -2.5769e+00
13 0 +6.503804848e+02 +1.355010485e+03 +1.355010485e+03 +1.4004e+00 -3.8044e+00 -5.3739e-01 -3.0012e+00 +7.9391e-02
22 0 +6.252077411e+02 +1.329837741e+03 +1.329837741e+03 +2.9592e+00 -1.4308e+00 -1.8354e+00 -2.5107e+00 +3.3979e-01
54 0 +5.269502931e+02 +1.231580293e+03 +1.231580293e+03 +2.5403e+00 -2.6772e+00 -9.0885e-01 -4.9584e+00 -4.5188e+00
131 0 +1.529392130e+02 +8.575692130e+02 +8.575692130e+02 +2.1752e+00 -3.2525e+00 -4.7666e-01 -4.2000e+00 -2.0075e+00
264 0 +1.190838435e+02 +8.237138435e+02 +8.237138435e+02 +2.6623e+00 -3.4068e+00 +1.7327e+00 -4.0440e+00 -2.3041e+00
6006 0 +1.055925434e+02 +8.102225434e+02 +8.102225434e+02 +1.8718e+00 -2.8301e+00 +2.3456e+00 -3.2238e+00 -2.5095e+00
7783 0 +8.578829853e+01 +7.904182985e+02 +7.904182985e+02 +2.5862e+00 -3.1959e+00 +1.5999e+00 -3.6203e+00 -2.1392e+00
11575 0 +6.932567852e+01 +7.739556785e+02 +7.739556785e+02 +2.5019e+00 -3.4512e+00 +1.4346e+00 -3.7367e+00 -2.2320e+00
28930 0 +6.513955525e+01 +7.697695553e+02 +7.697695553e+02 +2.5015e+00 -3.4421e+00 +1.5167e+00 -3.6253e+00 -2.3151e+00
% f evaluations | g evaluations | best noise-free fitness - Fopt (1.011200000000e+02) + sum g_i+ | measured fitness | best measured fitness or single-digit g-values | x1 | x2...
1 0 +1.290451850e+03 +1.391571850e+03 +1.391571850e+03 -4.1319e+00 -2.2589e+00 -2.4556e+00 +3.3541e+00 -2.3096e+00
5 0 +1.262045510e+03 +1.363165510e+03 +1.363165510e+03 +4.8150e+00 +3.6241e+00 +1.2881e-01 +8.3956e-01 -2.5197e+00
8 0 +9.218854018e+02 +1.023005402e+03 +1.023005402e+03 -1.0541e+00 +4.2213e+00 +2.4776e+00 +1.2512e+00 -3.5775e-01
12 0 +8.476949423e+02 +9.488149423e+02 +9.488149423e+02 +2.2461e+00 -2.5480e+00 -4.8107e+00 -7.2491e-01 -1.8115e+00
15 0 +4.982199842e+02 +5.993399842e+02 +5.993399842e+02 +3.0694e+00 -3.2046e+00 -2.6458e+00 -8.4568e-01 +1.1709e+00
47 0 +3.775444006e+02 +4.786644006e+02 +4.786644006e+02 +8.1792e-01 -1.9821e-01 -7.3962e-01 +3.8732e+00 -8.6923e-01
371 0 +3.037139002e+02 +4.048339002e+02 +4.048339002e+02 +8.1218e-01 -6.0682e-01 -2.6093e+00 +2.7574e+00 -8.9412e-01
435 0 +2.384875154e+02 +3.396075154e+02 +3.396075154e+02 +2.5597e+00 +1.1187e+00 -2.2106e+00 +2.0953e+00 -5.8368e-01
1152 0 +1.827092518e+02 +2.838292518e+02 +2.838292518e+02 +3.1030e+00 -1.9625e+00 -2.2875e+00 +1.2550e+00 +1.1844e+00
1906 0 +1.687615880e+02 +2.698815880e+02 +2.698815880e+02 +1.7317e+00 +9.1788e-01 -2.5243e+00 +3.3141e+00 -9.1150e-01
2038 0 +1.467051740e+02 +2.478251740e+02 +2.478251740e+02 +1.2359e+00 +1.7801e+00 -8.3748e-01 +2.9059e+00 -1.2227e+00
2044 0 +1.339064692e+02 +2.350264692e+02 +2.350264692e+02 +1.4058e+00 +1.6373e+00 -2.4657e+00 +2.9577e+00 -1.2653e+00
2258 0 +1.236890882e+02 +2.248090882e+02 +2.248090882e+02 +1.7256e+00 +3.7328e-01 -2.2961e+00 +2.1014e+00 -5.4473e-01
2403 0 +1.093283948e+02 +2.104483948e+02 +2.104483948e+02 +9.6161e-01 +2.1727e+00 -1.8612e+00 +3.4673e+00 -1.6574e+00
2423 0 +5.922364899e+01 +1.603436490e+02 +1.603436490e+02 +1.6367e+00 +1.9454e+00 -1.6866e+00 +3.1491e+00 -1.3452e+00
2857 0 +5.546597952e+01 +1.565859795e+02 +1.565859795e+02 +1.5587e+00 +7.7128e-01 -1.4724e+00 +2.8054e+00 -6.4652e-01
3381 0 +3.818743208e+01 +1.393074321e+02 +1.393074321e+02 +1.9267e+00 +3.1704e-01 -2.1024e+00 +2.6690e+00 -6.6589e-01
5449 0 +2.833665387e+01 +1.294566539e+02 +1.294566539e+02 +1.2464e+00 +2.4286e+00 -1.3612e+00 +3.3788e+00 -1.4958e+00
10393 0 +2.401845585e+01 +1.251384558e+02 +1.251384558e+02 +1.2489e+00 +2.1798e+00 -1.4253e+00 +3.4057e+00 -1.4411e+00
14050 0 +2.229722365e+01 +1.234172236e+02 +1.234172236e+02 +1.2496e+00 +2.1796e+00 -1.4082e+00 +3.3562e+00 -1.4171e+00
18520 0 +2.229722365e+01 +1.234172236e+02 +1.234172236e+02 +1.2496e+00 +2.1796e+00 -1.4082e+00 +3.3562e+00 -1.4171e+00
% f evaluations | g evaluations | best noise-free fitness - Fopt (-1.000000000000e+03) + sum g_i+ | measured fitness | best measured fitness or single-digit g-values | x1 | x2...
1 0 +2.525128444e+03 +1.525128444e+03 +1.525128444e+03 +2.2331e+00 -1.8599e+00 +4.1985e+00 -3.7141e+00 +3.3233e+00
2 0 +2.048373159e+03 +1.048373159e+03 +1.048373159e+03 +1.0161e+00 -2.8764e+00 +6.7582e-01 -4.3214e+00 -1.4652e+00
5 0 +9.993417318e+02 -6.582682260e-01 -6.582682260e-01 -5.2461e-01 +1.3045e+00 +4.1931e+00 -1.1399e-01 -9.4323e-01
11 0 +8.220283257e+02 -1.779716743e+02 -1.779716743e+02 -1.8482e+00 +2.1598e+00 +2.5406e+00 -4.3631e+00 +1.1336e+00
20 0 +4.618213610e+02 -5.381786390e+02 -5.381786390e+02 -1.7416e+00 +1.6505e+00 -1.6067e+00 +4.1977e+00 +2.7640e+00
30 0 +3.822435850e+02 -6.177564150e+02 -6.177564150e+02 -2.8474e+00 +2.7872e+00 -6.1837e-02 +3.4969e+00 +4.7727e+00
100 0 +3.822435850e+02 -6.177564150e+02 -6.177564150e+02 -2.8474e+00 +2.7872e+00 -6.1837e-02 +3.4969e+00 +4.7727e+00
% f evaluations | g evaluations | best noise-free fitness - Fopt (2.577000000000e+01) + sum g_i+ | measured fitness | best measured fitness or single-digit g-values | x1 | x2...
1 0 +1.676422202e+03 +1.702192202e+03 +1.702192202e+03 +3.7084e+00 -4.8631e+00 +2.7837e+00 +4.7283e+00 +2.5574e+00
2 0 +1.478019329e+03 +1.503789329e+03 +1.503789329e+03 +4.3851e+00 -3.1141e+00 -5.5316e-01 -2.0784e+00 +2.4702e+00
3 0 +1.158632493e+03 +1.184402493e+03 +1.184402493e+03 +1.2330e+00 +3.9664e+00 +1.4968e+00 -2.4890e-01 -4.2171e+00
5 0 +7.445377755e+02 +7.703077755e+02 +7.703077755e+02 +4.0936e+00 +1.1741e+00 +1.3952e+00 +3.4215e+00 -2.3562e+00
27 0 +6.439482711e+02 +6.697182711e+02 +6.697182711e+02 +2.0394e+00 -1.9890e+00 -4.8691e-01 -5.0234e-02 -7.2191e-01
33 0 +5.155185881e+02 +5.412885881e+02 +5.412885881e+02 +2.5550e+00 -4.6528e+00 +1.6888e+00 +3.9002e+00 -1.0695e+00
253 0 +4.880826385e+02 +5.138526385e+02 +5.138526385e+02 +1.6086e+00 -1.3260e+00 +3.1299e+00 -1.2489e+00 -1.2294e+00
327 0 +3.744986944e+02 +4.002686944e+02 +4.002686944e+02 +3.2681e+00 +2.3513e+00 +3.2697e+00 -5.8338e-01 -3.9900e+00
336 0 +2.895303122e+02 +3.153003122e+02 +3.153003122e+02 +3.6789e+00 +2.2281e+00 +2.9616e+00 -1.4370e+00 -2.9570e+00
498 0 +2.494069598e+02 +2.751769598e+02 +2.751769598e+02 +2.2054e+00 -3.1328e+00 +1.2857e+00 +2.5095e+00 -1.9854e+00
1099 0 +1.686701170e+02 +1.944401170e+02 +1.944401170e+02 +2.4589e+00 -4.8885e+00 +1.4422e+00 +2.9350e+00 -2.7940e+00
1479 0 +1.342565806e+02 +1.600265806e+02 +1.600265806e+02 +4.0672e+00 -1.1465e-01 +2.4452e+00 -6.0983e-02 -4.2619e+00
2466 0 +9.829875483e+01 +1.240687548e+02 +1.240687548e+02 +3.6085e+00 -3.5226e-02 +3.1458e+00 -7.9802e-02 -4.1792e+00
3431 0 +7.086068944e+01 +9.663068944e+01 +9.663068944e+01 +3.6345e+00 -7.1707e-01 +2.8205e+00 -2.9502e-02 -3.6635e+00
3492 0 +6.846202549e+01 +9.423202549e+01 +9.423202549e+01 +3.2623e+00 -5.6074e-01 +3.0079e+00 -1.2201e-01 -3.5908e+00
3498 0 +3.201398999e+01 +5.778398999e+01 +5.778398999e+01 +3.5194e+00 -3.1388e-01 +2.8517e+00 -7.2989e-02 -3.6522e+00
13360 0 +3.201398999e+01 +5.778398999e+01 +5.778398999e+01 +3.5194e+00 -3.1388e-01 +2.8517e+00 -7.2989e-02 -3.6522e+00
% f evaluations | g evaluations | best noise-free fitness - Fopt (-1.150100000000e+02) + sum g_i+ | measured fitness | best measured fitness or single-digit g-values | x1 | x2...
1 0 +1.746516741e+03 +1.631506741e+03 +1.631506741e+03 +4.5400e+00 -2.6337e+00 -1.3795e+00 +1.8230e+00 -3.6751e-01
2 0 +1.305945527e+03 +1.190935527e+03 +1.190935527e+03 -4.2369e-01 +6.3405e-01 +3.7017e+00 -4.7413e+00 +4.1594e+00
4 0 +1.059515368e+03 +9.445053679e+02 +9.445053679e+02 +2.8168e+00 -2.0819e+00 -4.9134e+00 +3.8302e+00 +3.5225e+00
6 0 +8.443895463e+02 +7.293795463e+02 +7.293795463e+02 -4.6471e-01 -2.9003e+00 -3.5462e+00 +4.5335e+00 +3.0827e+00
18 0 +5.976058285e+02 +4.825958285e+02 +4.825958285e+02 -1.0854e+00 +1.7744e+00 -1.8799e+00 -3.4419e-01 +4.8015e+00
56 0 +5.505940054e+02 +4.355840054e+02 +4.355840054e+02 -2.4612e-02 -8.6203e-01 -4.4146e+00 -3.5565e+00 +1.5460e+00
83 0 +3.221743137e+02 +2.071643137e+02 +2.071643137e+02 -1.6975e+00 +1.7423e+00 -3.9707e+00 +6.8708e-01 +3.6330e+00
591 0 +2.966253025e+02 +1.816153025e+02 +1.816153025e+02 -5.7923e-01 -3.4642e-01 -4.4737e+00 -1.1578e+00 +2.6172e+00
634 0 +2.528648892e+02 +1.378548892e+02 +1.378548892e+02 +1.1395e+00 -3.8830e+00 -1.5996e+00 -3.2228e+00 +3.1848e+00
748 0 +2.244031776e+02 +1.093931776e+02 +1.093931776e+02 +6.0825e-01 -3.4040e+00 +4.5379e-01 -2.5044e+00 +3.8940e+00
894 0 +2.079961783e+02 +9.298617827e+01 +9.298617827e+01 -3.5562e-01 +1.3919e+00 -3.5483e+00 +5.2859e-01 +3.8532e+00
1872 0 +1.805513640e+02 +6.554136397e+01 +6.554136397e+01 -6.9108e-01 -1.3066e+00 -3.3386e+00 -3.6214e-01 +3.5977e+00
1877 0 +1.393013223e+02 +2.429132231e+01 +2.429132231e+01 -2.8605e-01 -4.3376e-01 -2.8809e+00 -2.1364e-01 +4.0654e+00
2016 0 +1.250785084e+02 +1.006850842e+01 +1.006850842e+01 -4.7525e-02 -8.5344e-01 -2.0981e+00 -1.0587e+00 +3.6436e+00
3941 0 +1.118434897e+02 -3.166510250e+00 -3.166510250e+00 -1.0971e-01 -4.2189e+00 -4.5321e-01 -2.5509e+00 +3.6309e+00
4930 0 +1.087626446e+02 -6.247355420e+00 -6.247355420e+00 -4.1415e-04 -4.4042e+00 -3.9652e-01 -2.6362e+00 +3.4745e+00
% f evaluations | g evaluations | best noise-free fitness - Fopt (2.556500000000e+02) + sum g_i+ | measured fitness | best measured fitness or single-digit g-values | x1 | x2...
1 0 +1.631837091e+03 +1.887487091e+03 +1.887487091e+03 -3.8786e+00 +4.2810e+00 -1.1381e+00 +1.0417e+00 -3.0674e+00
3 0 +9.314566521e+02 +1.187106652e+03 +1.187106652e+03 -2.0439e+00 -3.9406e+00 -3.7637e+00 -3.1962e+00 -1.5429e-01
5 0 +5.582795793e+02 +8.139295793e+02 +8.139295793e+02 +4.9060e+00 -2.5463e+00 +9.7526e-01 +1.9090e-02 +3.2351e+00
6 0 +3.109269647e+02 +5.665769647e+02 +5.665769647e+02 +5.9486e-01 -1.3650e+00 -1.1580e+00 -1.8641e+00 +8.0575e-01
1215 0 +2.170108217e+02 +4.726608217e+02 +4.726608217e+02 +1.8072e+00 -2.6194e+00 +1.0500e+00 -1.0742e+00 +2.3646e+00
4051 0 +1.931494626e+02 +4.487994626e+02 +4.487994626e+02 +2.3613e+00 -4.0888e+00 +3.6801e+00 +6.1123e-02 +3.8771e+00
27610 0 +1.858469027e+02 +4.414969027e+02 +4.414969027e+02 +2.4273e+00 -3.6720e+00 +2.9594e+00 +2.0277e-02 +3.7223e+00
% f evaluations | g evaluations | best noise-free fitness - Fopt (5.382000000000e+01) + sum g_i+ | measured fitness | best measured fitness or single-digit g-values | x1 | x2...
1 0 +6.906235240e+02 +7.444435240e+02 +7.444435240e+02 +4.1607e+00 -3.6465e+00 -3.8640e+00 -3.1820e+00 -1.4293e-01
10 0 +5.997856749e+02 +6.536056749e+02 +6.536056749e+02 -1.6992e-01 -4.0678e+00 -7.4958e-01 -2.4299e+00 +1.9925e+00
134 0 +5.601126555e+02 +6.139326555e+02 +6.139326555e+02 +1.6804e+00 -4.7274e+00 -3.8266e+00 -3.7870e+00 -1.3816e+00
598 0 +4.746849188e+02 +5.285049188e+02 +5.285049188e+02 -2.8717e+00 -3.9789e+00 -2.1836e+00 -1.6885e+00 +2.8171e+00
613 0 +3.159578927e+02 +3.697778927e+02 +3.697778927e+02 +9.3298e-01 -2.1372e+00 -4.9971e+00 -1.7288e+00 +4.5336e+00
628 0 +2.014262772e+02 +2.552462772e+02 +2.552462772e+02 +1.5983e+00 -3.6669e+00 -3.9909e+00 -3.2079e+00 +2.2889e+00
2297 0 +1.821288575e+02 +2.359488575e+02 +2.359488575e+02 -2.8673e-01 -4.3869e+00 -2.9341e+00 -1.8804e+00 +2.8425e+00
2298 0 +1.724897808e+02 +2.263097808e+02 +2.263097808e+02 -4.9750e-01 -4.5922e+00 -2.6726e+00 -1.7772e+00 +2.5114e+00
3553 0 +1.493404575e+02 +2.031604575e+02 +2.031604575e+02 -9.1585e-02 -4.6518e+00 -3.0853e+00 -8.8758e-01 +2.9399e+00
3555 0 +1.338855662e+02 +1.877055662e+02 +1.877055662e+02 -7.0155e-02 -4.9707e+00 -2.6106e+00 -1.0368e+00 +2.7352e+00
3569 0 +1.248728069e+02 +1.786928069e+02 +1.786928069e+02 -7.8633e-02 -4.8814e+00 -2.5937e+00 -1.1232e+00 +2.6482e+00
5132 0 +1.108753953e+02 +1.646953953e+02 +1.646953953e+02 -7.9365e-02 -4.7281e+00 -2.8687e+00 -1.1165e+00 +2.6655e+00
7562 0 +9.767159312e+01 +1.514915931e+02 +1.514915931e+02 -1.0711e-02 -4.8666e+00 -2.7954e+00 -1.1489e+00 +2.5006e+00
20230 0 +9.020967394e+01 +1.440296739e+02 +1.440296739e+02 -1.4850e-03 -4.7910e+00 -2.8101e+00 -1.2448e+00 +2.5095e+00
