% f evaluations | g evaluations | best noise-free fitness - Fopt (-6.211100000000e+02) + sum g_i+ | measured fitness | best measured fitness or single-digit g-values | x1 | x2...
1 0 +2.538036525e+08 +2.538030314e+08 +2.538030314e+08 +0.0000e+00 +0.0000e+00
3 0 +2.507229109e+08 +2.507222898e+08 +2.507222898e+08 -3.3333e+00 +0.0000e+00
4 0 +3.133745061e+05 +3.127533961e+05 +3.127533961e+05 +0.0000e+00 +3.3333e+00
7 0 +2.940968264e+05 +2.934757164e+05 +2.934757164e+05 -3.3333e+00 +3.3333e+00
12 0 +2.165763588e+05 +2.159552488e+05 +2.159552488e+05 -3.3333e+00 +4.4444e+00
23 0 +8.009101390e+03 +7.387991390e+03 +7.387991390e+03 -2.2222e+00 +4.0741e+00
26 0 +7.682236238e+03 +7.061126238e+03 +7.061126238e+03 -1.8519e+00 +4.0741e+00
35 0 +5.321110051e+03 +4.700000051e+03 +4.700000051e+03 +1.1111e+00 +4.0741e+00
39 0 +6.449596259e+02 +2.384962595e+01 +2.384962595e+01 -1.8519e+00 +3.9506e+00
45 0 +6.192888472e+02 -1.821152809e+00 -1.821152809e+00 -1.9753e+00 +3.9506e+00
58 0 +3.661333033e+01 -5.844966697e+02 -5.844966697e+02 -1.9753e+00 +3.9918e+00
66 0 +3.413274234e+01 -5.869772577e+02 -5.869772577e+02 -1.9342e+00 +3.9918e+00
80 0 +2.943267234e+01 -5.916773277e+02 -5.916773277e+02 -1.8519e+00 +3.9918e+00
94 0 +2.721319034e+01 -5.938968097e+02 -5.938968097e+02 -1.8107e+00 +3.9918e+00
108 0 +2.303533235e+01 -5.980746677e+02 -5.980746677e+02 -1.7284e+00 +3.9918e+00
122 0 +2.107695635e+01 -6.000330437e+02 -6.000330437e+02 -1.6872e+00 +3.9918e+00
173 0 +6.335725439e-01 -6.204764275e+02 -6.204764275e+02 -1.6735e+00 +3.9872e+00
186 0 +6.206101505e-01 -6.204893898e+02 -6.204893898e+02 -1.6690e+00 +3.9872e+00
574 0 +1.868562710e-01 -6.209231437e+02 -6.209231437e+02 -8.6420e-01 +3.9918e+00
584 0 +5.622226266e-02 -6.210537777e+02 -6.210537777e+02 -8.2305e-01 +3.9918e+00
596 0 +3.201877829e-02 -6.210779812e+02 -6.210779812e+02 -8.0933e-01 +3.9918e+00
630 0 +2.609997073e-02 -6.210839000e+02 -6.210839000e+02 -8.0476e-01 +3.9918e+00
804 0 +2.436581494e-02 -6.210856342e+02 -6.210856342e+02 -8.0323e-01 +3.9918e+00
1703 0 +1.262358718e-02 -6.210973764e+02 -6.210973764e+02 -7.8189e-01 +3.9918e+00
12683 0 +1.246972616e-02 -6.210975303e+02 -6.210975303e+02 -8.5810e-01 +3.9913e+00
12722 0 +5.327420746e-03 -6.211046726e+02 -6.211046726e+02 -8.5861e-01 +3.9914e+00
12826 0 +4.947469942e-03 -6.211050525e+02 -6.211050525e+02 -8.5793e-01 +3.9914e+00
16084 0 +4.421762267e-03 -6.211055782e+02 -6.211055782e+02 -8.5692e-01 +3.9914e+00
16236 0 +4.421762267e-03 -6.211055782e+02 -6.211055782e+02 -8.5692e-01 +3.9914e+00
% f evaluations | g evaluations | best noise-free fitness - Fopt (-2.548200000000e+02) + sum g_i+ | measured fitness | best measured fitness or single-digit g-values | x1 | x2...
1 0 +2.881702870e+08 +2.881700322e+08 +2.881700322e+08 +0.0000e+00 +0.0000e+00
2 0 +2.122669497e+07 +2.122644015e+07 +2.122644015e+07 +3.3333e+00 +0.0000e+00
4 0 +1.717019537e+07 +1.716994055e+07 +1.716994055e+07 +0.0000e+00 +3.3333e+00
6 0 +1.399696553e+05 +1.397148353e+05 +1.397148353e+05 +3.3333e+00 +3.3333e+00
18 0 +8.053290983e+01 -1.742870902e+02 -1.742870902e+02 +3.3333e+00 +3.7037e+00
33 0 +1.742666334e+01 -2.373933367e+02 -2.373933367e+02 +3.2099e+00 +3.7037e+00
55 0 +1.358367742e+01 -2.412363226e+02 -2.412363226e+02 +3.1687e+00 +3.7037e+00
110 0 +1.149093449e+00 -2.536709066e+02 -2.536709066e+02 +3.1550e+00 +3.7083e+00
142 0 +1.116595662e+00 -2.537034043e+02 -2.537034043e+02 +3.1611e+00 +3.7083e+00
145 0 +5.700479629e-01 -2.542499520e+02 -2.542499520e+02 +3.1596e+00 +3.7068e+00
190 0 +2.419686486e-01 -2.545780314e+02 -2.545780314e+02 +3.1581e+00 +3.7073e+00
470 0 +5.625958685e-02 -2.547637404e+02 -2.547637404e+02 +3.6260e+00 +3.7449e+00
504 0 +7.376608358e-03 -2.548126234e+02 -2.548126234e+02 +3.6275e+00 +3.7449e+00
744 0 +6.766325594e-03 -2.548132337e+02 -2.548132337e+02 +3.6311e+00 +3.7454e+00
1157 0 +4.556816177e-03 -2.548154432e+02 -2.548154432e+02 +3.6549e+00 +3.7489e+00
1203 0 +4.221515931e-03 -2.548157785e+02 -2.548157785e+02 +3.6548e+00 +3.7489e+00
1489 0 +1.266037751e-03 -2.548187340e+02 -2.548187340e+02 +3.7205e+00 +3.7586e+00
1969 0 +3.862750979e-04 -2.548196137e+02 -2.548196137e+02 +3.7203e+00 +3.7586e+00
2618 0 +2.670818824e-04 -2.548197329e+02 -2.548197329e+02 +3.7240e+00 +3.7591e+00
2995 0 +2.053863753e-04 -2.548197946e+02 -2.548197946e+02 +3.7281e+00 +3.7596e+00
3038 0 +1.973988598e-04 -2.548198026e+02 -2.548198026e+02 +3.7283e+00 +3.7596e+00
3398 0 +1.341517600e-04 -2.548198658e+02 -2.548198658e+02 +3.7327e+00 +3.7601e+00
4211 0 +1.160243790e-04 -2.548198840e+02 -2.548198840e+02 +3.7325e+00 +3.7601e+00
6254 0 +7.956563621e-06 -2.548199920e+02 -2.548199920e+02 +3.7377e+00 +3.7606e+00
18026 0 +7.956563621e-06 -2.548199920e+02 -2.548199920e+02 +3.7377e+00 +3.7606e+00
% f evaluations | g evaluations | best noise-free fitness - Fopt (5.661000000000e+01) + sum g_i+ | measured fitness | best measured fitness or single-digit g-values | x1 | x2...
1 0 +1.170257328e+08 +1.170257894e+08 +1.170257894e+08 +0.0000e+00 +0.0000e+00
3 0 +1.700840816e+07 +1.700846477e+07 +1.700846477e+07 -3.3333e+00 +0.0000e+00
5 0 +2.030729330e+06 +2.030785940e+06 +2.030785940e+06 +0.0000e+00 -3.3333e+00
7 0 +2.759415769e+05 +2.759981869e+05 +2.759981869e+05 -3.3333e+00 -3.3333e+00
10 0 +2.145221007e+04 +2.150882007e+04 +2.150882007e+04 -2.2222e+00 -3.3333e+00
19 0 +6.003483426e+03 +6.060093426e+03 +6.060093426e+03 -2.5926e+00 -3.3333e+00
29 0 +4.480406834e+03 +4.537016834e+03 +4.537016834e+03 -1.1111e+00 -4.4444e+00
33 0 +4.190808772e+03 +4.247418772e+03 +4.247418772e+03 -3.3333e+00 -2.5926e+00
34 0 +1.100168499e+01 +6.761168499e+01 +6.761168499e+01 -2.4691e+00 -3.3333e+00
86 0 +3.034325615e+00 +5.964432562e+01 +5.964432562e+01 -2.4646e+00 -3.3333e+00
271 0 +1.970774099e+00 +5.858077410e+01 +5.858077410e+01 -2.9538e+00 -2.9630e+00
306 0 +1.280558098e+00 +5.789055810e+01 +5.789055810e+01 -2.9523e+00 -2.9630e+00
367 0 +7.299096955e-01 +5.733990970e+01 +5.733990970e+01 -4.4353e+00 -1.7284e+00
369 0 +5.844490247e-01 +5.719444902e+01 +5.719444902e+01 -4.4307e+00 -1.7330e+00
475 0 +3.431712659e-01 +5.695317127e+01 +5.695317127e+01 -4.2814e+00 -1.8656e+00
545 0 +2.531065062e-01 +5.686310651e+01 +5.686310651e+01 -3.4583e+00 -2.5789e+00
613 0 +2.430833315e-01 +5.685308333e+01 +5.685308333e+01 -3.4585e+00 -2.5789e+00
706 0 +1.238890514e-01 +5.673388905e+01 +5.673388905e+01 -4.0360e+00 -2.0988e+00
743 0 +6.082586235e-02 +5.667082586e+01 +5.667082586e+01 -4.0365e+00 -2.0988e+00
833 0 +2.705919388e-02 +5.663705919e+01 +5.663705919e+01 -3.9511e+00 -2.1841e+00
891 0 +1.773184163e-02 +5.662773184e+01 +5.662773184e+01 -3.9513e+00 -2.1841e+00
1193 0 +1.475894556e-02 +5.662475895e+01 +5.662475895e+01 -3.9084e+00 -2.2268e+00
1237 0 +5.650220373e-03 +5.661565022e+01 +5.661565022e+01 -3.9081e+00 -2.2273e+00
1239 0 +5.605762609e-03 +5.661560576e+01 +5.661560576e+01 -3.9079e+00 -2.2275e+00
2185 0 +2.133196106e-03 +5.661213320e+01 +5.661213320e+01 -3.8852e+00 -2.2497e+00
2362 0 +1.463835066e-03 +5.661146384e+01 +5.661146384e+01 -3.8805e+00 -2.2542e+00
3102 0 +5.685861932e-04 +5.661056859e+01 +5.661056859e+01 -3.8556e+00 -2.2771e+00
3269 0 +9.386211956e-05 +5.661009386e+01 +5.661009386e+01 -3.8554e+00 -2.2773e+00
5418 0 +6.646062636e-05 +5.661006646e+01 +5.661006646e+01 -3.8562e+00 -2.2766e+00
6046 0 +4.661177870e-05 +5.661004661e+01 +5.661004661e+01 -3.8522e+00 -2.2800e+00
6237 0 +1.162473028e-05 +5.661001162e+01 +5.661001162e+01 -3.8485e+00 -2.2828e+00
7843 0 +6.781184958e-06 +5.661000678e+01 +5.661000678e+01 -3.8516e+00 -2.2805e+00
8146 0 +3.946914902e-06 +5.661000395e+01 +5.661000395e+01 -3.8519e+00 -2.2803e+00
8261 0 +1.844375582e-06 +5.661000184e+01 +5.661000184e+01 -3.8522e+00 -2.2800e+00
13667 0 +8.315270463e-07 +5.661000083e+01 +5.661000083e+01 -3.8513e+00 -2.2807e+00
19542 0 +8.315270463e-07 +5.661000083e+01 +5.661000083e+01 -3.8513e+00 -2.2807e+00
% f evaluations | g evaluations | best noise-free fitness - Fopt (-1.810000000000e+01) + sum g_i+ | measured fitness | best measured fitness or single-digit g-values | x1 | x2...
1 0 +3.264899073e+05 +3.264718073e+05 +3.264718073e+05 +0.0000e+00 +0.0000e+00
2 0 +1.975430444e+04 +1.973620444e+04 +1.973620444e+04 +3.3333e+00 +0.0000e+00
11 0 +9.379238842e+03 +9.361138842e+03 +9.361138842e+03 +2.2222e+00 +0.0000e+00
18 0 +3.242310910e+02 +3.061310910e+02 +3.061310910e+02 +2.5926e+00 +0.0000e+00
34 0 +8.664249629e+01 +6.854249629e+01 +6.854249629e+01 +2.7160e+00 +0.0000e+00
53 0 +1.135273218e+01 -6.747267821e+00 -6.747267821e+00 +2.6749e+00 +0.0000e+00
84 0 +2.934107201e+00 -1.516589280e+01 -1.516589280e+01 -7.4074e-01 +7.4074e-01
126 0 +5.822769089e-01 -1.751772309e+01 -1.751772309e+01 -7.2702e-01 +7.4074e-01
157 0 +1.086890919e-02 -1.808913109e+01 -1.808913109e+01 -7.3160e-01 +7.4074e-01
212 0 +7.584414934e-03 -1.809241559e+01 -1.809241559e+01 -7.3109e-01 +7.4074e-01
259 0 +6.822562561e-03 -1.809317744e+01 -1.809317744e+01 -7.3126e-01 +7.4074e-01
427 0 +5.925854049e-03 -1.809407415e+01 -1.809407415e+01 -7.2296e-01 +7.3922e-01
672 0 +5.173808378e-03 -1.809482619e+01 -1.809482619e+01 -7.1466e-01 +7.3769e-01
1282 0 +4.308292488e-03 -1.809569171e+01 -1.809569171e+01 -7.0653e-01 +7.3622e-01
6573 0 +1.531582382e-03 -1.809846842e+01 -1.809846842e+01 -5.8731e-01 +7.1331e-01
6607 0 +8.325691924e-04 -1.809916743e+01 -1.809916743e+01 -5.8748e-01 +7.1331e-01
6644 0 +7.748809959e-04 -1.809922512e+01 -1.809922512e+01 -5.8742e-01 +7.1331e-01
7401 0 +6.681257257e-04 -1.809933187e+01 -1.809933187e+01 -5.8974e-01 +7.1381e-01
7481 0 +6.020546954e-04 -1.809939795e+01 -1.809939795e+01 -5.9053e-01 +7.1398e-01
11040 0 +4.240958488e-04 -1.809957590e+01 -1.809957590e+01 -5.9442e-01 +7.1483e-01
11557 0 +1.354772648e-04 -1.809986452e+01 -1.809986452e+01 -6.0831e-01 +7.1788e-01
11675 0 +4.312608757e-05 -1.809995687e+01 -1.809995687e+01 -6.0836e-01 +7.1788e-01
17697 0 +2.824274793e-05 -1.809997176e+01 -1.809997176e+01 -6.0938e-01 +7.1810e-01
20012 0 +2.824274793e-05 -1.809997176e+01 -1.809997176e+01 -6.0938e-01 +7.1810e-01
% f evaluations | g evaluations | best noise-free fitness - Fopt (3.777000000000e+01) + sum g_i+ | measured fitness | best measured fitness or single-digit g-values | x1 | x2...
1 0 +4.240305599e+06 +4.240343369e+06 +4.240343369e+06 +0.0000e+00 +0.0000e+00
2 0 +2.486813669e+06 +2.486851439e+06 +2.486851439e+06 +3.3333e+00 +0.0000e+00
8 0 +1.623421293e+06 +1.623459063e+06 +1.623459063e+06 -3.3333e+00 +3.3333e+00
10 0 +4.888234928e+04 +4.892011928e+04 +4.892011928e+04 +4.4444e+00 +0.0000e+00
19 0 +2.658178688e+04 +2.661955688e+04 +2.661955688e+04 -3.3333e+00 +2.2222e+00
29 0 +1.311737326e+04 +1.315514326e+04 +1.315514326e+04 +0.0000e+00 +2.2222e+00
41 0 +7.661651037e+03 +7.699421037e+03 +7.699421037e+03 -3.7037e-01 +2.2222e+00
59 0 +1.179449552e+03 +1.217219552e+03 +1.217219552e+03 -3.7037e-01 +2.0988e+00
65 0 +7.810464169e+02 +8.188164169e+02 +8.188164169e+02 -4.9383e-01 +2.0988e+00
73 0 +4.610368784e+00 +4.238036878e+01 +4.238036878e+01 -7.4074e-01 +2.0988e+00
107 0 +9.822577576e-02 +3.786822578e+01 +3.786822578e+01 -7.5446e-01 +2.0988e+00
159 0 +3.483354187e-02 +3.780483354e+01 +3.780483354e+01 -7.5598e-01 +2.0988e+00
381 0 +3.022654330e-02 +3.780022654e+01 +3.780022654e+01 -7.6564e-01 +2.0972e+00
516 0 +1.610711731e-02 +3.778610712e+01 +3.778610712e+01 -8.3524e-01 +2.0850e+00
551 0 +1.445559587e-02 +3.778445560e+01 +3.778445560e+01 -8.3575e-01 +2.0850e+00
592 0 +1.359675515e-02 +3.778359676e+01 +3.778359676e+01 -8.3558e-01 +2.0850e+00
918 0 +3.943020417e-03 +3.777394302e+01 +3.777394302e+01 -9.8308e-01 +2.0591e+00
8876 0 +3.119992869e-03 +3.777311999e+01 +3.777311999e+01 -9.1551e-01 +2.0698e+00
11103 0 +2.205438431e-03 +3.777220544e+01 +3.777220544e+01 -9.2330e-01 +2.0683e+00
15535 0 +1.763917166e-03 +3.777176392e+01 +3.777176392e+01 -9.7518e-01 +2.0595e+00
15536 0 +2.933552080e-05 +3.777002934e+01 +3.777002934e+01 -9.7512e-01 +2.0595e+00
15558 0 +1.679563633e-05 +3.777001680e+01 +3.777001680e+01 -9.7507e-01 +2.0595e+00
18810 0 +1.679563633e-05 +3.777001680e+01 +3.777001680e+01 -9.7507e-01 +2.0595e+00
% f evaluations | g evaluations | best noise-free fitness - Fopt (4.190400000000e+02) + sum g_i+ | measured fitness | best measured fitness or single-digit g-values | x1 | x2...
1 0 +1.011006935e+07 +1.011048839e+07 +1.011048839e+07 +0.0000e+00 +0.0000e+00
3 0 +2.321795245e+04 +2.363699245e+04 +2.363699245e+04 -3.3333e+00 +0.0000e+00
6 0 +3.318735591e+03 +3.737775591e+03 +3.737775591e+03 -3.3333e+00 +3.3333e+00
12 0 +7.089989704e+02 +1.128038970e+03 +1.128038970e+03 -3.3333e+00 +4.4444e+00
20 0 +2.861240597e+02 +7.051640597e+02 +7.051640597e+02 -3.3333e+00 +4.8148e+00
34 0 +1.948365668e+02 +6.138765668e+02 +6.138765668e+02 -3.3333e+00 +4.9383e+00
54 0 +1.699263815e+02 +5.889663815e+02 +5.889663815e+02 -3.3333e+00 +4.9794e+00
76 0 +7.541124382e+01 +4.944512438e+02 +4.944512438e+02 -3.3196e+00 +4.9794e+00
104 0 +6.812867286e+01 +4.871686729e+02 +4.871686729e+02 -3.3196e+00 +4.9383e+00
163 0 +6.271111743e+01 +4.817511174e+02 +4.817511174e+02 -3.3196e+00 +4.8834e+00
257 0 +5.538411859e+01 +4.744241186e+02 +4.744241186e+02 -3.3059e+00 +4.4033e+00
396 0 +1.741189474e+01 +4.364518947e+02 +4.364518947e+02 -2.9630e+00 -4.7737e+00
427 0 +6.985598415e+00 +4.260255984e+02 +4.260255984e+02 -2.9630e+00 -4.7874e+00
450 0 +3.463419193e+00 +4.225034192e+02 +4.225034192e+02 -2.9630e+00 -4.7828e+00
537 0 +1.706442313e+00 +4.207464423e+02 +4.207464423e+02 -3.0864e+00 -4.2844e+00
571 0 +1.574429505e+00 +4.206144295e+02 +4.206144295e+02 -3.0864e+00 -4.2859e+00
1428 0 +5.595482432e-01 +4.195995482e+02 +4.195995482e+02 -3.0956e+00 -3.0178e+00
1444 0 +8.669874089e-02 +4.191266987e+02 +4.191266987e+02 -3.0956e+00 -3.0133e+00
1458 0 +7.356455455e-04 +4.190407356e+02 +4.190407356e+02 -3.0956e+00 -2.9904e+00
1495 0 +5.466263029e-04 +4.190405466e+02 +4.190405466e+02 -3.0956e+00 -2.9919e+00
1802 0 +1.890429468e-04 +4.190401890e+02 +4.190401890e+02 -3.0956e+00 -2.9914e+00
3266 0 +1.633128881e-04 +4.190401633e+02 +4.190401633e+02 -3.0956e+00 -2.9912e+00
5025 0 +3.410496834e-05 +4.190400341e+02 +4.190400341e+02 -3.0956e+00 -3.0099e+00
16484 0 +3.410496834e-05 +4.190400341e+02 +4.190400341e+02 -3.0956e+00 -3.0099e+00
% f evaluations | g evaluations | best noise-free fitness - Fopt (-2.568000000000e+01) + sum g_i+ | measured fitness | best measured fitness or single-digit g-values | x1 | x2...
1 0 +6.290067304e+06 +6.290041624e+06 +6.290041624e+06 +0.0000e+00 +0.0000e+00
3 0 +6.290066297e+06 +6.290040617e+06 +6.290040617e+06 -3.3333e+00 +0.0000e+00
5 0 +6.811784148e+05 +6.811527348e+05 +6.811527348e+05 +0.0000e+00 -3.3333e+00
11 0 +5.379402795e+05 +5.379145995e+05 +5.379145995e+05 -1.1111e+00 -3.3333e+00
12 0 +8.167224194e+04 +8.164656194e+04 +8.164656194e+04 +0.0000e+00 -2.2222e+00
23 0 +7.156405848e+03 +7.130725848e+03 +7.130725848e+03 -1.1111e+00 -2.5926e+00
38 0 +1.510538825e+03 +1.484858825e+03 +1.484858825e+03 -1.4815e+00 -2.4691e+00
51 0 +3.102555035e+02 +2.845755035e+02 +2.845755035e+02 -2.2222e+00 -2.5926e+00
59 0 +5.280470315e+00 -2.039952968e+01 -2.039952968e+01 -1.6049e+00 -2.5103e+00
74 0 +2.473412469e+00 -2.320658753e+01 -2.320658753e+01 -2.4691e+00 -2.5926e+00
98 0 +1.615965638e+00 -2.406403436e+01 -2.406403436e+01 -2.4280e+00 -2.5926e+00
125 0 +3.995376173e-01 -2.528046238e+01 -2.528046238e+01 -2.4417e+00 -2.5926e+00
155 0 +3.453364097e-01 -2.533466359e+01 -2.533466359e+01 -2.4463e+00 -2.5926e+00
854 0 +8.691830591e-02 -2.559308169e+01 -2.559308169e+01 -2.0850e+00 -2.5514e+00
904 0 +5.988946308e-02 -2.562011054e+01 -2.562011054e+01 -2.0835e+00 -2.5514e+00
918 0 +2.401384048e-02 -2.565598616e+01 -2.565598616e+01 -1.8381e+00 -2.5103e+00
967 0 +5.138207857e-04 -2.567948618e+01 -2.567948618e+01 -1.8397e+00 -2.5103e+00
1238 0 +4.420647628e-04 -2.567955794e+01 -2.567955794e+01 -1.8396e+00 -2.5103e+00
1470 0 +1.384594631e-04 -2.567986154e+01 -2.567986154e+01 -1.8273e+00 -2.5088e+00
1934 0 +9.057569255e-05 -2.567990942e+01 -2.567990942e+01 -1.8272e+00 -2.5088e+00
3243 0 +1.775684682e-05 -2.567998224e+01 -2.567998224e+01 -1.8219e+00 -2.5083e+00
4973 0 +8.008695950e-06 -2.567999199e+01 -2.567999199e+01 -1.8195e+00 -2.5081e+00
4999 0 +4.583144918e-06 -2.567999542e+01 -2.567999542e+01 -1.8196e+00 -2.5081e+00
20022 0 +4.583144918e-06 -2.567999542e+01 -2.567999542e+01 -1.8196e+00 -2.5081e+00
% f evaluations | g evaluations | best noise-free fitness - Fopt (-5.893000000000e+02) + sum g_i+ | measured fitness | best measured fitness or single-digit g-values | x1 | x2...
1 0 +3.735715905e+06 +3.735126605e+06 +3.735126605e+06 +0.0000e+00 +0.0000e+00
4 0 +2.366702542e+06 +2.366113242e+06 +2.366113242e+06 +0.0000e+00 +3.3333e+00
6 0 +1.902234425e+06 +1.901645125e+06 +1.901645125e+06 +3.3333e+00 +3.3333e+00
11 0 +1.691603498e+06 +1.691014198e+06 +1.691014198e+06 +2.2222e+00 +3.3333e+00
13 0 +8.377809455e+04 +8.318879455e+04 +8.318879455e+04 +3.3333e+00 +2.2222e+00
19 0 +5.611861877e+04 +5.552931877e+04 +5.552931877e+04 +0.0000e+00 +2.2222e+00
23 0 +6.558736346e+03 +5.969436346e+03 +5.969436346e+03 +2.2222e+00 +1.8519e+00
38 0 +1.811420939e+03 +1.222120939e+03 +1.222120939e+03 +1.8519e+00 +1.9753e+00
61 0 +5.771239166e+00 -5.835287608e+02 -5.835287608e+02 +1.7284e+00 +1.9342e+00
69 0 +5.609739665e+00 -5.836902603e+02 -5.836902603e+02 +1.6872e+00 +1.9342e+00
189 0 +1.839818955e+00 -5.874601810e+02 -5.874601810e+02 -2.4691e-01 +1.9342e+00
205 0 +1.671555604e+00 -5.876284444e+02 -5.876284444e+02 -2.8807e-01 +1.9342e+00
218 0 +1.954580621e-02 -5.892804542e+02 -5.892804542e+02 -2.7435e-01 +1.9342e+00
282 0 +6.363389258e-04 -5.892993637e+02 -5.892993637e+02 -2.7282e-01 +1.9342e+00
2152 0 +3.350944266e-04 -5.892996649e+02 -5.892996649e+02 -2.7265e-01 +1.9342e+00
15282 0 +3.350944266e-04 -5.892996649e+02 -5.892996649e+02 -2.7265e-01 +1.9342e+00
% f evaluations | g evaluations | best noise-free fitness - Fopt (-1.762500000000e+02) + sum g_i+ | measured fitness | best measured fitness or single-digit g-values | x1 | x2...
1 0 +4.329736601e+06 +4.329560351e+06 +4.329560351e+06 +0.0000e+00 +0.0000e+00
2 0 +4.047843733e+06 +4.047667483e+06 +4.047667483e+06 +3.3333e+00 +0.0000e+00
8 0 +1.438547677e+06 +1.438371427e+06 +1.438371427e+06 -3.3333e+00 +3.3333e+00
12 0 +1.288854833e+05 +1.287092333e+05 +1.287092333e+05 +3.3333e+00 +1.1111e+00
19 0 +2.000050681e+04 +1.982425681e+04 +1.982425681e+04 -3.3333e+00 +2.2222e+00
21 0 +1.525606813e+02 -2.368931874e+01 -2.368931874e+01 +2.9630e+00 +1.1111e+00
61 0 +4.098116422e+01 -1.352688358e+02 -1.352688358e+02 +2.9492e+00 +1.1111e+00
83 0 +2.721221147e+01 -1.490377885e+02 -1.490377885e+02 -1.9753e+00 +2.1811e+00
98 0 +2.180871694e+01 -1.544412831e+02 -1.544412831e+02 -1.9342e+00 +2.1811e+00
123 0 +1.966261799e+01 -1.565873820e+02 -1.565873820e+02 -1.8930e+00 +2.1811e+00
145 0 +5.993102379e-01 -1.756506898e+02 -1.756506898e+02 -2.7160e+00 +2.0988e+00
188 0 +2.894802546e-02 -1.762210520e+02 -1.762210520e+02 -2.7115e+00 +2.0988e+00
224 0 +1.566286449e-02 -1.762343371e+02 -1.762343371e+02 -2.7100e+00 +2.0988e+00
263 0 +1.026719760e-02 -1.762397328e+02 -1.762397328e+02 -2.7105e+00 +2.0988e+00
386 0 +6.229552931e-03 -1.762437704e+02 -1.762437704e+02 -2.7354e+00 +2.0942e+00
1187 0 +3.229135190e-03 -1.762467709e+02 -1.762467709e+02 -2.7608e+00 +2.0896e+00
1364 0 +1.004953662e-03 -1.762489950e+02 -1.762489950e+02 -2.7877e+00 +2.0850e+00
3513 0 +1.986629300e-04 -1.762498013e+02 -1.762498013e+02 -2.8100e+00 +2.0818e+00
10045 0 +7.472986474e-05 -1.762499253e+02 -1.762499253e+02 -2.8209e+00 +2.0808e+00
12007 0 +1.780827458e-05 -1.762499822e+02 -1.762499822e+02 -2.8212e+00 +2.0808e+00
12024 0 +3.804898626e-06 -1.762499962e+02 -1.762499962e+02 -2.8210e+00 +2.0808e+00
16678 0 +3.804898626e-06 -1.762499962e+02 -1.762499962e+02 -2.8210e+00 +2.0808e+00
% f evaluations | g evaluations | best noise-free fitness - Fopt (-9.380000000000e+00) + sum g_i+ | measured fitness | best measured fitness or single-digit g-values | x1 | x2...
1 0 +2.237045469e+06 +2.237036089e+06 +2.237036089e+06 +0.0000e+00 +0.0000e+00
3 0 +1.793619229e+06 +1.793609849e+06 +1.793609849e+06 -3.3333e+00 +0.0000e+00
12 0 +1.076654872e+05 +1.076561072e+05 +1.076561072e+05 -3.3333e+00 +1.1111e+00
22 0 +1.801430126e+03 +1.792050126e+03 +1.792050126e+03 -2.2222e+00 +1.4815e+00
109 0 +1.275135728e+00 -8.104864272e+00 -8.104864272e+00 +1.4815e+00 +1.4403e+00
349 0 +1.109360924e-01 -9.269063908e+00 -9.269063908e+00 +1.4815e+00 +1.4388e+00
362 0 +8.565429036e-02 -9.294345710e+00 -9.294345710e+00 +1.4830e+00 +1.4388e+00
384 0 +7.739707433e-02 -9.302602926e+00 -9.302602926e+00 +1.4835e+00 +1.4388e+00
386 0 +2.376417321e-02 -9.356235827e+00 -9.356235827e+00 +1.4830e+00 +1.4393e+00
403 0 +2.049375746e-02 -9.359506243e+00 -9.359506243e+00 +1.4825e+00 +1.4393e+00
426 0 +1.542957148e-02 -9.364570429e+00 -9.364570429e+00 +1.4815e+00 +1.4393e+00
431 0 +7.856058062e-05 -9.379921439e+00 -9.379921439e+00 +1.4825e+00 +1.4391e+00
446 0 +2.747706161e-05 -9.379972523e+00 -9.379972523e+00 +1.4827e+00 +1.4391e+00
476 0 +1.742060901e-05 -9.379982579e+00 -9.379982579e+00 +1.4827e+00 +1.4391e+00
884 0 +1.486560157e-05 -9.379985134e+00 -9.379985134e+00 +1.4827e+00 +1.4391e+00
959 0 +1.378867049e-05 -9.379986211e+00 -9.379986211e+00 +1.4804e+00 +1.4392e+00
988 0 +5.998850202e-06 -9.379994001e+00 -9.379994001e+00 +1.4803e+00 +1.4392e+00
1013 0 +3.530946255e-06 -9.379996469e+00 -9.379996469e+00 +1.4802e+00 +1.4392e+00
1044 0 +8.030021998e-07 -9.379999197e+00 -9.379999197e+00 +1.4801e+00 +1.4392e+00
1069 0 +2.595032260e-07 -9.379999740e+00 -9.379999740e+00 +1.4801e+00 +1.4392e+00
1100 0 +4.687265509e-08 -9.379999953e+00 -9.379999953e+00 +1.4800e+00 +1.4392e+00
20022 0 +4.507680984e-08 -9.379999955e+00 -9.379999955e+00 +1.4800e+00 +1.4392e+00
% f evaluations | g evaluations | best noise-free fitness - Fopt (-5.940000000000e+00) + sum g_i+ | measured fitness | best measured fitness or single-digit g-values | x1 | x2...
1 0 +9.319598421e+06 +9.319592481e+06 +9.319592481e+06 +0.0000e+00 +0.0000e+00
4 0 +7.870953182e+04 +7.870359182e+04 +7.870359182e+04 +0.0000e+00 +3.3333e+00
27 0 +4.236943439e+03 +4.231003439e+03 +4.231003439e+03 +3.3333e+00 +2.9630e+00
32 0 +5.189371386e+02 +5.129971386e+02 +5.129971386e+02 +3.7037e+00 +2.9630e+00
40 0 +3.001834987e+02 +2.942434987e+02 +2.942434987e+02 +3.8272e+00 +2.9630e+00
58 0 +2.757623252e+02 +2.698223252e+02 +2.698223252e+02 +3.8683e+00 +2.9630e+00
86 0 +9.515814543e+00 +3.575814543e+00 +3.575814543e+00 +3.8683e+00 +2.9767e+00
102 0 +8.517242795e+00 +2.577242795e+00 +2.577242795e+00 +3.8820e+00 +2.9767e+00
116 0 +3.059292309e+00 -2.880707691e+00 -2.880707691e+00 +3.8820e+00 +2.9813e+00
135 0 +1.526863773e-01 -5.787313623e+00 -5.787313623e+00 +3.6626e+00 +2.9904e+00
184 0 +1.213554727e-01 -5.818644527e+00 -5.818644527e+00 +3.6641e+00 +2.9904e+00
204 0 +8.814100428e-02 -5.851858996e+00 -5.851858996e+00 +3.5437e+00 +3.0041e+00
243 0 +5.549086149e-02 -5.884509139e+00 -5.884509139e+00 +3.5421e+00 +3.0041e+00
1013 0 +1.858041684e-02 -5.921419583e+00 -5.921419583e+00 +3.2678e+00 +3.0509e+00
1036 0 +4.734203552e-03 -5.935265796e+00 -5.935265796e+00 +3.2683e+00 +3.0509e+00
1056 0 +2.178665568e-03 -5.937821334e+00 -5.937821334e+00 +3.2685e+00 +3.0509e+00
1104 0 +1.557629610e-03 -5.938442370e+00 -5.938442370e+00 +3.2685e+00 +3.0509e+00
1106 0 +2.084683796e-04 -5.939791532e+00 -5.939791532e+00 +3.2685e+00 +3.0509e+00
1133 0 +1.904517612e-04 -5.939809548e+00 -5.939809548e+00 +3.2684e+00 +3.0509e+00
1180 0 +1.706317978e-04 -5.939829368e+00 -5.939829368e+00 +3.2677e+00 +3.0510e+00
1682 0 +1.218470545e-04 -5.939878153e+00 -5.939878153e+00 +3.2654e+00 +3.0514e+00
6694 0 +1.089518646e-04 -5.939891048e+00 -5.939891048e+00 +3.2646e+00 +3.0515e+00
9586 0 +7.602956696e-05 -5.939923970e+00 -5.939923970e+00 +3.2532e+00 +3.0528e+00
9614 0 +3.563689831e-05 -5.939964363e+00 -5.939964363e+00 +3.2533e+00 +3.0528e+00
9636 0 +2.531147940e-05 -5.939974689e+00 -5.939974689e+00 +3.2533e+00 +3.0528e+00
10122 0 +1.792626822e-05 -5.939982074e+00 -5.939982074e+00 +3.2531e+00 +3.0528e+00
10149 0 +1.185792208e-05 -5.939988142e+00 -5.939988142e+00 +3.2531e+00 +3.0528e+00
10174 0 +3.678158437e-06 -5.939996322e+00 -5.939996322e+00 +3.2531e+00 +3.0528e+00
10237 0 +1.409829316e-06 -5.939998590e+00 -5.939998590e+00 +3.2530e+00 +3.0528e+00
10288 0 +1.016127795e-07 -5.939999898e+00 -5.939999898e+00 +3.2530e+00 +3.0528e+00
20010 0 +1.016127795e-07 -5.939999898e+00 -5.939999898e+00 +3.2530e+00 +3.0528e+00
% f evaluations | g evaluations | best noise-free fitness - Fopt (-1.000000000000e+03) + sum g_i+ | measured fitness | best measured fitness or single-digit g-values | x1 | x2...
1 0 +6.568201471e+04 +6.468201471e+04 +6.468201471e+04 +0.0000e+00 +0.0000e+00
19 0 +1.052340922e+04 +9.523409217e+03 +9.523409217e+03 +0.0000e+00 -3.7037e-01
25 0 +3.211863859e+03 +2.211863859e+03 +2.211863859e+03 -3.7037e-01 -3.7037e-01
31 0 +9.718732189e+02 -2.812678110e+01 -2.812678110e+01 -1.1111e+00 -3.7037e-01
68 0 +9.963951902e+01 -9.003604810e+02 -9.003604810e+02 -6.1728e-01 -3.2922e-01
80 0 +6.763233300e+01 -9.323676670e+02 -9.323676670e+02 -5.7613e-01 -3.2922e-01
94 0 +4.054847326e+01 -9.594515267e+02 -9.594515267e+02 -5.6241e-01 -3.2922e-01
97 0 +1.395419213e+01 -9.860458079e+02 -9.860458079e+02 -5.7613e-01 -3.4294e-01
126 0 +1.645802007e-01 -9.998354198e+02 -9.998354198e+02 -5.7613e-01 -3.3836e-01
142 0 +6.485834061e-03 -9.999935142e+02 -9.999935142e+02 -5.7156e-01 -3.3836e-01
271 0 +5.866279972e-04 -9.999994134e+02 -9.999994134e+02 -5.7207e-01 -3.3836e-01
555 0 +5.868451569e-05 -9.999999413e+02 -9.999999413e+02 -5.7664e-01 -3.3887e-01
16052 0 +5.868451569e-05 -9.999999413e+02 -9.999999413e+02 -5.7664e-01 -3.3887e-01
% f evaluations | g evaluations | best noise-free fitness - Fopt (1.282100000000e+02) + sum g_i+ | measured fitness | best measured fitness or single-digit g-values | x1 | x2...
1 0 +1.142186609e+06 +1.142314819e+06 +1.142314819e+06 +0.0000e+00 +0.0000e+00
8 0 +1.510964170e+04 +1.523785170e+04 +1.523785170e+04 +1.1111e+00 +0.0000e+00
11 0 +1.132752797e+04 +1.145573797e+04 +1.145573797e+04 +0.0000e+00 -1.1111e+00
27 0 +1.042627054e+04 +1.055448054e+04 +1.055448054e+04 -3.7037e-01 -1.4815e+00
29 0 +1.315528001e+03 +1.443738001e+03 +1.443738001e+03 -1.2346e-01 -1.1111e+00
30 0 +8.022286984e+02 +9.304386984e+02 +9.304386984e+02 +0.0000e+00 -9.8765e-01
51 0 +1.576436442e+01 +1.439743644e+02 +1.439743644e+02 -4.1152e-02 -9.8765e-01
52 0 +1.055591122e+00 +1.292655911e+02 +1.292655911e+02 +0.0000e+00 -9.4650e-01
179 0 +2.960495976e-01 +1.285060496e+02 +1.285060496e+02 -4.5725e-01 -1.3717e+00
215 0 +1.531793603e-01 +1.283631794e+02 +1.283631794e+02 -4.9840e-01 -1.4129e+00
432 0 +1.404076523e-01 +1.283504077e+02 +1.283504077e+02 -4.9942e-01 -1.4144e+00
1348 0 +8.296973619e-02 +1.282929697e+02 +1.282929697e+02 -9.6124e-01 -1.8519e+00
1351 0 +6.898695402e-02 +1.282789870e+02 +1.282789870e+02 -9.6174e-01 -1.8524e+00
2200 0 +2.426752754e-02 +1.282342675e+02 +1.282342675e+02 -8.5912e-01 -1.7695e+00
2243 0 +1.568972870e-02 +1.282256897e+02 +1.282256897e+02 -8.5929e-01 -1.7695e+00
3443 0 +5.713876753e-03 +1.282157139e+02 +1.282157139e+02 -8.0831e-01 -1.7284e+00
3444 0 +4.212566980e-03 +1.282142126e+02 +1.282142126e+02 -8.0780e-01 -1.7279e+00
4776 0 +1.952808532e-03 +1.282119528e+02 +1.282119528e+02 -7.3922e-01 -1.6690e+00
4779 0 +1.289650620e-03 +1.282112897e+02 +1.282112897e+02 -7.4074e-01 -1.6705e+00
4878 0 +7.511765555e-04 +1.282107512e+02 +1.282107512e+02 -7.4379e-01 -1.6735e+00
4881 0 +6.844031234e-04 +1.282106844e+02 +1.282106844e+02 -7.4531e-01 -1.6750e+00
5828 0 +4.937219774e-04 +1.282104937e+02 +1.282104937e+02 -7.5903e-01 -1.6883e+00
6243 0 +2.061802055e-04 +1.282102062e+02 +1.282102062e+02 -7.5310e-01 -1.6827e+00
6244 0 +1.697360482e-04 +1.282101697e+02 +1.282101697e+02 -7.5293e-01 -1.6825e+00
8990 0 +9.664560494e-05 +1.282100966e+02 +1.282100966e+02 -7.6818e-01 -1.6959e+00
11917 0 +7.600753926e-05 +1.282100760e+02 +1.282100760e+02 -7.6631e-01 -1.6944e+00
18158 0 +7.600753926e-05 +1.282100760e+02 +1.282100760e+02 -7.6631e-01 -1.6944e+00
% f evaluations | g evaluations | best noise-free fitness - Fopt (-2.689000000000e+01) + sum g_i+ | measured fitness | best measured fitness or single-digit g-values | x1 | x2...
1 0 +5.282837799e+05 +5.282568899e+05 +5.282568899e+05 +0.0000e+00 +0.0000e+00
9 0 +7.612386980e+04 +7.609697980e+04 +7.609697980e+04 -1.1111e+00 +0.0000e+00
14 0 +8.479818760e+02 +8.210918760e+02 +8.210918760e+02 -1.1111e+00 +1.1111e+00
31 0 +2.448983036e+01 -2.400169639e+00 -2.400169639e+00 -1.1111e+00 +9.8765e-01
64 0 +2.563272557e+00 -2.432672744e+01 -2.432672744e+01 -1.1111e+00 +1.0014e+00
92 0 +1.555846289e+00 -2.533415371e+01 -2.533415371e+01 -1.1111e+00 +1.0059e+00
116 0 +2.605157749e-02 -2.686394842e+01 -2.686394842e+01 -7.4074e-01 -2.4691e-01
216 0 +6.410482647e-03 -2.688358952e+01 -2.688358952e+01 -7.4074e-01 -2.4641e-01
261 0 +4.089357643e-03 -2.688591064e+01 -2.688591064e+01 -7.4074e-01 -2.4657e-01
533 0 +3.629434407e-03 -2.688637057e+01 -2.688637057e+01 -7.4277e-01 -2.4234e-01
655 0 +3.478053905e-03 -2.688652195e+01 -2.688652195e+01 -7.4277e-01 -2.4240e-01
3078 0 +8.151313827e-04 -2.688918487e+01 -2.688918487e+01 -7.8189e-01 -1.4818e-01
3329 0 +6.475524531e-04 -2.688935245e+01 -2.688935245e+01 -7.8138e-01 -1.4993e-01
4322 0 +6.131798946e-04 -2.688938682e+01 -2.688938682e+01 -7.8088e-01 -1.5174e-01
5399 0 +5.522769930e-04 -2.688944772e+01 -2.688944772e+01 -7.8054e-01 -1.5292e-01
6756 0 +4.912078179e-04 -2.688950879e+01 -2.688950879e+01 -7.8048e-01 -1.5309e-01
8972 0 +2.875497904e-04 -2.688971245e+01 -2.688971245e+01 -7.6818e-01 -1.8933e-01
9163 0 +1.133106842e-04 -2.688988669e+01 -2.688988669e+01 -7.6970e-01 -1.8595e-01
12961 0 +5.819784888e-05 -2.688994180e+01 -2.688994180e+01 -7.7224e-01 -1.8002e-01
13337 0 +5.613740098e-05 -2.688994386e+01 -2.688994386e+01 -7.7122e-01 -1.8245e-01
13474 0 +2.438240764e-05 -2.688997562e+01 -2.688997562e+01 -7.7241e-01 -1.7962e-01
13963 0 +1.969589190e-05 -2.688998030e+01 -2.688998030e+01 -7.7292e-01 -1.7838e-01
14236 0 +7.618634626e-06 -2.688999238e+01 -2.688999238e+01 -7.7478e-01 -1.7308e-01
14300 0 +1.879058129e-06 -2.688999812e+01 -2.688999812e+01 -7.7410e-01 -1.7528e-01
19872 0 +1.879058129e-06 -2.688999812e+01 -2.688999812e+01 -7.7410e-01 -1.7528e-01
% f evaluations | g evaluations | best noise-free fitness - Fopt (3.260000000000e+00) + sum g_i+ | measured fitness | best measured fitness or single-digit g-values | x1 | x2...
1 0 +1.476891809e+08 +1.476891841e+08 +1.476891841e+08 +0.0000e+00 +0.0000e+00
3 0 +1.263301234e+08 +1.263301266e+08 +1.263301266e+08 -3.3333e+00 +0.0000e+00
4 0 +1.007860730e+04 +1.008186730e+04 +1.008186730e+04 +0.0000e+00 +3.3333e+00
7 0 +4.778852177e+03 +4.782112177e+03 +4.782112177e+03 -3.3333e+00 +3.3333e+00
10 0 +2.046636509e+02 +2.079236509e+02 +2.079236509e+02 -2.2222e+00 +3.3333e+00
20 0 +6.010351577e+01 +6.336351577e+01 +6.336351577e+01 -1.8519e+00 +3.3333e+00
33 0 +3.048959293e+01 +3.374959293e+01 +3.374959293e+01 -1.9753e+00 +3.3333e+00
340 0 +6.380217768e+00 +9.640217768e+00 +9.640217768e+00 +3.3333e+00 +3.7037e+00
389 0 +2.293744574e-01 +3.489374457e+00 +3.489374457e+00 +3.2922e+00 +3.7037e+00
413 0 +1.187986022e-01 +3.378798602e+00 +3.378798602e+00 +3.2785e+00 +3.7037e+00
436 0 +4.729076529e-02 +3.307290765e+00 +3.307290765e+00 +3.2830e+00 +3.7037e+00
1183 0 +3.845965055e-02 +3.298459651e+00 +3.298459651e+00 +3.3034e+00 +3.7051e+00
1634 0 +2.816716651e-02 +3.288167167e+00 +3.288167167e+00 +3.3313e+00 +3.7069e+00
1664 0 +2.195327462e-02 +3.281953275e+00 +3.281953275e+00 +3.3516e+00 +3.7083e+00
2529 0 +1.054651789e-02 +3.270546518e+00 +3.270546518e+00 +3.4233e+00 +3.7128e+00
2559 0 +7.556698237e-03 +3.267556698e+00 +3.267556698e+00 +3.4228e+00 +3.7128e+00
2601 0 +6.877769932e-03 +3.266877770e+00 +3.266877770e+00 +3.4226e+00 +3.7128e+00
2650 0 +5.768641353e-03 +3.265768641e+00 +3.265768641e+00 +3.4226e+00 +3.7129e+00
2726 0 +5.615211715e-03 +3.265615212e+00 +3.265615212e+00 +3.4228e+00 +3.7129e+00
3681 0 +4.981280576e-03 +3.264981281e+00 +3.264981281e+00 +3.4272e+00 +3.7132e+00
6111 0 +4.377534846e-03 +3.264377535e+00 +3.264377535e+00 +3.4316e+00 +3.7135e+00
7344 0 +3.909511837e-03 +3.263909512e+00 +3.263909512e+00 +3.4358e+00 +3.7138e+00
7852 0 +1.442883463e-03 +3.261442883e+00 +3.261442883e+00 +3.4730e+00 +3.7161e+00
7877 0 +1.004192803e-03 +3.261004193e+00 +3.261004193e+00 +3.4729e+00 +3.7161e+00
7887 0 +8.953935113e-04 +3.260895394e+00 +3.260895394e+00 +3.4728e+00 +3.7161e+00
7909 0 +8.567898040e-04 +3.260856790e+00 +3.260856790e+00 +3.4756e+00 +3.7162e+00
7927 0 +5.947103880e-04 +3.260594710e+00 +3.260594710e+00 +3.4754e+00 +3.7162e+00
7951 0 +5.449917721e-04 +3.260544992e+00 +3.260544992e+00 +3.4754e+00 +3.7162e+00
8623 0 +4.880179601e-04 +3.260488018e+00 +3.260488018e+00 +3.4772e+00 +3.7163e+00
8671 0 +4.320084700e-04 +3.260432008e+00 +3.260432008e+00 +3.4771e+00 +3.7163e+00
9356 0 +3.051527201e-04 +3.260305153e+00 +3.260305153e+00 +3.4949e+00 +3.7174e+00
9387 0 +1.378506235e-04 +3.260137851e+00 +3.260137851e+00 +3.4944e+00 +3.7174e+00
9422 0 +1.243129249e-05 +3.260012431e+00 +3.260012431e+00 +3.4946e+00 +3.7174e+00
9522 0 +1.092998657e-05 +3.260010930e+00 +3.260010930e+00 +3.4946e+00 +3.7174e+00
9855 0 +9.192971729e-06 +3.260009193e+00 +3.260009193e+00 +3.4946e+00 +3.7174e+00
11096 0 +5.115123969e-08 +3.260000051e+00 +3.260000051e+00 +3.4974e+00 +3.7176e+00
20012 0 +5.115123969e-08 +3.260000051e+00 +3.260000051e+00 +3.4974e+00 +3.7176e+00
