% f evaluations | g evaluations | best noise-free fitness - Fopt (-2.098800000000e+02) + sum g_i+ | measured fitness | best measured fitness or single-digit g-values | x1 | x2...
1 0 +5.697184145e+06 +5.696974265e+06 +5.696974265e+06
17 0 +5.697159352e+06 +5.696949472e+06 +5.696949472e+06
164 0 +5.530570328e+06 +5.530360448e+06 +5.530360448e+06
179 0 +5.282210728e+06 +5.282000848e+06 +5.282000848e+06
185 0 +5.143050577e+06 +5.142840697e+06 +5.142840697e+06
188 0 +5.040338389e+06 +5.040128509e+06 +5.040128509e+06
719 0 +4.519317804e+06 +4.519107924e+06 +4.519107924e+06
721 0 +4.040008528e+06 +4.039798648e+06 +4.039798648e+06
1277 0 +3.913743206e+06 +3.913533326e+06 +3.913533326e+06
1279 0 +2.625953275e+06 +2.625743395e+06 +2.625743395e+06
1282 0 +1.318958108e+06 +1.318748228e+06 +1.318748228e+06
1328 0 +1.292908482e+06 +1.292698602e+06 +1.292698602e+06
1337 0 +1.201551497e+06 +1.201341617e+06 +1.201341617e+06
1342 0 +1.082066473e+06 +1.081856593e+06 +1.081856593e+06
1344 0 +9.306763113e+05 +9.304664313e+05 +9.304664313e+05
1345 0 +6.482759863e+05 +6.480661063e+05 +6.480661063e+05
1417 0 +6.096624417e+05 +6.094525617e+05 +6.094525617e+05
1422 0 +5.211509525e+05 +5.209410725e+05 +5.209410725e+05
1424 0 +4.012942689e+05 +4.010843889e+05 +4.010843889e+05
1425 0 +2.934889484e+05 +2.932790684e+05 +2.932790684e+05
1502 0 +2.670267679e+05 +2.668168879e+05 +2.668168879e+05
1504 0 +2.511599911e+05 +2.509501111e+05 +2.509501111e+05
1677 0 +2.231705884e+05 +2.229607084e+05 +2.229607084e+05
1679 0 +7.184926828e+04 +7.163938828e+04 +7.163938828e+04
1824 0 +6.871269902e+04 +6.850281902e+04 +6.850281902e+04
1834 0 +6.189190838e+04 +6.168202838e+04 +6.168202838e+04
1836 0 +4.151884659e+04 +4.130896659e+04 +4.130896659e+04
1838 0 +1.476487889e+04 +1.455499889e+04 +1.455499889e+04
1989 0 +1.314052401e+04 +1.293064401e+04 +1.293064401e+04
1993 0 +1.129513113e+04 +1.108525113e+04 +1.108525113e+04
2002 0 +2.126706591e+03 +1.916826591e+03 +1.916826591e+03
2147 0 +1.695924787e+03 +1.486044787e+03 +1.486044787e+03
2154 0 +1.575805786e+03 +1.365925786e+03 +1.365925786e+03
2311 0 +1.361432595e+03 +1.151552595e+03 +1.151552595e+03
2313 0 +1.154321776e+03 +9.444417757e+02 +9.444417757e+02
2320 0 +7.843262076e+02 +5.744462076e+02 +5.744462076e+02
2321 0 +2.645615957e+02 +5.468159567e+01 +5.468159567e+01
2463 0 +2.505540600e+02 +4.067406000e+01 +4.067406000e+01
2478 0 +1.217714273e+02 -8.810857269e+01 -8.810857269e+01
2631 0 +1.100190899e+02 -9.986091005e+01 -9.986091005e+01
2635 0 +9.644446258e+01 -1.134355374e+02 -1.134355374e+02
2639 0 +5.926452889e+01 -1.506154711e+02 -1.506154711e+02
2641 0 +6.192242200e+00 -2.036877578e+02 -2.036877578e+02
2784 0 +5.487376033e+00 -2.043926240e+02 -2.043926240e+02
2792 0 +4.167166471e+00 -2.057128335e+02 -2.057128335e+02
2794 0 +2.138609190e+00 -2.077413908e+02 -2.077413908e+02
2945 0 +1.958397320e+00 -2.079216027e+02 -2.079216027e+02
2951 0 +1.679555440e+00 -2.082004446e+02 -2.082004446e+02
2956 0 +1.407871674e+00 -2.084721283e+02 -2.084721283e+02
3112 0 +1.244308724e+00 -2.086356913e+02 -2.086356913e+02
3113 0 +1.042022893e+00 -2.088379771e+02 -2.088379771e+02
3115 0 +8.595776119e-01 -2.090204224e+02 -2.090204224e+02
3117 0 +6.170669523e-01 -2.092629330e+02 -2.092629330e+02
3120 0 +5.557715060e-01 -2.093242285e+02 -2.093242285e+02
3122 0 +4.760418526e-01 -2.094039581e+02 -2.094039581e+02
3269 0 +4.312507843e-01 -2.094487492e+02 -2.094487492e+02
3279 0 +2.734118843e-01 -2.096065881e+02 -2.096065881e+02
3281 0 +5.245089494e-02 -2.098275491e+02 -2.098275491e+02
3421 0 +4.902477385e-02 -2.098309752e+02 -2.098309752e+02
3427 0 +4.209616813e-02 -2.098379038e+02 -2.098379038e+02
3432 0 +3.578035552e-02 -2.098442196e+02 -2.098442196e+02
3436 0 +2.390621457e-02 -2.098560938e+02 -2.098560938e+02
3438 0 +2.986830248e-03 -2.098770132e+02 -2.098770132e+02
3594 0 +2.511153433e-03 -2.098774888e+02 -2.098774888e+02
3751 0 +2.160404959e-03 -2.098778396e+02 -2.098778396e+02
3753 0 +1.462922438e-03 -2.098785371e+02 -2.098785371e+02
3755 0 +9.489192478e-04 -2.098790511e+02 -2.098790511e+02
3905 0 +8.872758852e-04 -2.098791127e+02 -2.098791127e+02
3912 0 +7.917416411e-04 -2.098792083e+02 -2.098792083e+02
3916 0 +7.075748152e-04 -2.098792924e+02 -2.098792924e+02
3917 0 +5.602506027e-04 -2.098794397e+02 -2.098794397e+02
3920 0 +4.624065990e-04 -2.098795376e+02 -2.098795376e+02
4069 0 +4.250970797e-04 -2.098795749e+02 -2.098795749e+02
4075 0 +3.949968112e-04 -2.098796050e+02 -2.098796050e+02
4079 0 +2.419495065e-04 -2.098797581e+02 -2.098797581e+02
4082 0 +4.473455425e-05 -2.098799553e+02 -2.098799553e+02
4202 0 +4.464074490e-05 -2.098799554e+02 -2.098799554e+02
4234 0 +2.927138331e-05 -2.098799707e+02 -2.098799707e+02
4236 0 +2.771686010e-05 -2.098799723e+02 -2.098799723e+02
4237 0 +1.860192290e-05 -2.098799814e+02 -2.098799814e+02
4386 0 +1.763796237e-05 -2.098799824e+02 -2.098799824e+02
4392 0 +1.449776440e-05 -2.098799855e+02 -2.098799855e+02
4395 0 +9.994384612e-06 -2.098799900e+02 -2.098799900e+02
4398 0 +8.680709414e-06 -2.098799913e+02 -2.098799913e+02
4400 0 +7.231939009e-06 -2.098799928e+02 -2.098799928e+02
4542 0 +7.075062854e-06 -2.098799929e+02 -2.098799929e+02
4557 0 +5.725158275e-06 -2.098799943e+02 -2.098799943e+02
4559 0 +4.081630919e-06 -2.098799959e+02 -2.098799959e+02
4561 0 +4.584015585e-07 -2.098799995e+02 -2.098799995e+02
4701 0 +4.408265681e-07 -2.098799996e+02 -2.098799996e+02
4713 0 +2.592801422e-07 -2.098799997e+02 -2.098799997e+02
4865 0 +2.505647103e-07 -2.098799997e+02 -2.098799997e+02
4876 0 +1.976245585e-07 -2.098799998e+02 -2.098799998e+02
4878 0 +1.015083626e-07 -2.098799999e+02 -2.098799999e+02
4880 0 +4.099041462e-08 -2.098800000e+02 -2.098800000e+02
5019 0 +3.936710868e-08 -2.098800000e+02 -2.098800000e+02
5030 0 +3.447365771e-08 -2.098800000e+02 -2.098800000e+02
5031 0 +2.742294214e-08 -2.098800000e+02 -2.098800000e+02
5039 0 +2.020186685e-08 -2.098800000e+02 -2.098800000e+02
5177 0 +1.992208354e-08 -2.098800000e+02 -2.098800000e+02
5189 0 +1.752977141e-08 -2.098800000e+02 -2.098800000e+02
5194 0 +1.511412506e-08 -2.098800000e+02 -2.098800000e+02
5196 0 +1.102003466e-08 -2.098800000e+02 -2.098800000e+02
5200 0 +4.061547543e-09 -2.098800000e+02 -2.098800000e+02
6622 0 +9.947598301e-13 -2.098800000e+02 -2.098800000e+02
400000 0 +1.136868377e-13 -2.098800000e+02 -2.098800000e+02
% f evaluations | g evaluations | best noise-free fitness - Fopt (-9.209000000000e+01) + sum g_i+ | measured fitness | best measured fitness or single-digit g-values | x1 | x2...
1 0 +2.553713210e+07 +2.553704001e+07 +2.553704001e+07
4 0 +2.365105908e+07 +2.365096699e+07 +2.365096699e+07
169 0 +2.348472850e+07 +2.348463641e+07 +2.348463641e+07
175 0 +2.331881464e+07 +2.331872255e+07 +2.331872255e+07
187 0 +2.322219241e+07 +2.322210032e+07 +2.322210032e+07
199 0 +2.225078238e+07 +2.225069029e+07 +2.225069029e+07
217 0 +2.071238265e+07 +2.071229056e+07 +2.071229056e+07
226 0 +2.021222211e+07 +2.021213002e+07 +2.021213002e+07
230 0 +1.652870490e+07 +1.652861281e+07 +1.652861281e+07
1277 0 +1.627796101e+07 +1.627786892e+07 +1.627786892e+07
1279 0 +1.323648055e+07 +1.323638846e+07 +1.323638846e+07
1282 0 +1.021661275e+07 +1.021652066e+07 +1.021652066e+07
1329 0 +1.019551638e+07 +1.019542429e+07 +1.019542429e+07
1340 0 +1.007441828e+07 +1.007432619e+07 +1.007432619e+07
1344 0 +9.956062819e+06 +9.955970729e+06 +9.955970729e+06
1348 0 +9.627803023e+06 +9.627710933e+06 +9.627710933e+06
1349 0 +9.286163017e+06 +9.286070927e+06 +9.286070927e+06
1354 0 +8.538439882e+06 +8.538347792e+06 +8.538347792e+06
1355 0 +7.924103683e+06 +7.924011593e+06 +7.924011593e+06
1357 0 +6.302446126e+06 +6.302354036e+06 +6.302354036e+06
1359 0 +3.555793180e+06 +3.555701090e+06 +3.555701090e+06
1362 0 +2.968369346e+06 +2.968277256e+06 +2.968277256e+06
1420 0 +2.889678343e+06 +2.889586253e+06 +2.889586253e+06
1428 0 +2.623622555e+06 +2.623530465e+06 +2.623530465e+06
1429 0 +2.518551362e+06 +2.518459272e+06 +2.518459272e+06
1434 0 +2.298044907e+06 +2.297952817e+06 +2.297952817e+06
1437 0 +1.525564423e+06 +1.525472333e+06 +1.525472333e+06
1439 0 +2.442350647e+05 +2.441429747e+05 +2.441429747e+05
1508 0 +1.886371076e+05 +1.885450176e+05 +1.885450176e+05
1676 0 +1.115246076e+05 +1.114325176e+05 +1.114325176e+05
1679 0 +8.931497939e+04 +8.922288939e+04 +8.922288939e+04
1811 0 +8.893041031e+04 +8.883832031e+04 +8.883832031e+04
1827 0 +7.926746683e+04 +7.917537683e+04 +7.917537683e+04
1832 0 +7.047185689e+04 +7.037976689e+04 +7.037976689e+04
1840 0 +3.639772408e+04 +3.630563408e+04 +3.630563408e+04
1841 0 +1.668679871e+04 +1.659470871e+04 +1.659470871e+04
1997 0 +9.076628506e+03 +8.984538506e+03 +8.984538506e+03
2002 0 +4.071296516e+03 +3.979206516e+03 +3.979206516e+03
2141 0 +3.961516511e+03 +3.869426511e+03 +3.869426511e+03
2155 0 +2.457113191e+03 +2.365023191e+03 +2.365023191e+03
2161 0 +1.726469577e+03 +1.634379577e+03 +1.634379577e+03
2309 0 +1.540677431e+03 +1.448587431e+03 +1.448587431e+03
2314 0 +1.248412218e+03 +1.156322218e+03 +1.156322218e+03
2319 0 +6.374236079e+02 +5.453336079e+02 +5.453336079e+02
2322 0 +1.277515629e+02 +3.566156294e+01 +3.566156294e+01
2454 0 +1.257761487e+02 +3.368614869e+01 +3.368614869e+01
2472 0 +1.071909728e+02 +1.510097284e+01 +1.510097284e+01
2631 0 +9.721944623e+01 +5.129446227e+00 +5.129446227e+00
2636 0 +7.774466476e+01 -1.434533524e+01 -1.434533524e+01
2638 0 +6.512723533e+01 -2.696276467e+01 -2.696276467e+01
2641 0 +1.138932218e+01 -8.070067782e+01 -8.070067782e+01
2774 0 +1.121167203e+01 -8.087832797e+01 -8.087832797e+01
2787 0 +9.653422283e+00 -8.243657772e+01 -8.243657772e+01
2797 0 +7.004404714e+00 -8.508559529e+01 -8.508559529e+01
2800 0 +4.552670835e+00 -8.753732916e+01 -8.753732916e+01
2940 0 +4.441096208e+00 -8.764890379e+01 -8.764890379e+01
2952 0 +3.870630646e+00 -8.821936935e+01 -8.821936935e+01
2953 0 +2.959674927e+00 -8.913032507e+01 -8.913032507e+01
2958 0 +1.921685779e+00 -9.016831422e+01 -9.016831422e+01
2959 0 +7.765125256e-01 -9.131348747e+01 -9.131348747e+01
3110 0 +6.614715282e-01 -9.142852847e+01 -9.142852847e+01
3267 0 +6.217865831e-01 -9.146821342e+01 -9.146821342e+01
3276 0 +5.432317828e-01 -9.154676822e+01 -9.154676822e+01
3277 0 +4.510317993e-01 -9.163896820e+01 -9.163896820e+01
3280 0 +2.710600898e-01 -9.181893991e+01 -9.181893991e+01
3281 0 +2.015216376e-02 -9.206984784e+01 -9.206984784e+01
3416 0 +1.974639582e-02 -9.207025360e+01 -9.207025360e+01
3424 0 +1.609266834e-02 -9.207390733e+01 -9.207390733e+01
3430 0 +1.051921115e-02 -9.207948079e+01 -9.207948079e+01
3435 0 +7.844517213e-03 -9.208215548e+01 -9.208215548e+01
3594 0 +6.812994945e-03 -9.208318701e+01 -9.208318701e+01
3596 0 +3.418350246e-03 -9.208658165e+01 -9.208658165e+01
3753 0 +2.797219561e-03 -9.208720278e+01 -9.208720278e+01
3758 0 +1.179952183e-03 -9.208882005e+01 -9.208882005e+01
3915 0 +1.034234447e-03 -9.208896577e+01 -9.208896577e+01
3919 0 +4.978471251e-04 -9.208950215e+01 -9.208950215e+01
3921 0 +3.451543808e-04 -9.208965485e+01 -9.208965485e+01
4069 0 +3.117448552e-04 -9.208968826e+01 -9.208968826e+01
4073 0 +2.579651116e-04 -9.208974203e+01 -9.208974203e+01
4076 0 +2.309224713e-04 -9.208976908e+01 -9.208976908e+01
4082 0 +5.757186864e-05 -9.208994243e+01 -9.208994243e+01
4224 0 +5.465403135e-05 -9.208994535e+01 -9.208994535e+01
4235 0 +4.401026145e-05 -9.208995599e+01 -9.208995599e+01
4237 0 +1.555538887e-05 -9.208998444e+01 -9.208998444e+01
4388 0 +1.393453441e-05 -9.208998607e+01 -9.208998607e+01
4400 0 +8.830736945e-06 -9.208999117e+01 -9.208999117e+01
4401 0 +4.542127400e-06 -9.208999546e+01 -9.208999546e+01
4547 0 +4.416062509e-06 -9.208999558e+01 -9.208999558e+01
4551 0 +3.781675574e-06 -9.208999622e+01 -9.208999622e+01
4555 0 +2.988559643e-06 -9.208999701e+01 -9.208999701e+01
4562 0 +1.597646843e-06 -9.208999840e+01 -9.208999840e+01
4701 0 +1.573380473e-06 -9.208999843e+01 -9.208999843e+01
4713 0 +1.271598506e-06 -9.208999873e+01 -9.208999873e+01
4718 0 +1.230279182e-06 -9.208999877e+01 -9.208999877e+01
4720 0 +7.000640210e-07 -9.208999930e+01 -9.208999930e+01
4721 0 +2.392392560e-07 -9.208999976e+01 -9.208999976e+01
4870 0 +2.189685802e-07 -9.208999978e+01 -9.208999978e+01
4876 0 +1.797552613e-07 -9.208999982e+01 -9.208999982e+01
4877 0 +9.540450208e-08 -9.208999990e+01 -9.208999990e+01
4882 0 +6.731507085e-08 -9.208999993e+01 -9.208999993e+01
5028 0 +6.037393518e-08 -9.208999994e+01 -9.208999994e+01
5031 0 +4.860214631e-08 -9.208999995e+01 -9.208999995e+01
5041 0 +1.101409453e-08 -9.208999999e+01 -9.208999999e+01
5190 0 +9.928371014e-09 -9.208999999e+01 -9.208999999e+01
6395 0 +5.400124792e-13 -9.209000000e+01 -9.209000000e+01
400000 0 +5.684341886e-14 -9.209000000e+01 -9.209000000e+01
% f evaluations | g evaluations | best noise-free fitness - Fopt (-8.789000000000e+01) + sum g_i+ | measured fitness | best measured fitness or single-digit g-values | x1 | x2...
1 0 +1.797772532e+07 +1.797763743e+07 +1.797763743e+07
11 0 +1.797770703e+07 +1.797761914e+07 +1.797761914e+07
158 0 +1.786428991e+07 +1.786420202e+07 +1.786420202e+07
179 0 +1.779936741e+07 +1.779927952e+07 +1.779927952e+07
203 0 +1.641350591e+07 +1.641341802e+07 +1.641341802e+07
224 0 +1.091579999e+07 +1.091571210e+07 +1.091571210e+07
235 0 +9.530943118e+06 +9.530855228e+06 +9.530855228e+06
1280 0 +8.433052376e+06 +8.432964486e+06 +8.432964486e+06
1281 0 +7.954681270e+06 +7.954593380e+06 +7.954593380e+06
1328 0 +7.942576716e+06 +7.942488826e+06 +7.942488826e+06
1334 0 +7.891294882e+06 +7.891206992e+06 +7.891206992e+06
1337 0 +7.793013865e+06 +7.792925975e+06 +7.792925975e+06
1343 0 +7.691300584e+06 +7.691212694e+06 +7.691212694e+06
1350 0 +7.255249248e+06 +7.255161358e+06 +7.255161358e+06
1351 0 +7.119699627e+06 +7.119611737e+06 +7.119611737e+06
1357 0 +4.705683336e+06 +4.705595446e+06 +4.705595446e+06
1360 0 +2.549217188e+06 +2.549129298e+06 +2.549129298e+06
1415 0 +2.508572400e+06 +2.508484510e+06 +2.508484510e+06
1417 0 +2.485373960e+06 +2.485286070e+06 +2.485286070e+06
1430 0 +2.143777182e+06 +2.143689292e+06 +2.143689292e+06
1437 0 +1.251803097e+06 +1.251715207e+06 +1.251715207e+06
1440 0 +2.891655417e+05 +2.890776517e+05 +2.890776517e+05
1510 0 +2.544451769e+05 +2.543572869e+05 +2.543572869e+05
1517 0 +2.423511903e+05 +2.422633003e+05 +2.422633003e+05
1667 0 +2.196999012e+05 +2.196120112e+05 +2.196120112e+05
1678 0 +8.633761661e+04 +8.624972661e+04 +8.624972661e+04
1830 0 +7.907715966e+04 +7.898926966e+04 +7.898926966e+04
1834 0 +6.698802234e+04 +6.690013234e+04 +6.690013234e+04
1842 0 +1.960241594e+04 +1.951452594e+04 +1.951452594e+04
1996 0 +1.336788949e+04 +1.327999949e+04 +1.327999949e+04
1999 0 +2.552279168e+03 +2.464389168e+03 +2.464389168e+03
2141 0 +2.509670075e+03 +2.421780075e+03 +2.421780075e+03
2150 0 +1.871533291e+03 +1.783643291e+03 +1.783643291e+03
2152 0 +1.314296509e+03 +1.226406509e+03 +1.226406509e+03
2161 0 +1.228096923e+03 +1.140206923e+03 +1.140206923e+03
2308 0 +1.112101105e+03 +1.024211105e+03 +1.024211105e+03
2313 0 +9.327665570e+02 +8.448765570e+02 +8.448765570e+02
2322 0 +6.075229603e+01 -2.713770397e+01 -2.713770397e+01
2459 0 +5.608245836e+01 -3.180754164e+01 -3.180754164e+01
2465 0 +4.681454848e+01 -4.107545152e+01 -4.107545152e+01
2621 0 +4.432197939e+01 -4.356802061e+01 -4.356802061e+01
2634 0 +3.810061377e+01 -4.978938623e+01 -4.978938623e+01
2637 0 +1.822997437e+01 -6.966002563e+01 -6.966002563e+01
2783 0 +1.750178208e+01 -7.038821792e+01 -7.038821792e+01
2791 0 +1.498490076e+01 -7.290509924e+01 -7.290509924e+01
2793 0 +1.399540839e+01 -7.389459161e+01 -7.389459161e+01
2795 0 +9.057902289e+00 -7.883209771e+01 -7.883209771e+01
2801 0 +5.742216951e+00 -8.214778305e+01 -8.214778305e+01
2950 0 +5.516395952e+00 -8.237360405e+01 -8.237360405e+01
2954 0 +4.953631668e+00 -8.293636833e+01 -8.293636833e+01
2959 0 +3.665689110e+00 -8.422431089e+01 -8.422431089e+01
2962 0 +1.032770361e+00 -8.685722964e+01 -8.685722964e+01
3104 0 +9.994704158e-01 -8.689052958e+01 -8.689052958e+01
3109 0 +8.418329217e-01 -8.704816708e+01 -8.704816708e+01
3111 0 +7.097045849e-01 -8.718029542e+01 -8.718029542e+01
3117 0 +3.975174583e-01 -8.749248254e+01 -8.749248254e+01
3120 0 +3.118727386e-01 -8.757812726e+01 -8.757812726e+01
3273 0 +2.533422079e-01 -8.763665779e+01 -8.763665779e+01
3279 0 +1.125061326e-01 -8.777749387e+01 -8.777749387e+01
3281 0 +7.126461519e-02 -8.781873538e+01 -8.781873538e+01
3417 0 +7.023576204e-02 -8.781976424e+01 -8.781976424e+01
3430 0 +6.244365343e-02 -8.782755635e+01 -8.782755635e+01
3436 0 +5.213907095e-02 -8.783786093e+01 -8.783786093e+01
3438 0 +4.663661001e-02 -8.784336339e+01 -8.784336339e+01
3442 0 +1.327586520e-02 -8.787672413e+01 -8.787672413e+01
3587 0 +1.208895287e-02 -8.787791105e+01 -8.787791105e+01
3592 0 +1.094588070e-02 -8.787905412e+01 -8.787905412e+01
3597 0 +5.734705516e-03 -8.788426529e+01 -8.788426529e+01
3740 0 +5.564560137e-03 -8.788443544e+01 -8.788443544e+01
3753 0 +4.641649097e-03 -8.788535835e+01 -8.788535835e+01
3755 0 +3.646021274e-03 -8.788635398e+01 -8.788635398e+01
3760 0 +3.032501432e-03 -8.788696750e+01 -8.788696750e+01
3761 0 +1.196277611e-03 -8.788880372e+01 -8.788880372e+01
3908 0 +1.096452772e-03 -8.788890355e+01 -8.788890355e+01
3912 0 +9.834030683e-04 -8.788901660e+01 -8.788901660e+01
3918 0 +7.313396650e-04 -8.788926866e+01 -8.788926866e+01
3919 0 +3.782673461e-04 -8.788962173e+01 -8.788962173e+01
3922 0 +2.798315834e-04 -8.788972017e+01 -8.788972017e+01
4081 0 +7.587121424e-05 -8.788992413e+01 -8.788992413e+01
4229 0 +6.718045044e-05 -8.788993282e+01 -8.788993282e+01
4236 0 +5.153772685e-05 -8.788994846e+01 -8.788994846e+01
4237 0 +4.326574607e-05 -8.788995673e+01 -8.788995673e+01
4240 0 +1.119980851e-05 -8.788998880e+01 -8.788998880e+01
4391 0 +9.836065033e-06 -8.788999016e+01 -8.788999016e+01
4393 0 +7.788329256e-06 -8.788999221e+01 -8.788999221e+01
4398 0 +5.860962105e-06 -8.788999414e+01 -8.788999414e+01
4547 0 +5.462362665e-06 -8.788999454e+01 -8.788999454e+01
4552 0 +4.882790307e-06 -8.788999512e+01 -8.788999512e+01
4557 0 +4.298414467e-06 -8.788999570e+01 -8.788999570e+01
4562 0 +1.356588314e-06 -8.788999864e+01 -8.788999864e+01
4714 0 +1.152018811e-06 -8.788999885e+01 -8.788999885e+01
4715 0 +8.758236305e-07 -8.788999912e+01 -8.788999912e+01
4718 0 +7.209183792e-07 -8.788999928e+01 -8.788999928e+01
4719 0 +1.969987977e-07 -8.788999980e+01 -8.788999980e+01
4870 0 +1.769564335e-07 -8.788999982e+01 -8.788999982e+01
4871 0 +1.496403854e-07 -8.788999985e+01 -8.788999985e+01
4877 0 +1.187056142e-07 -8.788999988e+01 -8.788999988e+01
4881 0 +8.197378065e-08 -8.788999992e+01 -8.788999992e+01
5022 0 +7.903504695e-08 -8.788999992e+01 -8.788999992e+01
5033 0 +6.466325431e-08 -8.788999994e+01 -8.788999994e+01
5038 0 +4.834056710e-08 -8.788999995e+01 -8.788999995e+01
5042 0 +7.863164342e-09 -8.788999999e+01 -8.788999999e+01
6560 0 +8.100187188e-13 -8.789000000e+01 -8.789000000e+01
400000 0 +7.105427358e-14 -8.789000000e+01 -8.789000000e+01
% f evaluations | g evaluations | best noise-free fitness - Fopt (3.201900000000e+02) + sum g_i+ | measured fitness | best measured fitness or single-digit g-values | x1 | x2...
1 0 +1.756585426e+07 +1.756617445e+07 +1.756617445e+07
4 0 +1.496980796e+07 +1.497012815e+07 +1.497012815e+07
151 0 +1.489366133e+07 +1.489398152e+07 +1.489398152e+07
175 0 +1.465664517e+07 +1.465696536e+07 +1.465696536e+07
211 0 +1.213815776e+07 +1.213847795e+07 +1.213847795e+07
223 0 +1.097017584e+07 +1.097049603e+07 +1.097049603e+07
226 0 +1.069585748e+07 +1.069617767e+07 +1.069617767e+07
1277 0 +9.943942446e+06 +9.944262636e+06 +9.944262636e+06
1279 0 +8.534974517e+06 +8.535294707e+06 +8.535294707e+06
1281 0 +7.410557098e+06 +7.410877288e+06 +7.410877288e+06
1327 0 +7.393685710e+06 +7.394005900e+06 +7.394005900e+06
1340 0 +7.269369824e+06 +7.269690014e+06 +7.269690014e+06
1341 0 +7.123524794e+06 +7.123844984e+06 +7.123844984e+06
1352 0 +6.464287863e+06 +6.464608053e+06 +6.464608053e+06
1353 0 +6.021349512e+06 +6.021669702e+06 +6.021669702e+06
1356 0 +4.965350402e+06 +4.965670592e+06 +4.965670592e+06
1357 0 +2.476689977e+06 +2.477010167e+06 +2.477010167e+06
1359 0 +2.183132142e+06 +2.183452332e+06 +2.183452332e+06
1421 0 +2.048870225e+06 +2.049190415e+06 +2.049190415e+06
1432 0 +1.539359258e+06 +1.539679448e+06 +1.539679448e+06
1436 0 +1.295440645e+06 +1.295760835e+06 +1.295760835e+06
1437 0 +4.214215246e+05 +4.217417146e+05 +4.217417146e+05
1512 0 +3.219083513e+05 +3.222285413e+05 +3.222285413e+05
1517 0 +2.407876207e+05 +2.411078107e+05 +2.411078107e+05
1664 0 +2.163900536e+05 +2.167102436e+05 +2.167102436e+05
1669 0 +1.916578628e+05 +1.919780528e+05 +1.919780528e+05
1678 0 +8.665393197e+04 +8.697412197e+04 +8.697412197e+04
1680 0 +6.338664982e+04 +6.370683982e+04 +6.370683982e+04
1810 0 +6.307080475e+04 +6.339099475e+04 +6.339099475e+04
1831 0 +5.607475882e+04 +5.639494882e+04 +5.639494882e+04
1834 0 +4.442860487e+04 +4.474879487e+04 +4.474879487e+04
1839 0 +1.190129963e+04 +1.222148963e+04 +1.222148963e+04
1988 0 +1.105938295e+04 +1.137957295e+04 +1.137957295e+04
1989 0 +9.371902631e+03 +9.692092631e+03 +9.692092631e+03
1995 0 +4.722724654e+03 +5.042914654e+03 +5.042914654e+03
2141 0 +4.464946908e+03 +4.785136908e+03 +4.785136908e+03
2152 0 +3.909313715e+03 +4.229503715e+03 +4.229503715e+03
2158 0 +2.165285787e+03 +2.485475787e+03 +2.485475787e+03
2160 0 +1.964705646e+03 +2.284895646e+03 +2.284895646e+03
2313 0 +1.627618382e+03 +1.947808382e+03 +1.947808382e+03
2319 0 +1.003046170e+03 +1.323236170e+03 +1.323236170e+03
2321 0 +8.521722391e+01 +4.054072239e+02 +4.054072239e+02
2470 0 +7.932176254e+01 +3.995117625e+02 +3.995117625e+02
2476 0 +1.600725686e+01 +3.361972569e+02 +3.361972569e+02
2608 0 +1.578070899e+01 +3.359707090e+02 +3.359707090e+02
2622 0 +1.308441309e+01 +3.332744131e+02 +3.332744131e+02
2625 0 +1.062871423e+01 +3.308187142e+02 +3.308187142e+02
2629 0 +5.577459875e+00 +3.257674599e+02 +3.257674599e+02
2791 0 +4.404208920e+00 +3.245942089e+02 +3.245942089e+02
2795 0 +3.637784558e+00 +3.238277846e+02 +3.238277846e+02
2954 0 +3.454081854e+00 +3.236440819e+02 +3.236440819e+02
2956 0 +2.384959021e+00 +3.225749590e+02 +3.225749590e+02
2960 0 +1.042825506e+00 +3.212328255e+02 +3.212328255e+02
3104 0 +9.733323487e-01 +3.211633323e+02 +3.211633323e+02
3109 0 +8.194652379e-01 +3.210094652e+02 +3.210094652e+02
3112 0 +6.849614201e-01 +3.208749614e+02 +3.208749614e+02
3113 0 +5.343721655e-01 +3.207243722e+02 +3.207243722e+02
3118 0 +2.522459491e-01 +3.204422459e+02 +3.204422459e+02
3250 0 +2.508239522e-01 +3.204408240e+02 +3.204408240e+02
3279 0 +8.287777751e-02 +3.202728778e+02 +3.202728778e+02
3434 0 +7.644466647e-02 +3.202664447e+02 +3.202664447e+02
3437 0 +6.108101166e-02 +3.202510810e+02 +3.202510810e+02
3442 0 +1.043895499e-02 +3.202004390e+02 +3.202004390e+02
3581 0 +9.941782648e-03 +3.201999418e+02 +3.201999418e+02
3593 0 +7.567508696e-03 +3.201975675e+02 +3.201975675e+02
3596 0 +4.556953236e-03 +3.201945570e+02 +3.201945570e+02
3598 0 +2.439914195e-03 +3.201924399e+02 +3.201924399e+02
3745 0 +2.197256554e-03 +3.201921973e+02 +3.201921973e+02
3750 0 +1.811208580e-03 +3.201918112e+02 +3.201918112e+02
3751 0 +1.521339883e-03 +3.201915213e+02 +3.201915213e+02
3757 0 +7.239205435e-04 +3.201907239e+02 +3.201907239e+02
3908 0 +6.778852696e-04 +3.201906779e+02 +3.201906779e+02
3913 0 +4.397886615e-04 +3.201904398e+02 +3.201904398e+02
3915 0 +2.419893866e-04 +3.201902420e+02 +3.201902420e+02
3918 0 +1.431934293e-04 +3.201901432e+02 +3.201901432e+02
4056 0 +1.395328624e-04 +3.201901395e+02 +3.201901395e+02
4066 0 +1.253877684e-04 +3.201901254e+02 +3.201901254e+02
4069 0 +1.092079126e-04 +3.201901092e+02 +3.201901092e+02
4071 0 +8.432700957e-05 +3.201900843e+02 +3.201900843e+02
4077 0 +2.609121310e-05 +3.201900261e+02 +3.201900261e+02
4218 0 +2.508579689e-05 +3.201900251e+02 +3.201900251e+02
4227 0 +2.054156829e-05 +3.201900205e+02 +3.201900205e+02
4236 0 +9.933132560e-06 +3.201900099e+02 +3.201900099e+02
4390 0 +8.644181605e-06 +3.201900086e+02 +3.201900086e+02
4395 0 +7.814724654e-06 +3.201900078e+02 +3.201900078e+02
4398 0 +3.311074352e-06 +3.201900033e+02 +3.201900033e+02
4540 0 +3.141789080e-06 +3.201900031e+02 +3.201900031e+02
4556 0 +1.572974213e-06 +3.201900016e+02 +3.201900016e+02
4707 0 +1.377102649e-06 +3.201900014e+02 +3.201900014e+02
4712 0 +1.207898435e-06 +3.201900012e+02 +3.201900012e+02
4713 0 +9.966205994e-07 +3.201900010e+02 +3.201900010e+02
4722 0 +1.131173235e-07 +3.201900001e+02 +3.201900001e+02
4849 0 +1.116733870e-07 +3.201900001e+02 +3.201900001e+02
4878 0 +2.252494369e-08 +3.201900000e+02 +3.201900000e+02
5011 0 +2.229563734e-08 +3.201900000e+02 +3.201900000e+02
5032 0 +1.280875495e-08 +3.201900000e+02 +3.201900000e+02
5264 0 +1.253556547e-08 +3.201900000e+02 +3.201900000e+02
5279 0 +3.940556326e-09 +3.201900000e+02 +3.201900000e+02
6641 0 +5.684341886e-13 +3.201900000e+02 +3.201900000e+02
400000 0 +2.842170943e-13 +3.201900000e+02 +3.201900000e+02
% f evaluations | g evaluations | best noise-free fitness - Fopt (-1.042400000000e+02) + sum g_i+ | measured fitness | best measured fitness or single-digit g-values | x1 | x2...
1 0 +1.409421287e+07 +1.409410863e+07 +1.409410863e+07
3 0 +1.121033974e+07 +1.121023550e+07 +1.121023550e+07
117 0 +1.119519355e+07 +1.119508931e+07 +1.119508931e+07
159 0 +1.106653314e+07 +1.106642890e+07 +1.106642890e+07
165 0 +1.097691851e+07 +1.097681427e+07 +1.097681427e+07
201 0 +9.968614253e+06 +9.968510013e+06 +9.968510013e+06
227 0 +9.763417609e+06 +9.763313369e+06 +9.763313369e+06
228 0 +8.499590500e+06 +8.499486260e+06 +8.499486260e+06
234 0 +8.026987360e+06 +8.026883120e+06 +8.026883120e+06
1280 0 +6.334574124e+06 +6.334469884e+06 +6.334469884e+06
1282 0 +4.875920809e+06 +4.875816569e+06 +4.875816569e+06
1337 0 +4.729098499e+06 +4.728994259e+06 +4.728994259e+06
1340 0 +4.670133769e+06 +4.670029529e+06 +4.670029529e+06
1346 0 +4.478758041e+06 +4.478653801e+06 +4.478653801e+06
1349 0 +4.218454973e+06 +4.218350733e+06 +4.218350733e+06
1351 0 +4.128439637e+06 +4.128335397e+06 +4.128335397e+06
1358 0 +2.608491587e+06 +2.608387347e+06 +2.608387347e+06
1360 0 +1.025560310e+06 +1.025456070e+06 +1.025456070e+06
1417 0 +9.743685279e+05 +9.742642879e+05 +9.742642879e+05
1429 0 +8.688942182e+05 +8.687899782e+05 +8.687899782e+05
1438 0 +3.259174431e+05 +3.258132031e+05 +3.258132031e+05
1662 0 +3.118334066e+05 +3.117291666e+05 +3.117291666e+05
1667 0 +2.900991839e+05 +2.899949439e+05 +2.899949439e+05
1674 0 +2.486667695e+05 +2.485625295e+05 +2.485625295e+05
1676 0 +1.836847876e+05 +1.835805476e+05 +1.835805476e+05
1680 0 +4.937170530e+04 +4.926746530e+04 +4.926746530e+04
1830 0 +4.106202001e+04 +4.095778001e+04 +4.095778001e+04
1832 0 +3.611142258e+04 +3.600718258e+04 +3.600718258e+04
1842 0 +2.103106998e+04 +2.092682998e+04 +2.092682998e+04
1983 0 +1.993330696e+04 +1.982906696e+04 +1.982906696e+04
1993 0 +1.717898671e+04 +1.707474671e+04 +1.707474671e+04
2001 0 +5.695725327e+03 +5.591485327e+03 +5.591485327e+03
2148 0 +5.474320051e+03 +5.370080051e+03 +5.370080051e+03
2154 0 +4.886916997e+03 +4.782676997e+03 +4.782676997e+03
2156 0 +3.948343607e+03 +3.844103607e+03 +3.844103607e+03
2160 0 +1.564985489e+03 +1.460745489e+03 +1.460745489e+03
2313 0 +1.311976626e+03 +1.207736626e+03 +1.207736626e+03
2317 0 +9.017786473e+02 +7.975386473e+02 +7.975386473e+02
2322 0 +1.797046245e+02 +7.546462446e+01 +7.546462446e+01
2457 0 +1.758123410e+02 +7.157234098e+01 +7.157234098e+01
2465 0 +1.556661640e+02 +5.142616397e+01 +5.142616397e+01
2468 0 +1.392769110e+02 +3.503691097e+01 +3.503691097e+01
2470 0 +1.209213010e+02 +1.668130097e+01 +1.668130097e+01
2471 0 +9.920045879e+01 -5.039541210e+00 -5.039541210e+00
2475 0 +7.646541452e+01 -2.777458548e+01 -2.777458548e+01
2634 0 +7.060078561e+01 -3.363921439e+01 -3.363921439e+01
2636 0 +6.074229091e+01 -4.349770909e+01 -4.349770909e+01
2639 0 +3.934251418e+01 -6.489748582e+01 -6.489748582e+01
2641 0 +3.370242622e+01 -7.053757378e+01 -7.053757378e+01
2792 0 +2.903474409e+01 -7.520525591e+01 -7.520525591e+01
2793 0 +2.688705427e+01 -7.735294573e+01 -7.735294573e+01
2798 0 +1.887084047e+01 -8.536915953e+01 -8.536915953e+01
2802 0 +3.850155584e+00 -1.003898444e+02 -1.003898444e+02
2947 0 +3.411548748e+00 -1.008284513e+02 -1.008284513e+02
2956 0 +2.361567481e+00 -1.018784325e+02 -1.018784325e+02
2960 0 +4.320289432e-01 -1.038079711e+02 -1.038079711e+02
3110 0 +3.247742317e-01 -1.039152258e+02 -1.039152258e+02
3114 0 +2.571991673e-01 -1.039828008e+02 -1.039828008e+02
3259 0 +2.504701571e-01 -1.039895298e+02 -1.039895298e+02
3273 0 +2.012215353e-01 -1.040387785e+02 -1.040387785e+02
3277 0 +1.591835704e-01 -1.040808164e+02 -1.040808164e+02
3279 0 +1.526134304e-01 -1.040873866e+02 -1.040873866e+02
3281 0 +1.078120310e-01 -1.041321880e+02 -1.041321880e+02
3431 0 +9.759469901e-02 -1.041424053e+02 -1.041424053e+02
3435 0 +8.792286532e-02 -1.041520771e+02 -1.041520771e+02
3438 0 +7.888146723e-02 -1.041611185e+02 -1.041611185e+02
3440 0 +4.608461021e-02 -1.041939154e+02 -1.041939154e+02
3442 0 +1.397221734e-02 -1.042260278e+02 -1.042260278e+02
3587 0 +1.253586349e-02 -1.042274641e+02 -1.042274641e+02
3593 0 +9.752132617e-03 -1.042302479e+02 -1.042302479e+02
3596 0 +8.108033493e-03 -1.042318920e+02 -1.042318920e+02
3597 0 +5.270201077e-03 -1.042347298e+02 -1.042347298e+02
3748 0 +4.849853881e-03 -1.042351501e+02 -1.042351501e+02
3752 0 +4.165611582e-03 -1.042358344e+02 -1.042358344e+02
3755 0 +3.693824104e-03 -1.042363062e+02 -1.042363062e+02
3758 0 +3.051941541e-03 -1.042369481e+02 -1.042369481e+02
3761 0 +7.884430725e-04 -1.042392116e+02 -1.042392116e+02
3916 0 +6.438721484e-04 -1.042393561e+02 -1.042393561e+02
3917 0 +4.810980365e-04 -1.042395189e+02 -1.042395189e+02
4071 0 +4.144458321e-04 -1.042395856e+02 -1.042395856e+02
4073 0 +3.570978200e-04 -1.042396429e+02 -1.042396429e+02
4075 0 +3.348465046e-04 -1.042396652e+02 -1.042396652e+02
4078 0 +3.037025773e-04 -1.042396963e+02 -1.042396963e+02
4079 0 +2.605596311e-04 -1.042397394e+02 -1.042397394e+02
4082 0 +5.694733672e-05 -1.042399431e+02 -1.042399431e+02
4217 0 +5.602417939e-05 -1.042399440e+02 -1.042399440e+02
4228 0 +4.893973599e-05 -1.042399511e+02 -1.042399511e+02
4236 0 +4.148755274e-05 -1.042399585e+02 -1.042399585e+02
4237 0 +2.922060018e-05 -1.042399708e+02 -1.042399708e+02
4240 0 +1.262989085e-05 -1.042399874e+02 -1.042399874e+02
4373 0 +1.249439256e-05 -1.042399875e+02 -1.042399875e+02
4395 0 +1.033464716e-05 -1.042399897e+02 -1.042399897e+02
4399 0 +8.002951546e-06 -1.042399920e+02 -1.042399920e+02
4544 0 +7.845041253e-06 -1.042399922e+02 -1.042399922e+02
4552 0 +6.934935627e-06 -1.042399931e+02 -1.042399931e+02
4558 0 +4.778890030e-06 -1.042399952e+02 -1.042399952e+02
4560 0 +3.353006448e-06 -1.042399966e+02 -1.042399966e+02
4561 0 +6.181338534e-07 -1.042399994e+02 -1.042399994e+02
4714 0 +5.220666566e-07 -1.042399995e+02 -1.042399995e+02
4715 0 +3.672109301e-07 -1.042399996e+02 -1.042399996e+02
4719 0 +3.219138023e-07 -1.042399997e+02 -1.042399997e+02
4865 0 +3.052479229e-07 -1.042399997e+02 -1.042399997e+02
4872 0 +2.522631917e-07 -1.042399997e+02 -1.042399997e+02
4873 0 +2.246025161e-07 -1.042399998e+02 -1.042399998e+02
4876 0 +2.135953139e-07 -1.042399998e+02 -1.042399998e+02
4880 0 +8.641941918e-08 -1.042399999e+02 -1.042399999e+02
4882 0 +7.543303582e-08 -1.042399999e+02 -1.042399999e+02
5027 0 +7.032524252e-08 -1.042399999e+02 -1.042399999e+02
5035 0 +5.434790751e-08 -1.042399999e+02 -1.042399999e+02
5041 0 +9.821548019e-09 -1.042400000e+02 -1.042400000e+02
6239 0 +6.252776075e-13 -1.042400000e+02 -1.042400000e+02
400000 0 +5.684341886e-14 -1.042400000e+02 -1.042400000e+02
% f evaluations | g evaluations | best noise-free fitness - Fopt (1.212800000000e+02) + sum g_i+ | measured fitness | best measured fitness or single-digit g-values | x1 | x2...
1 0 +2.393691631e+07 +2.393703759e+07 +2.393703759e+07
3 0 +1.890993087e+07 +1.891005215e+07 +1.891005215e+07
141 0 +1.888599993e+07 +1.888612121e+07 +1.888612121e+07
177 0 +1.858114882e+07 +1.858127010e+07 +1.858127010e+07
201 0 +1.712167170e+07 +1.712179298e+07 +1.712179298e+07
207 0 +1.667661357e+07 +1.667673485e+07 +1.667673485e+07
234 0 +1.417268155e+07 +1.417280283e+07 +1.417280283e+07
240 0 +1.406733405e+07 +1.406745533e+07 +1.406745533e+07
1280 0 +1.283188608e+07 +1.283200736e+07 +1.283200736e+07
1282 0 +9.640373890e+06 +9.640495170e+06 +9.640495170e+06
1341 0 +9.541001820e+06 +9.541123100e+06 +9.541123100e+06
1343 0 +9.470617198e+06 +9.470738478e+06 +9.470738478e+06
1349 0 +8.892046717e+06 +8.892167997e+06 +8.892167997e+06
1351 0 +8.303997396e+06 +8.304118676e+06 +8.304118676e+06
1354 0 +7.557552026e+06 +7.557673306e+06 +7.557673306e+06
1358 0 +7.019397845e+06 +7.019519125e+06 +7.019519125e+06
1360 0 +4.875391942e+06 +4.875513222e+06 +4.875513222e+06
1362 0 +2.463917590e+06 +2.464038870e+06 +2.464038870e+06
1429 0 +2.222205807e+06 +2.222327087e+06 +2.222327087e+06
1431 0 +1.945268247e+06 +1.945389527e+06 +1.945389527e+06
1434 0 +1.633740940e+06 +1.633862220e+06 +1.633862220e+06
1440 0 +3.603869297e+05 +3.605082097e+05 +3.605082097e+05
1667 0 +3.504844659e+05 +3.506057459e+05 +3.506057459e+05
1680 0 +3.104553800e+05 +3.105766600e+05 +3.105766600e+05
1682 0 +6.983724483e+04 +6.995852483e+04 +6.995852483e+04
1831 0 +5.985164518e+04 +5.997292518e+04 +5.997292518e+04
1835 0 +4.364952355e+04 +4.377080355e+04 +4.377080355e+04
1839 0 +5.745068669e+03 +5.866348669e+03 +5.866348669e+03
1979 0 +5.462396072e+03 +5.583676072e+03 +5.583676072e+03
1985 0 +4.691558098e+03 +4.812838098e+03 +4.812838098e+03
1992 0 +3.999415936e+03 +4.120695936e+03 +4.120695936e+03
1994 0 +2.283694344e+03 +2.404974344e+03 +2.404974344e+03
2138 0 +2.235559765e+03 +2.356839765e+03 +2.356839765e+03
2148 0 +1.797681453e+03 +1.918961453e+03 +1.918961453e+03
2151 0 +1.501029238e+03 +1.622309238e+03 +1.622309238e+03
2158 0 +1.361160486e+03 +1.482440486e+03 +1.482440486e+03
2313 0 +1.072567207e+03 +1.193847207e+03 +1.193847207e+03
2315 0 +7.586657339e+02 +8.799457339e+02 +8.799457339e+02
2317 0 +3.104735854e+02 +4.317535854e+02 +4.317535854e+02
2320 0 +2.579635588e+02 +3.792435588e+02 +3.792435588e+02
2463 0 +2.501233596e+02 +3.714033596e+02 +3.714033596e+02
2470 0 +2.229847432e+02 +3.442647432e+02 +3.442647432e+02
2471 0 +1.951340063e+02 +3.164140063e+02 +3.164140063e+02
2479 0 +4.557779730e+01 +1.668577973e+02 +1.668577973e+02
2616 0 +4.455479143e+01 +1.658347914e+02 +1.658347914e+02
2629 0 +3.888195142e+01 +1.601619514e+02 +1.601619514e+02
2641 0 +6.277185630e+00 +1.275571856e+02 +1.275571856e+02
2790 0 +5.375767473e+00 +1.266557675e+02 +1.266557675e+02
2792 0 +4.401947026e+00 +1.256819470e+02 +1.256819470e+02
2949 0 +3.827815540e+00 +1.251078155e+02 +1.251078155e+02
2960 0 +3.466525492e+00 +1.247465255e+02 +1.247465255e+02
2962 0 +1.221932955e+00 +1.225019330e+02 +1.225019330e+02
3112 0 +1.048831316e+00 +1.223288313e+02 +1.223288313e+02
3113 0 +8.443444389e-01 +1.221243444e+02 +1.221243444e+02
3119 0 +2.782350679e-01 +1.215582351e+02 +1.215582351e+02
3269 0 +2.453421857e-01 +1.215253422e+02 +1.215253422e+02
3276 0 +2.102754812e-01 +1.214902755e+02 +1.214902755e+02
3281 0 +5.303004187e-02 +1.213330300e+02 +1.213330300e+02
3431 0 +4.506483153e-02 +1.213250648e+02 +1.213250648e+02
3435 0 +4.130101131e-02 +1.213213010e+02 +1.213213010e+02
3438 0 +1.885672086e-02 +1.212988567e+02 +1.212988567e+02
3594 0 +1.773598971e-02 +1.212977360e+02 +1.212977360e+02
3596 0 +1.476951746e-02 +1.212947695e+02 +1.212947695e+02
3600 0 +1.204003334e-02 +1.212920400e+02 +1.212920400e+02
3602 0 +4.265842528e-03 +1.212842658e+02 +1.212842658e+02
3747 0 +3.869787732e-03 +1.212838698e+02 +1.212838698e+02
3752 0 +3.480494273e-03 +1.212834805e+02 +1.212834805e+02
3753 0 +2.736742610e-03 +1.212827367e+02 +1.212827367e+02
3759 0 +1.450529827e-03 +1.212814505e+02 +1.212814505e+02
3904 0 +1.397832428e-03 +1.212813978e+02 +1.212813978e+02
3915 0 +1.188715799e-03 +1.212811887e+02 +1.212811887e+02
3920 0 +1.118517324e-03 +1.212811185e+02 +1.212811185e+02
3921 0 +3.115417531e-04 +1.212803115e+02 +1.212803115e+02
4070 0 +2.763868049e-04 +1.212802764e+02 +1.212802764e+02
4071 0 +2.379086673e-04 +1.212802379e+02 +1.212802379e+02
4077 0 +1.623217192e-04 +1.212801623e+02 +1.212801623e+02
4079 0 +2.988500559e-05 +1.212800299e+02 +1.212800299e+02
4223 0 +2.651167983e-05 +1.212800265e+02 +1.212800265e+02
4225 0 +2.475423774e-05 +1.212800248e+02 +1.212800248e+02
4236 0 +1.600089585e-05 +1.212800160e+02 +1.212800160e+02
4374 0 +1.580542808e-05 +1.212800158e+02 +1.212800158e+02
4390 0 +1.385625988e-05 +1.212800139e+02 +1.212800139e+02
4394 0 +1.119562432e-05 +1.212800112e+02 +1.212800112e+02
4398 0 +8.540225011e-06 +1.212800085e+02 +1.212800085e+02
4402 0 +7.747582416e-06 +1.212800077e+02 +1.212800077e+02
4556 0 +6.643878990e-06 +1.212800066e+02 +1.212800066e+02
4557 0 +5.825420587e-06 +1.212800058e+02 +1.212800058e+02
4560 0 +3.701419345e-06 +1.212800037e+02 +1.212800037e+02
4561 0 +4.984567710e-07 +1.212800005e+02 +1.212800005e+02
4712 0 +3.430052544e-07 +1.212800003e+02 +1.212800003e+02
4718 0 +2.760979498e-07 +1.212800003e+02 +1.212800003e+02
4868 0 +2.502357859e-07 +1.212800003e+02 +1.212800003e+02
4876 0 +1.588226297e-07 +1.212800002e+02 +1.212800002e+02
4877 0 +7.891132725e-08 +1.212800001e+02 +1.212800001e+02
5024 0 +7.077920827e-08 +1.212800001e+02 +1.212800001e+02
5040 0 +3.214012168e-08 +1.212800000e+02 +1.212800000e+02
5042 0 +1.747730494e-08 +1.212800000e+02 +1.212800000e+02
5187 0 +1.529896565e-08 +1.212800000e+02 +1.212800000e+02
5191 0 +1.351033063e-08 +1.212800000e+02 +1.212800000e+02
5193 0 +1.177598108e-08 +1.212800000e+02 +1.212800000e+02
5201 0 +2.838660862e-09 +1.212800000e+02 +1.212800000e+02
6240 0 +6.536993169e-13 +1.212800000e+02 +1.212800000e+02
400000 0 +5.684341886e-14 +1.212800000e+02 +1.212800000e+02
% f evaluations | g evaluations | best noise-free fitness - Fopt (1.161000000000e+01) + sum g_i+ | measured fitness | best measured fitness or single-digit g-values | x1 | x2...
1 0 +1.515194106e+07 +1.515195267e+07 +1.515195267e+07
4 0 +1.507763973e+07 +1.507765134e+07 +1.507765134e+07
170 0 +1.494062841e+07 +1.494064002e+07 +1.494064002e+07
193 0 +1.488974532e+07 +1.488975693e+07 +1.488975693e+07
199 0 +1.463846967e+07 +1.463848128e+07 +1.463848128e+07
203 0 +1.357230939e+07 +1.357232100e+07 +1.357232100e+07
205 0 +1.314828700e+07 +1.314829861e+07 +1.314829861e+07
221 0 +1.014529764e+07 +1.014530925e+07 +1.014530925e+07
223 0 +9.142614937e+06 +9.142626547e+06 +9.142626547e+06
1276 0 +8.120767521e+06 +8.120779131e+06 +8.120779131e+06
1277 0 +6.746734022e+06 +6.746745632e+06 +6.746745632e+06
1281 0 +4.871689762e+06 +4.871701372e+06 +4.871701372e+06
1339 0 +4.745312427e+06 +4.745324037e+06 +4.745324037e+06
1341 0 +4.691674624e+06 +4.691686234e+06 +4.691686234e+06
1350 0 +4.212662913e+06 +4.212674523e+06 +4.212674523e+06
1356 0 +2.753724793e+06 +2.753736403e+06 +2.753736403e+06
1357 0 +2.357800351e+06 +2.357811961e+06 +2.357811961e+06
1361 0 +1.988805525e+06 +1.988817135e+06 +1.988817135e+06
1430 0 +1.605344248e+06 +1.605355858e+06 +1.605355858e+06
1436 0 +5.441440960e+05 +5.441557060e+05 +5.441557060e+05
1516 0 +2.329960618e+05 +2.330076718e+05 +2.330076718e+05
1664 0 +2.191431577e+05 +2.191547677e+05 +2.191547677e+05
1674 0 +1.602564591e+05 +1.602680691e+05 +1.602680691e+05
1682 0 +7.311622721e+04 +7.312783721e+04 +7.312783721e+04
1822 0 +7.055904316e+04 +7.057065316e+04 +7.057065316e+04
1840 0 +3.776887106e+04 +3.778048106e+04 +3.778048106e+04
1841 0 +1.509999127e+04 +1.511160127e+04 +1.511160127e+04
1985 0 +1.406243092e+04 +1.407404092e+04 +1.407404092e+04
1993 0 +1.249701534e+04 +1.250862534e+04 +1.250862534e+04
2002 0 +7.880735489e+03 +7.892345489e+03 +7.892345489e+03
2154 0 +6.970134112e+03 +6.981744112e+03 +6.981744112e+03
2156 0 +6.258508656e+03 +6.270118656e+03 +6.270118656e+03
2158 0 +4.734401397e+03 +4.746011397e+03 +4.746011397e+03
2159 0 +2.532028325e+03 +2.543638325e+03 +2.543638325e+03
2161 0 +8.824157501e+02 +8.940257501e+02 +8.940257501e+02
2306 0 +7.787150002e+02 +7.903250002e+02 +7.903250002e+02
2307 0 +7.019647252e+02 +7.135747252e+02 +7.135747252e+02
2315 0 +6.239795379e+02 +6.355895379e+02 +6.355895379e+02
2322 0 +4.236555313e+02 +4.352655313e+02 +4.352655313e+02
2471 0 +3.602748023e+02 +3.718848023e+02 +3.718848023e+02
2474 0 +3.288171800e+02 +3.404271800e+02 +3.404271800e+02
2476 0 +2.545135112e+02 +2.661235112e+02 +2.661235112e+02
2480 0 +1.969283994e+02 +2.085383994e+02 +2.085383994e+02
2481 0 +4.984720275e+01 +6.145720275e+01 +6.145720275e+01
2637 0 +3.676347216e+01 +4.837347216e+01 +4.837347216e+01
2639 0 +2.507601109e+01 +3.668601109e+01 +3.668601109e+01
2793 0 +2.163012407e+01 +3.324012407e+01 +3.324012407e+01
2798 0 +1.937727110e+01 +3.098727110e+01 +3.098727110e+01
2800 0 +1.380075651e+01 +2.541075651e+01 +2.541075651e+01
2802 0 +3.378193042e+00 +1.498819304e+01 +1.498819304e+01
2943 0 +3.065942139e+00 +1.467594214e+01 +1.467594214e+01
2950 0 +2.638002574e+00 +1.424800257e+01 +1.424800257e+01
2955 0 +2.273898847e+00 +1.388389885e+01 +1.388389885e+01
2957 0 +1.654552936e+00 +1.326455294e+01 +1.326455294e+01
3116 0 +1.441682813e+00 +1.305168281e+01 +1.305168281e+01
3118 0 +1.309237482e+00 +1.291923748e+01 +1.291923748e+01
3120 0 +6.538716595e-01 +1.226387166e+01 +1.226387166e+01
3121 0 +2.275258284e-01 +1.183752583e+01 +1.183752583e+01
3262 0 +2.219073914e-01 +1.183190739e+01 +1.183190739e+01
3271 0 +1.816765657e-01 +1.179167657e+01 +1.179167657e+01
3274 0 +1.681221934e-01 +1.177812219e+01 +1.177812219e+01
3277 0 +1.086013322e-01 +1.171860133e+01 +1.171860133e+01
3282 0 +9.648503246e-02 +1.170648503e+01 +1.170648503e+01
3430 0 +8.904137058e-02 +1.169904137e+01 +1.169904137e+01
3436 0 +6.328491895e-02 +1.167328492e+01 +1.167328492e+01
3438 0 +6.023796069e-02 +1.167023796e+01 +1.167023796e+01
3441 0 +1.179247300e-02 +1.162179247e+01 +1.162179247e+01
3585 0 +1.060676876e-02 +1.162060677e+01 +1.162060677e+01
3588 0 +9.873255952e-03 +1.161987326e+01 +1.161987326e+01
3592 0 +8.385957874e-03 +1.161838596e+01 +1.161838596e+01
3597 0 +2.162578402e-03 +1.161216258e+01 +1.161216258e+01
3749 0 +1.927965757e-03 +1.161192797e+01 +1.161192797e+01
3753 0 +1.211549647e-03 +1.161121155e+01 +1.161121155e+01
3907 0 +1.092583882e-03 +1.161109258e+01 +1.161109258e+01
3911 0 +9.562473644e-04 +1.161095625e+01 +1.161095625e+01
3920 0 +4.485714097e-04 +1.161044857e+01 +1.161044857e+01
3922 0 +1.952305689e-04 +1.161019523e+01 +1.161019523e+01
4078 0 +1.395983440e-04 +1.161013960e+01 +1.161013960e+01
4081 0 +5.937172057e-05 +1.161005937e+01 +1.161005937e+01
4228 0 +5.428635230e-05 +1.161005429e+01 +1.161005429e+01
4230 0 +4.855159034e-05 +1.161004855e+01 +1.161004855e+01
4232 0 +4.303910248e-05 +1.161004304e+01 +1.161004304e+01
4234 0 +3.653484776e-05 +1.161003653e+01 +1.161003653e+01
4237 0 +2.794997551e-05 +1.161002795e+01 +1.161002795e+01
4242 0 +1.814041051e-05 +1.161001814e+01 +1.161001814e+01
4382 0 +1.747597604e-05 +1.161001748e+01 +1.161001748e+01
4398 0 +1.476417669e-05 +1.161001476e+01 +1.161001476e+01
4401 0 +4.696168084e-06 +1.161000470e+01 +1.161000470e+01
4547 0 +4.205554770e-06 +1.161000421e+01 +1.161000421e+01
4551 0 +3.609728452e-06 +1.161000361e+01 +1.161000361e+01
4554 0 +2.908245119e-06 +1.161000291e+01 +1.161000291e+01
4557 0 +2.178682992e-06 +1.161000218e+01 +1.161000218e+01
4559 0 +9.594631578e-07 +1.161000096e+01 +1.161000096e+01
4709 0 +8.837130796e-07 +1.161000088e+01 +1.161000088e+01
4716 0 +7.433332634e-07 +1.161000074e+01 +1.161000074e+01
4718 0 +6.590161750e-07 +1.161000066e+01 +1.161000066e+01
4720 0 +6.043993057e-07 +1.161000060e+01 +1.161000060e+01
4722 0 +4.223881600e-07 +1.161000042e+01 +1.161000042e+01
4873 0 +3.941358617e-07 +1.161000039e+01 +1.161000039e+01
4877 0 +3.188538678e-07 +1.161000032e+01 +1.161000032e+01
4879 0 +1.970047734e-07 +1.161000020e+01 +1.161000020e+01
4881 0 +5.459159347e-08 +1.161000005e+01 +1.161000005e+01
5029 0 +4.446711976e-08 +1.161000004e+01 +1.161000004e+01
5034 0 +3.584764485e-08 +1.161000004e+01 +1.161000004e+01
5036 0 +1.928950866e-08 +1.161000002e+01 +1.161000002e+01
5187 0 +1.747872247e-08 +1.161000002e+01 +1.161000002e+01
5198 0 +1.288157492e-08 +1.161000001e+01 +1.161000001e+01
5202 0 +2.250054365e-09 +1.161000000e+01 +1.161000000e+01
6397 0 +4.902744877e-13 +1.161000000e+01 +1.161000000e+01
400000 0 +7.105427358e-15 +1.161000000e+01 +1.161000000e+01
% f evaluations | g evaluations | best noise-free fitness - Fopt (3.356700000000e+02) + sum g_i+ | measured fitness | best measured fitness or single-digit g-values | x1 | x2...
1 0 +1.725191389e+07 +1.725224956e+07 +1.725224956e+07
2 0 +1.725190501e+07 +1.725224068e+07 +1.725224068e+07
170 0 +1.713317660e+07 +1.713351227e+07 +1.713351227e+07
199 0 +1.708442519e+07 +1.708476086e+07 +1.708476086e+07
200 0 +1.558494364e+07 +1.558527931e+07 +1.558527931e+07
230 0 +1.206014594e+07 +1.206048161e+07 +1.206048161e+07
231 0 +1.164690624e+07 +1.164724191e+07 +1.164724191e+07
239 0 +1.152200948e+07 +1.152234515e+07 +1.152234515e+07
241 0 +8.286270144e+06 +8.286605814e+06 +8.286605814e+06
1279 0 +8.145997501e+06 +8.146333171e+06 +8.146333171e+06
1282 0 +5.064279555e+06 +5.064615225e+06 +5.064615225e+06
1339 0 +4.982500673e+06 +4.982836343e+06 +4.982836343e+06
1349 0 +4.377423199e+06 +4.377758869e+06 +4.377758869e+06
1351 0 +3.825224390e+06 +3.825560060e+06 +3.825560060e+06
1354 0 +3.526257423e+06 +3.526593093e+06 +3.526593093e+06
1359 0 +2.247046536e+06 +2.247382206e+06 +2.247382206e+06
1362 0 +1.013413765e+06 +1.013749435e+06 +1.013749435e+06
1429 0 +7.063893375e+05 +7.067250075e+05 +7.067250075e+05
1431 0 +4.671566284e+05 +4.674922984e+05 +4.674922984e+05
1439 0 +2.335539068e+05 +2.338895768e+05 +2.338895768e+05
1509 0 +1.620102201e+05 +1.623458901e+05 +1.623458901e+05
1662 0 +1.563476033e+05 +1.566832733e+05 +1.566832733e+05
1668 0 +1.326917971e+05 +1.330274671e+05 +1.330274671e+05
1680 0 +5.003586972e+04 +5.037153972e+04 +5.037153972e+04
1837 0 +2.604116435e+04 +2.637683435e+04 +2.637683435e+04
1839 0 +2.095854498e+04 +2.129421498e+04 +2.129421498e+04
1987 0 +1.934834908e+04 +1.968401908e+04 +1.968401908e+04
1989 0 +1.769782727e+04 +1.803349727e+04 +1.803349727e+04
1991 0 +1.567109238e+04 +1.600676238e+04 +1.600676238e+04
2000 0 +7.349632496e+03 +7.685302496e+03 +7.685302496e+03
2002 0 +4.916147790e+03 +5.251817790e+03 +5.251817790e+03
2153 0 +4.229408348e+03 +4.565078348e+03 +4.565078348e+03
2158 0 +3.623820817e+03 +3.959490817e+03 +3.959490817e+03
2161 0 +1.296025500e+03 +1.631695500e+03 +1.631695500e+03
2301 0 +1.255927145e+03 +1.591597145e+03 +1.591597145e+03
2316 0 +8.402246365e+02 +1.175894637e+03 +1.175894637e+03
2317 0 +5.852388459e+02 +9.209088459e+02 +9.209088459e+02
2319 0 +5.344237240e+02 +8.700937240e+02 +8.700937240e+02
2470 0 +5.007038251e+02 +8.363738251e+02 +8.363738251e+02
2473 0 +4.310445164e+02 +7.667145164e+02 +7.667145164e+02
2480 0 +2.876602361e+02 +6.233302361e+02 +6.233302361e+02
2481 0 +4.835839360e+01 +3.840283936e+02 +3.840283936e+02
2623 0 +4.422525149e+01 +3.798952515e+02 +3.798952515e+02
2629 0 +3.919436805e+01 +3.748643680e+02 +3.748643680e+02
2632 0 +3.412757256e+01 +3.697975726e+02 +3.697975726e+02
2637 0 +8.219966621e+00 +3.438899666e+02 +3.438899666e+02
2784 0 +7.690850663e+00 +3.433608507e+02 +3.433608507e+02
2788 0 +6.551734761e+00 +3.422217348e+02 +3.422217348e+02
2790 0 +5.179523822e+00 +3.408495238e+02 +3.408495238e+02
2791 0 +4.926998859e+00 +3.405969989e+02 +3.405969989e+02
2795 0 +3.214754017e+00 +3.388847540e+02 +3.388847540e+02
2938 0 +3.135872483e+00 +3.388058725e+02 +3.388058725e+02
2952 0 +2.567710389e+00 +3.382377104e+02 +3.382377104e+02
2956 0 +2.150804100e+00 +3.378208041e+02 +3.378208041e+02
2959 0 +4.884426505e-01 +3.361584427e+02 +3.361584427e+02
3109 0 +4.370753367e-01 +3.361070753e+02 +3.361070753e+02
3115 0 +3.182752865e-01 +3.359882753e+02 +3.359882753e+02
3118 0 +2.601016445e-01 +3.359301016e+02 +3.359301016e+02
3267 0 +2.426341462e-01 +3.359126341e+02 +3.359126341e+02
3273 0 +2.200235840e-01 +3.358900236e+02 +3.358900236e+02
3277 0 +1.011015912e-01 +3.357711016e+02 +3.357711016e+02
3280 0 +7.614655333e-02 +3.357461466e+02 +3.357461466e+02
3425 0 +6.964380592e-02 +3.357396438e+02 +3.357396438e+02
3434 0 +6.020192867e-02 +3.357302019e+02 +3.357302019e+02
3435 0 +4.872347565e-02 +3.357187235e+02 +3.357187235e+02
3439 0 +1.957374896e-02 +3.356895737e+02 +3.356895737e+02
3589 0 +1.743405506e-02 +3.356874341e+02 +3.356874341e+02
3601 0 +5.023468168e-03 +3.356750235e+02 +3.356750235e+02
3732 0 +5.010114904e-03 +3.356750101e+02 +3.356750101e+02
3752 0 +4.101407510e-03 +3.356741014e+02 +3.356741014e+02
3755 0 +3.072993461e-03 +3.356730730e+02 +3.356730730e+02
3760 0 +9.361864635e-04 +3.356709362e+02 +3.356709362e+02
3905 0 +8.541640015e-04 +3.356708542e+02 +3.356708542e+02
3913 0 +6.425704273e-04 +3.356706426e+02 +3.356706426e+02
3917 0 +3.177965550e-04 +3.356703178e+02 +3.356703178e+02
4058 0 +3.157126043e-04 +3.356703157e+02 +3.356703157e+02
4079 0 +2.265355958e-04 +3.356702265e+02 +3.356702265e+02
4082 0 +4.659812168e-05 +3.356700466e+02 +3.356700466e+02
4221 0 +4.466782445e-05 +3.356700447e+02 +3.356700447e+02
4232 0 +3.362288618e-05 +3.356700336e+02 +3.356700336e+02
4236 0 +2.615238708e-05 +3.356700262e+02 +3.356700262e+02
4238 0 +2.112327439e-05 +3.356700211e+02 +3.356700211e+02
4395 0 +1.917401659e-05 +3.356700192e+02 +3.356700192e+02
4397 0 +1.432318732e-05 +3.356700143e+02 +3.356700143e+02
4400 0 +7.216639062e-06 +3.356700072e+02 +3.356700072e+02
4401 0 +4.179107975e-06 +3.356700042e+02 +3.356700042e+02
4544 0 +3.975189145e-06 +3.356700040e+02 +3.356700040e+02
4556 0 +3.323570638e-06 +3.356700033e+02 +3.356700033e+02
4562 0 +1.070505675e-06 +3.356700011e+02 +3.356700011e+02
4707 0 +9.641510132e-07 +3.356700010e+02 +3.356700010e+02
4712 0 +8.578684287e-07 +3.356700009e+02 +3.356700009e+02
4714 0 +6.826688264e-07 +3.356700007e+02 +3.356700007e+02
4715 0 +5.302354680e-07 +3.356700005e+02 +3.356700005e+02
4718 0 +4.283897965e-07 +3.356700004e+02 +3.356700004e+02
4877 0 +3.380575890e-07 +3.356700003e+02 +3.356700003e+02
4879 0 +2.261039072e-07 +3.356700002e+02 +3.356700002e+02
4881 0 +3.787476999e-08 +3.356700000e+02 +3.356700000e+02
5023 0 +3.517010327e-08 +3.356700000e+02 +3.356700000e+02
5029 0 +2.945404276e-08 +3.356700000e+02 +3.356700000e+02
5035 0 +1.605195621e-08 +3.356700000e+02 +3.356700000e+02
5038 0 +1.360251645e-08 +3.356700000e+02 +3.356700000e+02
5192 0 +1.078205969e-08 +3.356700000e+02 +3.356700000e+02
5193 0 +9.177028915e-09 +3.356700000e+02 +3.356700000e+02
6722 0 +5.115907697e-13 +3.356700000e+02 +3.356700000e+02
400000 0 +3.979039320e-13 +3.356700000e+02 +3.356700000e+02
% f evaluations | g evaluations | best noise-free fitness - Fopt (-1.032000000000e+01) + sum g_i+ | measured fitness | best measured fitness or single-digit g-values | x1 | x2...
1 0 +2.616586845e+07 +2.616585813e+07 +2.616585813e+07
8 0 +2.616586482e+07 +2.616585450e+07 +2.616585450e+07
161 0 +2.602437488e+07 +2.602436456e+07 +2.602436456e+07
173 0 +2.587106860e+07 +2.587105828e+07 +2.587105828e+07
182 0 +2.561608806e+07 +2.561607774e+07 +2.561607774e+07
191 0 +2.543566075e+07 +2.543565043e+07 +2.543565043e+07
197 0 +2.518609297e+07 +2.518608265e+07 +2.518608265e+07
200 0 +2.474556790e+07 +2.474555758e+07 +2.474555758e+07
233 0 +1.937899922e+07 +1.937898890e+07 +1.937898890e+07
235 0 +1.849957638e+07 +1.849956606e+07 +1.849956606e+07
236 0 +1.502292381e+07 +1.502291349e+07 +1.502291349e+07
237 0 +1.275165771e+07 +1.275164739e+07 +1.275164739e+07
1281 0 +1.056309447e+07 +1.056308415e+07 +1.056308415e+07
1336 0 +1.049640669e+07 +1.049639637e+07 +1.049639637e+07
1343 0 +1.019596382e+07 +1.019595350e+07 +1.019595350e+07
1346 0 +1.000033748e+07 +1.000032716e+07 +1.000032716e+07
1348 0 +9.734523839e+06 +9.734513519e+06 +9.734513519e+06
1349 0 +9.124708480e+06 +9.124698160e+06 +9.124698160e+06
1352 0 +8.689794713e+06 +8.689784393e+06 +8.689784393e+06
1358 0 +8.514384234e+06 +8.514373914e+06 +8.514373914e+06
1360 0 +6.364677892e+06 +6.364667572e+06 +6.364667572e+06
1361 0 +3.278352865e+06 +3.278342545e+06 +3.278342545e+06
1420 0 +3.178758492e+06 +3.178748172e+06 +3.178748172e+06
1423 0 +3.088798932e+06 +3.088788612e+06 +3.088788612e+06
1426 0 +2.934682927e+06 +2.934672607e+06 +2.934672607e+06
1428 0 +2.735823148e+06 +2.735812828e+06 +2.735812828e+06
1429 0 +2.524193635e+06 +2.524183315e+06 +2.524183315e+06
1432 0 +2.506574042e+06 +2.506563722e+06 +2.506563722e+06
1440 0 +1.438632458e+06 +1.438622138e+06 +1.438622138e+06
1441 0 +2.562140513e+05 +2.562037313e+05 +2.562037313e+05
1496 0 +2.494466516e+05 +2.494363316e+05 +2.494363316e+05
1503 0 +2.140666586e+05 +2.140563386e+05 +2.140563386e+05
1509 0 +1.782141520e+05 +1.782038320e+05 +1.782038320e+05
1644 0 +1.777277588e+05 +1.777174388e+05 +1.777174388e+05
1668 0 +1.491487009e+05 +1.491383809e+05 +1.491383809e+05
1670 0 +1.284919759e+05 +1.284816559e+05 +1.284816559e+05
1671 0 +9.853182681e+04 +9.852150681e+04 +9.852150681e+04
1673 0 +7.832032588e+04 +7.831000588e+04 +7.831000588e+04
1677 0 +6.322277027e+04 +6.321245027e+04 +6.321245027e+04
1814 0 +6.288446186e+04 +6.287414186e+04 +6.287414186e+04
1834 0 +5.443828118e+04 +5.442796118e+04 +5.442796118e+04
1838 0 +3.033946110e+04 +3.032914110e+04 +3.032914110e+04
1840 0 +1.106860412e+04 +1.105828412e+04 +1.105828412e+04
1989 0 +9.459441078e+03 +9.449121078e+03 +9.449121078e+03
1993 0 +8.376556067e+03 +8.366236067e+03 +8.366236067e+03
1999 0 +6.393956547e+03 +6.383636547e+03 +6.383636547e+03
2145 0 +6.251860402e+03 +6.241540402e+03 +6.241540402e+03
2154 0 +5.254333098e+03 +5.244013098e+03 +5.244013098e+03
2160 0 +3.571930416e+03 +3.561610416e+03 +3.561610416e+03
2161 0 +1.406214189e+03 +1.395894189e+03 +1.395894189e+03
2309 0 +1.250555331e+03 +1.240235331e+03 +1.240235331e+03
2316 0 +9.425143353e+02 +9.321943353e+02 +9.321943353e+02
2317 0 +5.275956617e+02 +5.172756617e+02 +5.172756617e+02
2322 0 +4.726207581e+02 +4.623007581e+02 +4.623007581e+02
2468 0 +4.464458990e+02 +4.361258990e+02 +4.361258990e+02
2479 0 +2.617546644e+02 +2.514346644e+02 +2.514346644e+02
2481 0 +3.983635758e+01 +2.951635758e+01 +2.951635758e+01
2604 0 +3.975716027e+01 +2.943716027e+01 +2.943716027e+01
2630 0 +3.121580333e+01 +2.089580333e+01 +2.089580333e+01
2632 0 +2.302111026e+01 +1.270111026e+01 +1.270111026e+01
2633 0 +1.978664414e+01 +9.466644141e+00 +9.466644141e+00
2635 0 +1.536015617e+01 +5.040156172e+00 +5.040156172e+00
2785 0 +1.398724445e+01 +3.667244455e+00 +3.667244455e+00
2794 0 +1.143753578e+01 +1.117535784e+00 +1.117535784e+00
2796 0 +7.682166067e+00 -2.637833933e+00 -2.637833933e+00
2798 0 +1.826775301e+00 -8.493224699e+00 -8.493224699e+00
2935 0 +1.746573335e+00 -8.573426665e+00 -8.573426665e+00
2948 0 +1.380265771e+00 -8.939734229e+00 -8.939734229e+00
2949 0 +1.229853298e+00 -9.090146702e+00 -9.090146702e+00
3113 0 +1.035116537e+00 -9.284883463e+00 -9.284883463e+00
3115 0 +9.141580116e-01 -9.405841988e+00 -9.405841988e+00
3117 0 +8.447991661e-01 -9.475200834e+00 -9.475200834e+00
3122 0 +4.512555574e-01 -9.868744443e+00 -9.868744443e+00
3261 0 +4.443098555e-01 -9.875690145e+00 -9.875690145e+00
3276 0 +3.884502276e-01 -9.931549772e+00 -9.931549772e+00
3278 0 +2.991118701e-01 -1.002088813e+01 -1.002088813e+01
3279 0 +1.196540767e-01 -1.020034592e+01 -1.020034592e+01
3281 0 +7.775439871e-02 -1.024224560e+01 -1.024224560e+01
3432 0 +6.928376505e-02 -1.025071623e+01 -1.025071623e+01
3433 0 +5.788899475e-02 -1.026211101e+01 -1.026211101e+01
3435 0 +4.573682229e-02 -1.027426318e+01 -1.027426318e+01
3442 0 +1.261543544e-02 -1.030738456e+01 -1.030738456e+01
3566 0 +1.258383482e-02 -1.030741617e+01 -1.030741617e+01
3589 0 +1.070221540e-02 -1.030929778e+01 -1.030929778e+01
3591 0 +8.808558021e-03 -1.031119144e+01 -1.031119144e+01
3597 0 +4.842762624e-03 -1.031515724e+01 -1.031515724e+01
3755 0 +3.558517594e-03 -1.031644148e+01 -1.031644148e+01
3758 0 +3.206343189e-03 -1.031679366e+01 -1.031679366e+01
3761 0 +1.287168578e-03 -1.031871283e+01 -1.031871283e+01
3902 0 +1.249399532e-03 -1.031875060e+01 -1.031875060e+01
3914 0 +9.624470805e-04 -1.031903755e+01 -1.031903755e+01
3917 0 +6.819386660e-04 -1.031931806e+01 -1.031931806e+01
3919 0 +3.859680604e-04 -1.031961403e+01 -1.031961403e+01
3922 0 +3.290366016e-04 -1.031967096e+01 -1.031967096e+01
4065 0 +3.145307044e-04 -1.031968547e+01 -1.031968547e+01
4081 0 +7.962971704e-05 -1.031992037e+01 -1.031992037e+01
4212 0 +7.937905336e-05 -1.031992062e+01 -1.031992062e+01
4229 0 +7.054149660e-05 -1.031992946e+01 -1.031992946e+01
4238 0 +5.071380180e-05 -1.031994929e+01 -1.031994929e+01
4239 0 +7.317032983e-06 -1.031999268e+01 -1.031999268e+01
4388 0 +6.252615259e-06 -1.031999375e+01 -1.031999375e+01
4550 0 +5.518555241e-06 -1.031999448e+01 -1.031999448e+01
4553 0 +4.334617884e-06 -1.031999567e+01 -1.031999567e+01
4556 0 +3.178043142e-06 -1.031999682e+01 -1.031999682e+01
4558 0 +1.344664481e-06 -1.031999866e+01 -1.031999866e+01
4562 0 +1.006962538e-06 -1.031999899e+01 -1.031999899e+01
4694 0 +9.991535350e-07 -1.031999900e+01 -1.031999900e+01
4721 0 +1.627944091e-07 -1.031999984e+01 -1.031999984e+01
4859 0 +1.583842693e-07 -1.031999984e+01 -1.031999984e+01
4867 0 +1.389857722e-07 -1.031999986e+01 -1.031999986e+01
4871 0 +1.114433896e-07 -1.031999989e+01 -1.031999989e+01
4880 0 +4.119623931e-08 -1.031999996e+01 -1.031999996e+01
5021 0 +3.972166240e-08 -1.031999996e+01 -1.031999996e+01
5029 0 +3.470166732e-08 -1.031999997e+01 -1.031999997e+01
5034 0 +2.685783329e-08 -1.031999997e+01 -1.031999997e+01
5035 0 +2.251920250e-08 -1.031999998e+01 -1.031999998e+01
5178 0 +2.236355812e-08 -1.031999998e+01 -1.031999998e+01
5192 0 +1.776444414e-08 -1.031999998e+01 -1.031999998e+01
5196 0 +1.478820622e-08 -1.031999999e+01 -1.031999999e+01
5199 0 +4.935058584e-09 -1.032000000e+01 -1.032000000e+01
6560 0 +7.052136652e-13 -1.032000000e+01 -1.032000000e+01
400000 0 +8.881784197e-15 -1.032000000e+01 -1.032000000e+01
% f evaluations | g evaluations | best noise-free fitness - Fopt (-2.954000000000e+01) + sum g_i+ | measured fitness | best measured fitness or single-digit g-values | x1 | x2...
1 0 +1.933720307e+07 +1.933717353e+07 +1.933717353e+07
8 0 +1.933719306e+07 +1.933716352e+07 +1.933716352e+07
155 0 +1.925815343e+07 +1.925812389e+07 +1.925812389e+07
188 0 +1.894838424e+07 +1.894835470e+07 +1.894835470e+07
206 0 +1.729639220e+07 +1.729636266e+07 +1.729636266e+07
218 0 +1.676651179e+07 +1.676648225e+07 +1.676648225e+07
227 0 +1.533630671e+07 +1.533627717e+07 +1.533627717e+07
239 0 +1.321640769e+07 +1.321637815e+07 +1.321637815e+07
241 0 +1.200567703e+07 +1.200564749e+07 +1.200564749e+07
1278 0 +1.120103957e+07 +1.120101003e+07 +1.120101003e+07
1279 0 +9.600698067e+06 +9.600668527e+06 +9.600668527e+06
1282 0 +6.533816956e+06 +6.533787416e+06 +6.533787416e+06
1334 0 +6.499450912e+06 +6.499421372e+06 +6.499421372e+06
1345 0 +6.358084811e+06 +6.358055271e+06 +6.358055271e+06
1349 0 +6.254055428e+06 +6.254025888e+06 +6.254025888e+06
1351 0 +5.381089171e+06 +5.381059631e+06 +5.381059631e+06
1353 0 +5.039565980e+06 +5.039536440e+06 +5.039536440e+06
1355 0 +4.403312237e+06 +4.403282697e+06 +4.403282697e+06
1358 0 +2.889856494e+06 +2.889826954e+06 +2.889826954e+06
1359 0 +2.544227870e+06 +2.544198330e+06 +2.544198330e+06
1362 0 +1.077179538e+06 +1.077149998e+06 +1.077149998e+06
1431 0 +7.312652630e+05 +7.312357230e+05 +7.312357230e+05
1435 0 +6.109749993e+05 +6.109454593e+05 +6.109454593e+05
1438 0 +2.150908222e+05 +2.150612822e+05 +2.150612822e+05
1511 0 +1.699505694e+05 +1.699210294e+05 +1.699210294e+05
1662 0 +1.564559261e+05 +1.564263861e+05 +1.564263861e+05
1672 0 +1.171262013e+05 +1.170966613e+05 +1.170966613e+05
1676 0 +8.044862391e+04 +8.041908391e+04 +8.041908391e+04
1824 0 +7.761599721e+04 +7.758645721e+04 +7.758645721e+04
1835 0 +6.799931087e+04 +6.796977087e+04 +6.796977087e+04
1840 0 +3.960574481e+04 +3.957620481e+04 +3.957620481e+04
1842 0 +2.286226621e+04 +2.283272621e+04 +2.283272621e+04
1991 0 +2.081492055e+04 +2.078538055e+04 +2.078538055e+04
1993 0 +1.788934212e+04 +1.785980212e+04 +1.785980212e+04
1996 0 +1.522510701e+04 +1.519556701e+04 +1.519556701e+04
2001 0 +5.033107310e+03 +5.003567310e+03 +5.003567310e+03
2134 0 +5.003852785e+03 +4.974312785e+03 +4.974312785e+03
2158 0 +3.448115365e+03 +3.418575365e+03 +3.418575365e+03
2159 0 +1.892995644e+03 +1.863455644e+03 +1.863455644e+03
2309 0 +1.697105506e+03 +1.667565506e+03 +1.667565506e+03
2314 0 +1.521237604e+03 +1.491697604e+03 +1.491697604e+03
2315 0 +1.233287662e+03 +1.203747662e+03 +1.203747662e+03
2322 0 +2.707574284e+02 +2.412174284e+02 +2.412174284e+02
2473 0 +2.446160095e+02 +2.150760095e+02 +2.150760095e+02
2477 0 +2.035800749e+02 +1.740400749e+02 +1.740400749e+02
2479 0 +4.395985008e+01 +1.441985008e+01 +1.441985008e+01
2630 0 +3.773608757e+01 +8.196087567e+00 +8.196087567e+00
2631 0 +3.202791067e+01 +2.487910673e+00 +2.487910673e+00
2634 0 +2.639346610e+01 -3.146533897e+00 -3.146533897e+00
2638 0 +1.548163898e+01 -1.405836102e+01 -1.405836102e+01
2785 0 +1.408965813e+01 -1.545034187e+01 -1.545034187e+01
2793 0 +1.164580423e+01 -1.789419577e+01 -1.789419577e+01
2796 0 +6.624527332e+00 -2.291547267e+01 -2.291547267e+01
2797 0 +3.865530222e+00 -2.567446978e+01 -2.567446978e+01
2950 0 +3.533216291e+00 -2.600678371e+01 -2.600678371e+01
2954 0 +2.942239989e+00 -2.659776001e+01 -2.659776001e+01
2958 0 +2.681501916e+00 -2.685849808e+01 -2.685849808e+01
2961 0 +1.077153004e+00 -2.846284700e+01 -2.846284700e+01
3109 0 +9.911789533e-01 -2.854882105e+01 -2.854882105e+01
3113 0 +8.855149323e-01 -2.865448507e+01 -2.865448507e+01
3117 0 +5.676045437e-01 -2.897239546e+01 -2.897239546e+01
3122 0 +5.535611699e-01 -2.898643883e+01 -2.898643883e+01
3271 0 +4.919675917e-01 -2.904803241e+01 -2.904803241e+01
3280 0 +2.937839428e-01 -2.924621606e+01 -2.924621606e+01
3281 0 +4.150786509e-02 -2.949849213e+01 -2.949849213e+01
3424 0 +3.871172847e-02 -2.950128827e+01 -2.950128827e+01
3429 0 +3.499235106e-02 -2.950500765e+01 -2.950500765e+01
3433 0 +2.300986113e-02 -2.951699014e+01 -2.951699014e+01
3436 0 +1.815432933e-02 -2.952184567e+01 -2.952184567e+01
3438 0 +1.358984235e-02 -2.952641016e+01 -2.952641016e+01
3590 0 +1.179597960e-02 -2.952820402e+01 -2.952820402e+01
3595 0 +8.736163147e-03 -2.953126384e+01 -2.953126384e+01
3597 0 +3.235456616e-03 -2.953676454e+01 -2.953676454e+01
3747 0 +2.957977889e-03 -2.953704202e+01 -2.953704202e+01
3759 0 +1.289979559e-03 -2.953871002e+01 -2.953871002e+01
3902 0 +1.246703131e-03 -2.953875330e+01 -2.953875330e+01
3911 0 +1.064891382e-03 -2.953893511e+01 -2.953893511e+01
3915 0 +7.730016173e-04 -2.953922700e+01 -2.953922700e+01
3918 0 +6.385316040e-04 -2.953936147e+01 -2.953936147e+01
3921 0 +4.162034061e-04 -2.953958380e+01 -2.953958380e+01
4074 0 +3.501340753e-04 -2.953964987e+01 -2.953964987e+01
4080 0 +1.682165750e-04 -2.953983178e+01 -2.953983178e+01
4082 0 +4.581381660e-05 -2.953995419e+01 -2.953995419e+01
4225 0 +4.405006507e-05 -2.953995595e+01 -2.953995595e+01
4230 0 +3.840146779e-05 -2.953996160e+01 -2.953996160e+01
4238 0 +2.840320098e-05 -2.953997160e+01 -2.953997160e+01
4241 0 +2.339034913e-05 -2.953997661e+01 -2.953997661e+01
4388 0 +2.211224939e-05 -2.953997789e+01 -2.953997789e+01
4391 0 +1.962874089e-05 -2.953998037e+01 -2.953998037e+01
4397 0 +1.711410415e-05 -2.953998289e+01 -2.953998289e+01
4402 0 +3.969781229e-06 -2.953999603e+01 -2.953999603e+01
4549 0 +3.361755553e-06 -2.953999664e+01 -2.953999664e+01
4553 0 +3.036092966e-06 -2.953999696e+01 -2.953999696e+01
4556 0 +2.358422524e-06 -2.953999764e+01 -2.953999764e+01
4558 0 +1.998967399e-06 -2.953999800e+01 -2.953999800e+01
4559 0 +8.253750821e-07 -2.953999917e+01 -2.953999917e+01
4705 0 +7.890864389e-07 -2.953999921e+01 -2.953999921e+01
4714 0 +6.763544427e-07 -2.953999932e+01 -2.953999932e+01
4717 0 +3.433867768e-07 -2.953999966e+01 -2.953999966e+01
4720 0 +2.694696697e-07 -2.953999973e+01 -2.953999973e+01
4870 0 +2.475357874e-07 -2.953999975e+01 -2.953999975e+01
4873 0 +2.185528274e-07 -2.953999978e+01 -2.953999978e+01
4876 0 +1.612525331e-07 -2.953999984e+01 -2.953999984e+01
4879 0 +4.644166296e-08 -2.953999995e+01 -2.953999995e+01
5025 0 +4.412539312e-08 -2.953999996e+01 -2.953999996e+01
5032 0 +3.563718920e-08 -2.953999996e+01 -2.953999996e+01
5034 0 +3.286738703e-08 -2.953999997e+01 -2.953999997e+01
5038 0 +2.112620123e-08 -2.953999998e+01 -2.953999998e+01
5187 0 +1.958754936e-08 -2.953999998e+01 -2.953999998e+01
5193 0 +1.558075269e-08 -2.953999998e+01 -2.953999998e+01
5197 0 +1.292206520e-08 -2.953999999e+01 -2.953999999e+01
5201 0 +4.113182683e-09 -2.954000000e+01 -2.954000000e+01
6397 0 +9.769962617e-13 -2.954000000e+01 -2.954000000e+01
400000 0 +1.776356839e-14 -2.954000000e+01 -2.954000000e+01
% f evaluations | g evaluations | best noise-free fitness - Fopt (5.625000000000e+01) + sum g_i+ | measured fitness | best measured fitness or single-digit g-values | x1 | x2...
1 0 +7.069335882e+06 +7.069392132e+06 +7.069392132e+06
5 0 +7.069335180e+06 +7.069391430e+06 +7.069391430e+06
155 0 +6.999985140e+06 +7.000041390e+06 +7.000041390e+06
206 0 +4.578080534e+06 +4.578136784e+06 +4.578136784e+06
1274 0 +4.492464736e+06 +4.492520986e+06 +4.492520986e+06
1276 0 +3.507333867e+06 +3.507390117e+06 +3.507390117e+06
1277 0 +2.285523775e+06 +2.285580025e+06 +2.285580025e+06
1336 0 +2.209112536e+06 +2.209168786e+06 +2.209168786e+06
1339 0 +2.172944118e+06 +2.173000368e+06 +2.173000368e+06
1351 0 +1.343573563e+06 +1.343629813e+06 +1.343629813e+06
1354 0 +1.233922629e+06 +1.233978879e+06 +1.233978879e+06
1356 0 +1.124261641e+06 +1.124317891e+06 +1.124317891e+06
1357 0 +8.412452049e+05 +8.413014549e+05 +8.413014549e+05
1416 0 +7.931799706e+05 +7.932362206e+05 +7.932362206e+05
1431 0 +2.897379711e+05 +2.897942211e+05 +2.897942211e+05
1496 0 +2.809141500e+05 +2.809704000e+05 +2.809704000e+05
1511 0 +1.140583767e+05 +1.141146267e+05 +1.141146267e+05
1650 0 +1.121534960e+05 +1.122097460e+05 +1.122097460e+05
1666 0 +8.843121102e+04 +8.848746102e+04 +8.848746102e+04
1675 0 +7.030796164e+04 +7.036421164e+04 +7.036421164e+04
1833 0 +5.595199804e+04 +5.600824804e+04 +5.600824804e+04
1836 0 +4.237026484e+04 +4.242651484e+04 +4.242651484e+04
1838 0 +3.599278242e+04 +3.604903242e+04 +3.604903242e+04
1840 0 +1.601968543e+04 +1.607593543e+04 +1.607593543e+04
1981 0 +1.576195893e+04 +1.581820893e+04 +1.581820893e+04
1997 0 +9.094712790e+03 +9.150962790e+03 +9.150962790e+03
1999 0 +7.477437051e+03 +7.533687051e+03 +7.533687051e+03
2001 0 +7.067384151e+03 +7.123634151e+03 +7.123634151e+03
2155 0 +5.686381382e+03 +5.742631382e+03 +5.742631382e+03
2160 0 +3.993163122e+03 +4.049413122e+03 +4.049413122e+03
2162 0 +6.648170558e+02 +7.210670558e+02 +7.210670558e+02
2301 0 +6.303702040e+02 +6.866202040e+02 +6.866202040e+02
2314 0 +5.162940259e+02 +5.725440259e+02 +5.725440259e+02
2318 0 +2.824766548e+02 +3.387266548e+02 +3.387266548e+02
2447 0 +2.817768533e+02 +3.380268533e+02 +3.380268533e+02
2476 0 +1.868347376e+02 +2.430847376e+02 +2.430847376e+02
2479 0 +5.825866305e+01 +1.145086631e+02 +1.145086631e+02
2626 0 +5.394158529e+01 +1.101915853e+02 +1.101915853e+02
2632 0 +4.723556493e+01 +1.034855649e+02 +1.034855649e+02
2634 0 +3.921105355e+01 +9.546105355e+01 +9.546105355e+01
2638 0 +1.374242442e+01 +6.999242442e+01 +6.999242442e+01
2790 0 +1.243223286e+01 +6.868223286e+01 +6.868223286e+01
2800 0 +9.742366662e+00 +6.599236666e+01 +6.599236666e+01
2801 0 +7.584169179e+00 +6.383416918e+01 +6.383416918e+01
2952 0 +6.570829371e+00 +6.282082937e+01 +6.282082937e+01
2953 0 +5.811724637e+00 +6.206172464e+01 +6.206172464e+01
2955 0 +4.630102673e+00 +6.088010267e+01 +6.088010267e+01
2959 0 +3.480724063e+00 +5.973072406e+01 +5.973072406e+01
2962 0 +3.640195566e-01 +5.661401956e+01 +5.661401956e+01
3097 0 +3.523776238e-01 +5.660237762e+01 +5.660237762e+01
3105 0 +2.925012269e-01 +5.654250123e+01 +5.654250123e+01
3108 0 +2.335078899e-01 +5.648350789e+01 +5.648350789e+01
3270 0 +2.198253905e-01 +5.646982539e+01 +5.646982539e+01
3280 0 +4.133939803e-02 +5.629133940e+01 +5.629133940e+01
3424 0 +3.912390639e-02 +5.628912391e+01 +5.628912391e+01
3429 0 +3.275060571e-02 +5.628275061e+01 +5.628275061e+01
3434 0 +2.782900603e-02 +5.627782901e+01 +5.627782901e+01
3441 0 +2.044575583e-02 +5.627044576e+01 +5.627044576e+01
3587 0 +1.942028797e-02 +5.626942029e+01 +5.626942029e+01
3595 0 +1.403244908e-02 +5.626403245e+01 +5.626403245e+01
3602 0 +3.583855195e-03 +5.625358386e+01 +5.625358386e+01
3739 0 +3.529262641e-03 +5.625352926e+01 +5.625352926e+01
3746 0 +3.143220171e-03 +5.625314322e+01 +5.625314322e+01
3750 0 +2.783012298e-03 +5.625278301e+01 +5.625278301e+01
3752 0 +2.190716002e-03 +5.625219072e+01 +5.625219072e+01
3754 0 +1.749402325e-03 +5.625174940e+01 +5.625174940e+01
3757 0 +1.404103922e-03 +5.625140410e+01 +5.625140410e+01
3918 0 +1.040308454e-03 +5.625104031e+01 +5.625104031e+01
3919 0 +4.321036594e-04 +5.625043210e+01 +5.625043210e+01
3921 0 +2.625124581e-04 +5.625026251e+01 +5.625026251e+01
4069 0 +2.426916215e-04 +5.625024269e+01 +5.625024269e+01
4074 0 +1.980342248e-04 +5.625019803e+01 +5.625019803e+01
4082 0 +3.590095529e-05 +5.625003590e+01 +5.625003590e+01
4220 0 +3.476965426e-05 +5.625003477e+01 +5.625003477e+01
4226 0 +2.984705254e-05 +5.625002985e+01 +5.625002985e+01
4230 0 +2.811050843e-05 +5.625002811e+01 +5.625002811e+01
4231 0 +2.439951540e-05 +5.625002440e+01 +5.625002440e+01
4237 0 +1.615497817e-05 +5.625001615e+01 +5.625001615e+01
4382 0 +1.569167088e-05 +5.625001569e+01 +5.625001569e+01
4393 0 +1.380769464e-05 +5.625001381e+01 +5.625001381e+01
4398 0 +1.185671061e-05 +5.625001186e+01 +5.625001186e+01
4401 0 +5.062320113e-06 +5.625000506e+01 +5.625000506e+01
4539 0 +4.994749418e-06 +5.625000499e+01 +5.625000499e+01
4551 0 +4.216573551e-06 +5.625000422e+01 +5.625000422e+01
4554 0 +3.560231839e-06 +5.625000356e+01 +5.625000356e+01
4556 0 +2.468072559e-06 +5.625000247e+01 +5.625000247e+01
4557 0 +1.897403571e-06 +5.625000190e+01 +5.625000190e+01
4560 0 +1.771574020e-06 +5.625000177e+01 +5.625000177e+01
4718 0 +1.485220814e-06 +5.625000149e+01 +5.625000149e+01
4719 0 +9.255787106e-07 +5.625000093e+01 +5.625000093e+01
4722 0 +1.259413409e-07 +5.625000013e+01 +5.625000013e+01
4838 0 +1.258900184e-07 +5.625000013e+01 +5.625000013e+01
4867 0 +1.063016910e-07 +5.625000011e+01 +5.625000011e+01
4873 0 +7.746015740e-08 +5.625000008e+01 +5.625000008e+01
4877 0 +5.184488572e-08 +5.625000005e+01 +5.625000005e+01
5023 0 +4.948881127e-08 +5.625000005e+01 +5.625000005e+01
5034 0 +4.348603966e-08 +5.625000004e+01 +5.625000004e+01
5035 0 +2.995125215e-08 +5.625000003e+01 +5.625000003e+01
5038 0 +1.215344980e-08 +5.625000001e+01 +5.625000001e+01
5187 0 +1.036265473e-08 +5.625000001e+01 +5.625000001e+01
5190 0 +9.362857156e-09 +5.625000001e+01 +5.625000001e+01
6400 0 +6.679101716e-13 +5.625000000e+01 +5.625000000e+01
400000 0 +2.842170943e-14 +5.625000000e+01 +5.625000000e+01
% f evaluations | g evaluations | best noise-free fitness - Fopt (4.153000000000e+01) + sum g_i+ | measured fitness | best measured fitness or single-digit g-values | x1 | x2...
1 0 +1.330311579e+07 +1.330315732e+07 +1.330315732e+07
4 0 +9.348950921e+06 +9.348992451e+06 +9.348992451e+06
157 0 +9.230008834e+06 +9.230050364e+06 +9.230050364e+06
169 0 +9.147719539e+06 +9.147761069e+06 +9.147761069e+06
175 0 +9.000474334e+06 +9.000515864e+06 +9.000515864e+06
196 0 +8.795629477e+06 +8.795671007e+06 +8.795671007e+06
214 0 +7.103403064e+06 +7.103444594e+06 +7.103444594e+06
220 0 +6.191023523e+06 +6.191065053e+06 +6.191065053e+06
1281 0 +5.646283597e+06 +5.646325127e+06 +5.646325127e+06
1331 0 +5.604890429e+06 +5.604931959e+06 +5.604931959e+06
1334 0 +5.576335054e+06 +5.576376584e+06 +5.576376584e+06
1340 0 +5.447291236e+06 +5.447332766e+06 +5.447332766e+06
1341 0 +5.385240313e+06 +5.385281843e+06 +5.385281843e+06
1347 0 +5.043067568e+06 +5.043109098e+06 +5.043109098e+06
1353 0 +3.777226116e+06 +3.777267646e+06 +3.777267646e+06
1355 0 +1.976641960e+06 +1.976683490e+06 +1.976683490e+06
1420 0 +1.852786585e+06 +1.852828115e+06 +1.852828115e+06
1427 0 +1.741959767e+06 +1.742001297e+06 +1.742001297e+06
1433 0 +1.268808473e+06 +1.268850003e+06 +1.268850003e+06
1435 0 +6.189402553e+05 +6.189817853e+05 +6.189817853e+05
1500 0 +5.965712470e+05 +5.966127770e+05 +5.966127770e+05
1513 0 +4.993528923e+05 +4.993944223e+05 +4.993944223e+05
1515 0 +3.708114884e+05 +3.708530184e+05 +3.708530184e+05
1676 0 +3.270666412e+05 +3.271081712e+05 +3.271081712e+05
1678 0 +2.209234964e+05 +2.209650264e+05 +2.209650264e+05
1681 0 +3.759148010e+04 +3.763301010e+04 +3.763301010e+04
1822 0 +3.500026235e+04 +3.504179235e+04 +3.504179235e+04
1833 0 +2.374621282e+04 +2.378774282e+04 +2.378774282e+04
1835 0 +1.541663718e+04 +1.545816718e+04 +1.545816718e+04
1999 0 +5.866629480e+03 +5.908159480e+03 +5.908159480e+03
2150 0 +5.380928893e+03 +5.422458893e+03 +5.422458893e+03
2154 0 +4.709094488e+03 +4.750624488e+03 +4.750624488e+03
2155 0 +3.958719455e+03 +4.000249455e+03 +4.000249455e+03
2157 0 +3.516196944e+03 +3.557726944e+03 +3.557726944e+03
2162 0 +1.230280916e+03 +1.271810916e+03 +1.271810916e+03
2308 0 +1.109515217e+03 +1.151045217e+03 +1.151045217e+03
2311 0 +9.555916013e+02 +9.971216013e+02 +9.971216013e+02
2318 0 +7.210287700e+02 +7.625587700e+02 +7.625587700e+02
2320 0 +4.542414736e+02 +4.957714736e+02 +4.957714736e+02
2467 0 +4.417592009e+02 +4.832892009e+02 +4.832892009e+02
2475 0 +3.297728086e+02 +3.713028086e+02 +3.713028086e+02
2477 0 +3.156045950e+02 +3.571345950e+02 +3.571345950e+02
2479 0 +2.783991571e+02 +3.199291571e+02 +3.199291571e+02
2481 0 +6.649298511e+01 +1.080229851e+02 +1.080229851e+02
2623 0 +6.280885980e+01 +1.043388598e+02 +1.043388598e+02
2634 0 +5.537368626e+01 +9.690368626e+01 +9.690368626e+01
2638 0 +3.295407412e+01 +7.448407412e+01 +7.448407412e+01
2640 0 +7.904290815e+00 +4.943429081e+01 +4.943429081e+01
2787 0 +6.701712969e+00 +4.823171297e+01 +4.823171297e+01
2789 0 +5.315836061e+00 +4.684583606e+01 +4.684583606e+01
2793 0 +3.552515262e+00 +4.508251526e+01 +4.508251526e+01
2923 0 +3.546946141e+00 +4.507694614e+01 +4.507694614e+01
2959 0 +1.981532083e+00 +4.351153208e+01 +4.351153208e+01
2962 0 +1.524111993e+00 +4.305411199e+01 +4.305411199e+01
3108 0 +1.382767272e+00 +4.291276727e+01 +4.291276727e+01
3114 0 +1.205676363e+00 +4.273567636e+01 +4.273567636e+01
3116 0 +1.089713171e+00 +4.261971317e+01 +4.261971317e+01
3121 0 +3.222858061e-01 +4.185228581e+01 +4.185228581e+01
3261 0 +3.137930033e-01 +4.184379300e+01 +4.184379300e+01
3271 0 +2.676200997e-01 +4.179762010e+01 +4.179762010e+01
3275 0 +2.413531697e-01 +4.177135317e+01 +4.177135317e+01
3278 0 +1.608695105e-01 +4.169086951e+01 +4.169086951e+01
3280 0 +5.198872483e-02 +4.158198872e+01 +4.158198872e+01
3423 0 +4.982737211e-02 +4.157982737e+01 +4.157982737e+01
3436 0 +3.769185760e-02 +4.156769186e+01 +4.156769186e+01
3442 0 +3.338809259e-02 +4.156338809e+01 +4.156338809e+01
3589 0 +3.143971456e-02 +4.156143971e+01 +4.156143971e+01
3595 0 +2.783575562e-02 +4.155783576e+01 +4.155783576e+01
3597 0 +2.249921065e-02 +4.155249921e+01 +4.155249921e+01
3599 0 +1.446296229e-02 +4.154446296e+01 +4.154446296e+01
3601 0 +2.263890759e-03 +4.153226389e+01 +4.153226389e+01
3731 0 +2.232184710e-03 +4.153223218e+01 +4.153223218e+01
3751 0 +1.954425843e-03 +4.153195443e+01 +4.153195443e+01
3756 0 +9.483990813e-04 +4.153094840e+01 +4.153094840e+01
3905 0 +8.651708951e-04 +4.153086517e+01 +4.153086517e+01
3910 0 +7.823824463e-04 +4.153078238e+01 +4.153078238e+01
3912 0 +6.588395405e-04 +4.153065884e+01 +4.153065884e+01
3914 0 +5.283043306e-04 +4.153052830e+01 +4.153052830e+01
3918 0 +3.390308002e-04 +4.153033903e+01 +4.153033903e+01
3920 0 +2.949410851e-04 +4.153029494e+01 +4.153029494e+01
4069 0 +2.754842216e-04 +4.153027548e+01 +4.153027548e+01
4075 0 +2.152145342e-04 +4.153021521e+01 +4.153021521e+01
4079 0 +6.352462425e-05 +4.153006352e+01 +4.153006352e+01
4215 0 +6.258698463e-05 +4.153006259e+01 +4.153006259e+01
4233 0 +5.622250252e-05 +4.153005622e+01 +4.153005622e+01
4238 0 +2.558642682e-05 +4.153002559e+01 +4.153002559e+01
4242 0 +1.995111647e-05 +4.153001995e+01 +4.153001995e+01
4389 0 +1.761129325e-05 +4.153001761e+01 +4.153001761e+01
4394 0 +1.568455883e-05 +4.153001568e+01 +4.153001568e+01
4401 0 +3.228768044e-06 +4.153000323e+01 +4.153000323e+01
4543 0 +3.083952677e-06 +4.153000308e+01 +4.153000308e+01
4551 0 +2.665343850e-06 +4.153000267e+01 +4.153000267e+01
4555 0 +1.413584116e-06 +4.153000141e+01 +4.153000141e+01
4560 0 +9.297511099e-07 +4.153000093e+01 +4.153000093e+01
4706 0 +8.828960887e-07 +4.153000088e+01 +4.153000088e+01
4713 0 +7.045252346e-07 +4.153000070e+01 +4.153000070e+01
4719 0 +2.715807028e-07 +4.153000027e+01 +4.153000027e+01
4871 0 +2.326945960e-07 +4.153000023e+01 +4.153000023e+01
4878 0 +2.146244640e-07 +4.153000021e+01 +4.153000021e+01
4882 0 +7.095840004e-08 +4.153000007e+01 +4.153000007e+01
5011 0 +7.073636255e-08 +4.153000007e+01 +4.153000007e+01
5028 0 +6.243500650e-08 +4.153000006e+01 +4.153000006e+01
5033 0 +4.831139222e-08 +4.153000005e+01 +4.153000005e+01
5037 0 +2.890768513e-08 +4.153000003e+01 +4.153000003e+01
5040 0 +1.606704103e-08 +4.153000002e+01 +4.153000002e+01
5179 0 +1.584305664e-08 +4.153000002e+01 +4.153000002e+01
5199 0 +9.719258287e-09 +4.153000001e+01 +4.153000001e+01
6479 0 +7.815970093e-13 +4.153000000e+01 +4.153000000e+01
400000 0 +2.842170943e-14 +4.153000000e+01 +4.153000000e+01
% f evaluations | g evaluations | best noise-free fitness - Fopt (-1.907000000000e+01) + sum g_i+ | measured fitness | best measured fitness or single-digit g-values | x1 | x2...
1 0 +1.349866601e+07 +1.349864694e+07 +1.349864694e+07
3 0 +1.152342163e+07 +1.152340256e+07 +1.152340256e+07
141 0 +1.148430036e+07 +1.148428129e+07 +1.148428129e+07
171 0 +1.129706467e+07 +1.129704560e+07 +1.129704560e+07
183 0 +1.118602161e+07 +1.118600254e+07 +1.118600254e+07
195 0 +1.088949625e+07 +1.088947718e+07 +1.088947718e+07
221 0 +1.011945942e+07 +1.011944035e+07 +1.011944035e+07
222 0 +9.342733602e+06 +9.342714532e+06 +9.342714532e+06
231 0 +6.411804935e+06 +6.411785865e+06 +6.411785865e+06
1279 0 +4.660666697e+06 +4.660647627e+06 +4.660647627e+06
1282 0 +3.945615733e+06 +3.945596663e+06 +3.945596663e+06
1339 0 +3.874416546e+06 +3.874397476e+06 +3.874397476e+06
1343 0 +3.798992523e+06 +3.798973453e+06 +3.798973453e+06
1346 0 +3.618731525e+06 +3.618712455e+06 +3.618712455e+06
1347 0 +3.497951930e+06 +3.497932860e+06 +3.497932860e+06
1350 0 +3.387880478e+06 +3.387861408e+06 +3.387861408e+06
1354 0 +2.823521665e+06 +2.823502595e+06 +2.823502595e+06
1356 0 +1.766016188e+06 +1.765997118e+06 +1.765997118e+06
1358 0 +1.550925081e+06 +1.550906011e+06 +1.550906011e+06
1359 0 +7.330347322e+05 +7.330156622e+05 +7.330156622e+05
1426 0 +6.709758251e+05 +6.709567551e+05 +6.709567551e+05
1436 0 +1.268268254e+05 +1.268077554e+05 +1.268077554e+05
1656 0 +1.244715709e+05 +1.244525009e+05 +1.244525009e+05
1674 0 +6.765734942e+04 +6.763827942e+04 +6.763827942e+04
1831 0 +5.839692692e+04 +5.837785692e+04 +5.837785692e+04
1836 0 +4.648734886e+04 +4.646827886e+04 +4.646827886e+04
1837 0 +1.914381122e+04 +1.912474122e+04 +1.912474122e+04
1987 0 +1.677493245e+04 +1.675586245e+04 +1.675586245e+04
2001 0 +3.980698541e+03 +3.961628541e+03 +3.961628541e+03
2152 0 +3.472876168e+03 +3.453806168e+03 +3.453806168e+03
2156 0 +1.996341069e+03 +1.977271069e+03 +1.977271069e+03
2159 0 +1.088336910e+03 +1.069266910e+03 +1.069266910e+03
2305 0 +9.776444376e+02 +9.585744376e+02 +9.585744376e+02
2309 0 +8.748346895e+02 +8.557646895e+02 +8.557646895e+02
2314 0 +7.736101581e+02 +7.545401581e+02 +7.545401581e+02
2320 0 +5.565606096e+02 +5.374906096e+02 +5.374906096e+02
2322 0 +4.421538755e+02 +4.230838755e+02 +4.230838755e+02
2473 0 +3.893176816e+02 +3.702476816e+02 +3.702476816e+02
2478 0 +2.966196843e+02 +2.775496843e+02 +2.775496843e+02
2479 0 +2.376449960e+02 +2.185749960e+02 +2.185749960e+02
2481 0 +4.352152249e+01 +2.445152249e+01 +2.445152249e+01
2634 0 +3.046761974e+01 +1.139761974e+01 +1.139761974e+01
2640 0 +1.509166902e+01 -3.978330977e+00 -3.978330977e+00
2787 0 +1.333026268e+01 -5.739737317e+00 -5.739737317e+00
2792 0 +1.179290916e+01 -7.277090843e+00 -7.277090843e+00
2799 0 +7.320950275e+00 -1.174904972e+01 -1.174904972e+01
2951 0 +6.891838976e+00 -1.217816102e+01 -1.217816102e+01
2956 0 +6.027111903e+00 -1.304288810e+01 -1.304288810e+01
2958 0 +4.299978269e+00 -1.477002173e+01 -1.477002173e+01
2962 0 +1.069208208e+00 -1.800079179e+01 -1.800079179e+01
3105 0 +9.658532955e-01 -1.810414670e+01 -1.810414670e+01
3112 0 +8.407817638e-01 -1.822921824e+01 -1.822921824e+01
3113 0 +6.208755652e-01 -1.844912443e+01 -1.844912443e+01
3119 0 +1.270678696e-01 -1.894293213e+01 -1.894293213e+01
3250 0 +1.258564855e-01 -1.894414351e+01 -1.894414351e+01
3271 0 +1.077002168e-01 -1.896229978e+01 -1.896229978e+01
3275 0 +7.943540429e-02 -1.899056460e+01 -1.899056460e+01
3394 0 +7.942935420e-02 -1.899057065e+01 -1.899057065e+01
3429 0 +7.009604226e-02 -1.899990396e+01 -1.899990396e+01
3436 0 +5.982749762e-02 -1.901017250e+01 -1.901017250e+01
3441 0 +1.848909857e-02 -1.905151090e+01 -1.905151090e+01
3585 0 +1.755559103e-02 -1.905244441e+01 -1.905244441e+01
3595 0 +1.452428750e-02 -1.905547571e+01 -1.905547571e+01
3599 0 +5.254152648e-03 -1.906474585e+01 -1.906474585e+01
3743 0 +4.981572779e-03 -1.906501843e+01 -1.906501843e+01
3754 0 +4.188974248e-03 -1.906581103e+01 -1.906581103e+01
3756 0 +3.589107529e-03 -1.906641089e+01 -1.906641089e+01
3762 0 +6.053282841e-04 -1.906939467e+01 -1.906939467e+01
3910 0 +5.520568170e-04 -1.906944794e+01 -1.906944794e+01
3913 0 +4.710220229e-04 -1.906952898e+01 -1.906952898e+01
3915 0 +4.136708419e-04 -1.906958633e+01 -1.906958633e+01
3917 0 +3.676762263e-04 -1.906963232e+01 -1.906963232e+01
4064 0 +3.497423280e-04 -1.906965026e+01 -1.906965026e+01
4074 0 +2.840000491e-04 -1.906971600e+01 -1.906971600e+01
4076 0 +2.271223291e-04 -1.906977288e+01 -1.906977288e+01
4078 0 +1.235944508e-04 -1.906987641e+01 -1.906987641e+01
4081 0 +7.016600807e-05 -1.906992983e+01 -1.906992983e+01
4229 0 +5.899036707e-05 -1.906994101e+01 -1.906994101e+01
4239 0 +5.040861832e-05 -1.906994959e+01 -1.906994959e+01
4242 0 +2.001209665e-05 -1.906997999e+01 -1.906997999e+01
4376 0 +1.994485578e-05 -1.906998006e+01 -1.906998006e+01
4393 0 +1.450618612e-05 -1.906998549e+01 -1.906998549e+01
4395 0 +1.236363243e-05 -1.906998764e+01 -1.906998764e+01
4400 0 +6.518994610e-06 -1.906999348e+01 -1.906999348e+01
4401 0 +6.013162643e-06 -1.906999399e+01 -1.906999399e+01
4545 0 +5.572446696e-06 -1.906999443e+01 -1.906999443e+01
4557 0 +4.522985559e-06 -1.906999548e+01 -1.906999548e+01
4562 0 +9.410806854e-07 -1.906999906e+01 -1.906999906e+01
4707 0 +8.510093998e-07 -1.906999915e+01 -1.906999915e+01
4710 0 +7.899633587e-07 -1.906999921e+01 -1.906999921e+01
4715 0 +4.769805813e-07 -1.906999952e+01 -1.906999952e+01
4719 0 +2.242812087e-07 -1.906999978e+01 -1.906999978e+01
4857 0 +2.214910673e-07 -1.906999978e+01 -1.906999978e+01
4871 0 +1.958856650e-07 -1.906999980e+01 -1.906999980e+01
4878 0 +9.184235594e-08 -1.906999991e+01 -1.906999991e+01
4880 0 +4.564804712e-08 -1.906999995e+01 -1.906999995e+01
5026 0 +4.271248599e-08 -1.906999996e+01 -1.906999996e+01
5029 0 +3.674679050e-08 -1.906999996e+01 -1.906999996e+01
5033 0 +2.536798505e-08 -1.906999997e+01 -1.906999997e+01
5039 0 +1.099634517e-08 -1.906999999e+01 -1.906999999e+01
5191 0 +7.986276529e-09 -1.906999999e+01 -1.906999999e+01
6162 0 +7.531752999e-13 -1.907000000e+01 -1.907000000e+01
400000 0 +1.421085472e-14 -1.907000000e+01 -1.907000000e+01
% f evaluations | g evaluations | best noise-free fitness - Fopt (-9.299000000000e+01) + sum g_i+ | measured fitness | best measured fitness or single-digit g-values | x1 | x2...
1 0 +1.053972701e+07 +1.053963402e+07 +1.053963402e+07
3 0 +9.149440380e+06 +9.149347390e+06 +9.149347390e+06
147 0 +9.091701846e+06 +9.091608856e+06 +9.091608856e+06
183 0 +8.768508314e+06 +8.768415324e+06 +8.768415324e+06
204 0 +8.236095383e+06 +8.236002393e+06 +8.236002393e+06
213 0 +7.332429858e+06 +7.332336868e+06 +7.332336868e+06
219 0 +7.287085828e+06 +7.286992838e+06 +7.286992838e+06
227 0 +7.163595933e+06 +7.163502943e+06 +7.163502943e+06
948 0 +6.960608604e+06 +6.960515614e+06 +6.960515614e+06
1273 0 +6.490155931e+06 +6.490062941e+06 +6.490062941e+06
1275 0 +5.818498509e+06 +5.818405519e+06 +5.818405519e+06
1278 0 +4.041795166e+06 +4.041702176e+06 +4.041702176e+06
1282 0 +3.598762004e+06 +3.598669014e+06 +3.598669014e+06
1334 0 +3.531474507e+06 +3.531381517e+06 +3.531381517e+06
1337 0 +3.494331992e+06 +3.494239002e+06 +3.494239002e+06
1346 0 +3.239857071e+06 +3.239764081e+06 +3.239764081e+06
1350 0 +2.854387339e+06 +2.854294349e+06 +2.854294349e+06
1352 0 +2.791156060e+06 +2.791063070e+06 +2.791063070e+06
1353 0 +2.459063214e+06 +2.458970224e+06 +2.458970224e+06
1355 0 +2.321424974e+06 +2.321331984e+06 +2.321331984e+06
1358 0 +9.085251372e+05 +9.084321472e+05 +9.084321472e+05
1410 0 +8.959453857e+05 +8.958523957e+05 +8.958523957e+05
1411 0 +8.911770478e+05 +8.910840578e+05 +8.910840578e+05
1426 0 +7.337562820e+05 +7.336632920e+05 +7.336632920e+05
1430 0 +4.676018811e+05 +4.675088911e+05 +4.675088911e+05
1438 0 +3.010284887e+05 +3.009354987e+05 +3.009354987e+05
1490 0 +2.995200207e+05 +2.994270307e+05 +2.994270307e+05
1666 0 +2.801745601e+05 +2.800815701e+05 +2.800815701e+05
1670 0 +2.418504219e+05 +2.417574319e+05 +2.417574319e+05
1676 0 +2.188119752e+05 +2.187189852e+05 +2.187189852e+05
1677 0 +1.987504000e+05 +1.986574100e+05 +1.986574100e+05
1680 0 +1.213294822e+05 +1.212364922e+05 +1.212364922e+05
1832 0 +1.098136211e+05 +1.097206311e+05 +1.097206311e+05
1835 0 +9.724382533e+04 +9.715083533e+04 +9.715083533e+04
1838 0 +7.508032614e+04 +7.498733614e+04 +7.498733614e+04
1839 0 +6.729771208e+04 +6.720472208e+04 +6.720472208e+04
1841 0 +1.337212747e+04 +1.327913747e+04 +1.327913747e+04
1986 0 +1.214761215e+04 +1.205462215e+04 +1.205462215e+04
1993 0 +9.621586116e+03 +9.528596116e+03 +9.528596116e+03
2000 0 +3.443666923e+03 +3.350676923e+03 +3.350676923e+03
2147 0 +2.984416644e+03 +2.891426644e+03 +2.891426644e+03
2150 0 +2.734625752e+03 +2.641635752e+03 +2.641635752e+03
2156 0 +1.715287125e+03 +1.622297125e+03 +1.622297125e+03
2157 0 +1.443815426e+03 +1.350825426e+03 +1.350825426e+03
2311 0 +1.389310591e+03 +1.296320591e+03 +1.296320591e+03
2313 0 +1.167393569e+03 +1.074403569e+03 +1.074403569e+03
2318 0 +8.744311381e+02 +7.814411381e+02 +7.814411381e+02
2319 0 +4.444408363e+02 +3.514508363e+02 +3.514508363e+02
2322 0 +3.592935237e+02 +2.663035237e+02 +2.663035237e+02
2459 0 +3.541838628e+02 +2.611938628e+02 +2.611938628e+02
2470 0 +3.069795360e+02 +2.139895360e+02 +2.139895360e+02
2481 0 +7.358058642e+01 -1.940941358e+01 -1.940941358e+01
2631 0 +7.059759523e+01 -2.239240477e+01 -2.239240477e+01
2636 0 +5.411336432e+01 -3.887663568e+01 -3.887663568e+01
2637 0 +3.911620762e+01 -5.387379238e+01 -5.387379238e+01
2640 0 +7.189637146e+00 -8.580036285e+01 -8.580036285e+01
2780 0 +6.918244187e+00 -8.607175581e+01 -8.607175581e+01
2788 0 +6.027300960e+00 -8.696269904e+01 -8.696269904e+01
2792 0 +3.664067428e+00 -8.932593257e+01 -8.932593257e+01
2945 0 +3.524839182e+00 -8.946516082e+01 -8.946516082e+01
2958 0 +2.083279897e+00 -9.090672010e+01 -9.090672010e+01
2962 0 +1.049221273e+00 -9.194077873e+01 -9.194077873e+01
3108 0 +9.672541184e-01 -9.202274588e+01 -9.202274588e+01
3109 0 +8.718968213e-01 -9.211810318e+01 -9.211810318e+01
3119 0 +7.458891774e-01 -9.224411082e+01 -9.224411082e+01
3121 0 +3.221439849e-01 -9.266785602e+01 -9.266785602e+01
3265 0 +3.027181551e-01 -9.268728184e+01 -9.268728184e+01
3271 0 +2.763775221e-01 -9.271362248e+01 -9.271362248e+01
3275 0 +2.243775123e-01 -9.276562249e+01 -9.276562249e+01
3277 0 +2.208279200e-01 -9.276917208e+01 -9.276917208e+01
3280 0 +1.088553153e-01 -9.288114468e+01 -9.288114468e+01
3282 0 +9.566905287e-02 -9.289433095e+01 -9.289433095e+01
3438 0 +6.557216957e-02 -9.292442783e+01 -9.292442783e+01
3441 0 +1.736611734e-02 -9.297263388e+01 -9.297263388e+01
3592 0 +1.499831221e-02 -9.297500169e+01 -9.297500169e+01
3593 0 +1.280183575e-02 -9.297719816e+01 -9.297719816e+01
3596 0 +9.402442352e-03 -9.298059756e+01 -9.298059756e+01
3599 0 +1.553254562e-03 -9.298844675e+01 -9.298844675e+01
3749 0 +1.296397520e-03 -9.298870360e+01 -9.298870360e+01
3903 0 +1.242626223e-03 -9.298875737e+01 -9.298875737e+01
3911 0 +1.055840824e-03 -9.298894416e+01 -9.298894416e+01
3914 0 +8.444470584e-04 -9.298915555e+01 -9.298915555e+01
3915 0 +7.405307859e-04 -9.298925947e+01 -9.298925947e+01
3920 0 +5.528540286e-04 -9.298944715e+01 -9.298944715e+01
3922 0 +2.477830302e-04 -9.298975222e+01 -9.298975222e+01
4076 0 +2.031108216e-04 -9.298979689e+01 -9.298979689e+01
4079 0 +1.532232041e-04 -9.298984678e+01 -9.298984678e+01
4081 0 +1.039309340e-04 -9.298989607e+01 -9.298989607e+01
4232 0 +9.800387234e-05 -9.298990200e+01 -9.298990200e+01
4238 0 +6.065601787e-05 -9.298993934e+01 -9.298993934e+01
4240 0 +4.865407922e-05 -9.298995135e+01 -9.298995135e+01
4242 0 +1.398830712e-05 -9.298998601e+01 -9.298998601e+01
4387 0 +1.219889045e-05 -9.298998780e+01 -9.298998780e+01
4391 0 +1.042202447e-05 -9.298998958e+01 -9.298998958e+01
4396 0 +9.553062597e-06 -9.298999045e+01 -9.298999045e+01
4399 0 +5.086203828e-06 -9.298999491e+01 -9.298999491e+01
4540 0 +4.985668667e-06 -9.298999501e+01 -9.298999501e+01
4555 0 +3.967778085e-06 -9.298999603e+01 -9.298999603e+01
4561 0 +1.098475252e-06 -9.298999890e+01 -9.298999890e+01
4710 0 +9.932305431e-07 -9.298999901e+01 -9.298999901e+01
4714 0 +7.830432196e-07 -9.298999922e+01 -9.298999922e+01
4719 0 +1.910887306e-07 -9.298999981e+01 -9.298999981e+01
4866 0 +1.749440770e-07 -9.298999983e+01 -9.298999983e+01
4876 0 +1.161359933e-07 -9.298999988e+01 -9.298999988e+01
4878 0 +9.617501462e-08 -9.298999990e+01 -9.298999990e+01
5029 0 +8.715005606e-08 -9.298999991e+01 -9.298999991e+01
5033 0 +7.139716729e-08 -9.298999993e+01 -9.298999993e+01
5037 0 +5.502715794e-08 -9.298999994e+01 -9.298999994e+01
5042 0 +5.572871942e-09 -9.298999999e+01 -9.298999999e+01
6401 0 +7.958078641e-13 -9.299000000e+01 -9.299000000e+01
400000 0 +7.105427358e-14 -9.299000000e+01 -9.299000000e+01
% f evaluations | g evaluations | best noise-free fitness - Fopt (-1.656000000000e+02) + sum g_i+ | measured fitness | best measured fitness or single-digit g-values | x1 | x2...
1 0 +1.323510949e+07 +1.323494389e+07 +1.323494389e+07
4 0 +1.258838296e+07 +1.258821736e+07 +1.258821736e+07
157 0 +1.246996055e+07 +1.246979495e+07 +1.246979495e+07
193 0 +1.184270406e+07 +1.184253846e+07 +1.184253846e+07
202 0 +1.157254308e+07 +1.157237748e+07 +1.157237748e+07
211 0 +1.050557766e+07 +1.050541206e+07 +1.050541206e+07
218 0 +1.027991427e+07 +1.027974867e+07 +1.027974867e+07
235 0 +8.795893324e+06 +8.795727724e+06 +8.795727724e+06
1277 0 +7.941828107e+06 +7.941662507e+06 +7.941662507e+06
1280 0 +5.804318806e+06 +5.804153206e+06 +5.804153206e+06
1281 0 +4.096001379e+06 +4.095835779e+06 +4.095835779e+06
1343 0 +3.988782490e+06 +3.988616890e+06 +3.988616890e+06
1346 0 +3.807409071e+06 +3.807243471e+06 +3.807243471e+06
1347 0 +3.652940817e+06 +3.652775217e+06 +3.652775217e+06
1349 0 +3.063590559e+06 +3.063424959e+06 +3.063424959e+06
1352 0 +2.538511728e+06 +2.538346128e+06 +2.538346128e+06
1355 0 +1.559698886e+06 +1.559533286e+06 +1.559533286e+06
1357 0 +1.483956071e+06 +1.483790471e+06 +1.483790471e+06
1360 0 +1.015526168e+06 +1.015360568e+06 +1.015360568e+06
1414 0 +9.835245080e+05 +9.833589080e+05 +9.833589080e+05
1429 0 +6.957597062e+05 +6.955941062e+05 +6.955941062e+05
1432 0 +5.327793096e+05 +5.326137096e+05 +5.326137096e+05
1435 0 +2.398524163e+05 +2.396868163e+05 +2.396868163e+05
1660 0 +2.234760489e+05 +2.233104489e+05 +2.233104489e+05
1670 0 +1.902564358e+05 +1.900908358e+05 +1.900908358e+05
1674 0 +1.664388355e+05 +1.662732355e+05 +1.662732355e+05
1678 0 +6.780945347e+04 +6.764385347e+04 +6.764385347e+04
1828 0 +6.243058289e+04 +6.226498289e+04 +6.226498289e+04
1841 0 +1.947630160e+04 +1.931070160e+04 +1.931070160e+04
1994 0 +1.701931264e+04 +1.685371264e+04 +1.685371264e+04
2000 0 +6.025606623e+03 +5.860006623e+03 +5.860006623e+03
2148 0 +5.439382983e+03 +5.273782983e+03 +5.273782983e+03
2156 0 +4.765847921e+03 +4.600247921e+03 +4.600247921e+03
2157 0 +3.016850768e+03 +2.851250768e+03 +2.851250768e+03
2162 0 +6.304439292e+02 +4.648439292e+02 +4.648439292e+02
2314 0 +4.150540229e+02 +2.494540229e+02 +2.494540229e+02
2315 0 +3.518519303e+02 +1.862519303e+02 +1.862519303e+02
2470 0 +3.064409907e+02 +1.408409907e+02 +1.408409907e+02
2471 0 +2.664318160e+02 +1.008318160e+02 +1.008318160e+02
2476 0 +2.181844675e+02 +5.258446745e+01 +5.258446745e+01
2481 0 +3.519421255e+01 -1.304057875e+02 -1.304057875e+02
2638 0 +2.266699084e+01 -1.429330092e+02 -1.429330092e+02
2777 0 +2.232689080e+01 -1.432731092e+02 -1.432731092e+02
2793 0 +1.916042776e+01 -1.464395722e+02 -1.464395722e+02
2795 0 +1.583515014e+01 -1.497648499e+02 -1.497648499e+02
2797 0 +1.324775886e+01 -1.523522411e+02 -1.523522411e+02
2799 0 +6.030284738e+00 -1.595697153e+02 -1.595697153e+02
2802 0 +4.851286307e+00 -1.607487137e+02 -1.607487137e+02
2950 0 +4.229105883e+00 -1.613708941e+02 -1.613708941e+02
2958 0 +3.791339580e+00 -1.618086604e+02 -1.618086604e+02
2961 0 +7.986593543e-01 -1.648013406e+02 -1.648013406e+02
3094 0 +7.911575211e-01 -1.648088425e+02 -1.648088425e+02
3114 0 +6.637867778e-01 -1.649362132e+02 -1.649362132e+02
3116 0 +6.078985188e-01 -1.649921015e+02 -1.649921015e+02
3117 0 +3.690650665e-01 -1.652309349e+02 -1.652309349e+02
3120 0 +3.270496049e-01 -1.652729504e+02 -1.652729504e+02
3266 0 +3.158172371e-01 -1.652841828e+02 -1.652841828e+02
3275 0 +2.382383870e-01 -1.653617616e+02 -1.653617616e+02
3279 0 +7.652564713e-02 -1.655234744e+02 -1.655234744e+02
3433 0 +5.991832344e-02 -1.655400817e+02 -1.655400817e+02
3438 0 +3.813098412e-02 -1.655618690e+02 -1.655618690e+02
3442 0 +9.231564774e-03 -1.655907684e+02 -1.655907684e+02
3585 0 +8.322183589e-03 -1.655916778e+02 -1.655916778e+02
3587 0 +7.660319136e-03 -1.655923397e+02 -1.655923397e+02
3590 0 +6.357137028e-03 -1.655936429e+02 -1.655936429e+02
3592 0 +5.275566528e-03 -1.655947244e+02 -1.655947244e+02
3596 0 +4.935478857e-03 -1.655950645e+02 -1.655950645e+02
3755 0 +3.488234543e-03 -1.655965118e+02 -1.655965118e+02
3761 0 +4.304073725e-04 -1.655995696e+02 -1.655995696e+02
3906 0 +3.763025283e-04 -1.655996237e+02 -1.655996237e+02
3907 0 +3.193723390e-04 -1.655996806e+02 -1.655996806e+02
3909 0 +3.105341184e-04 -1.655996895e+02 -1.655996895e+02
3912 0 +2.131952122e-04 -1.655997868e+02 -1.655997868e+02
3917 0 +1.864477389e-04 -1.655998136e+02 -1.655998136e+02
4062 0 +1.770569196e-04 -1.655998229e+02 -1.655998229e+02
4070 0 +1.423654628e-04 -1.655998576e+02 -1.655998576e+02
4078 0 +2.845217821e-05 -1.655999715e+02 -1.655999715e+02
4217 0 +2.787496084e-05 -1.655999721e+02 -1.655999721e+02
4381 0 +2.490181367e-05 -1.655999751e+02 -1.655999751e+02
4392 0 +2.080579449e-05 -1.655999792e+02 -1.655999792e+02
4394 0 +1.954706696e-05 -1.655999805e+02 -1.655999805e+02
4400 0 +1.432018621e-05 -1.655999857e+02 -1.655999857e+02
4402 0 +1.756144457e-06 -1.655999982e+02 -1.655999982e+02
4549 0 +1.570014462e-06 -1.655999984e+02 -1.655999984e+02
4556 0 +1.277035523e-06 -1.655999987e+02 -1.655999987e+02
4699 0 +1.251993609e-06 -1.655999987e+02 -1.655999987e+02
4714 0 +1.014870492e-06 -1.655999990e+02 -1.655999990e+02
4715 0 +7.862286111e-07 -1.655999992e+02 -1.655999992e+02
4717 0 +5.119798629e-07 -1.655999995e+02 -1.655999995e+02
4719 0 +1.260738998e-07 -1.655999999e+02 -1.655999999e+02
4843 0 +1.257099598e-07 -1.655999999e+02 -1.655999999e+02
4864 0 +1.086824568e-07 -1.655999999e+02 -1.655999999e+02
4868 0 +9.638534948e-08 -1.655999999e+02 -1.655999999e+02
5038 0 +7.072407016e-08 -1.655999999e+02 -1.655999999e+02
5040 0 +3.956836281e-08 -1.656000000e+02 -1.656000000e+02
5041 0 +1.723799414e-08 -1.656000000e+02 -1.656000000e+02
5190 0 +1.527845939e-08 -1.656000000e+02 -1.656000000e+02
5193 0 +1.249091497e-08 -1.656000000e+02 -1.656000000e+02
5196 0 +7.778396593e-09 -1.656000000e+02 -1.656000000e+02
6640 0 +8.810729923e-13 -1.656000000e+02 -1.656000000e+02
400000 0 +1.421085472e-13 -1.656000000e+02 -1.656000000e+02
