% f evaluations | g evaluations | best noise-free fitness - Fopt (-1.694000000000e+01) + sum g_i+ | measured fitness | best measured fitness or single-digit g-values | x1 | x2...
1 0 +3.696355518e+01 +2.002355518e+01 +2.002355518e+01 +0.0000e+00 +0.0000e+00 +0.0000e+00
5 0 +2.916993047e+01 +1.222993047e+01 +1.222993047e+01 +2.9289e+00 +0.0000e+00 +0.0000e+00
152 0 +2.254924960e+01 +5.609249596e+00 +5.609249596e+00 -1.6647e+00 -2.6936e+00 +3.2901e+00
160 0 +2.165957832e+01 +4.719578325e+00 +4.719578325e+00 -1.5396e+00 -2.6936e+00 +3.2901e+00
171 0 +1.797216621e+01 +1.032166211e+00 +1.032166211e+00 -1.6021e+00 -2.6936e+00 +3.2901e+00
173 0 +1.516112996e+01 -1.778870035e+00 -1.778870035e+00 -1.6021e+00 -2.7562e+00 +3.2901e+00
183 0 +1.270699702e+01 -4.233002983e+00 -4.233002983e+00 -1.6334e+00 -2.7562e+00 +3.2901e+00
209 0 +1.225929718e+01 -4.680702819e+00 -4.680702819e+00 -1.6334e+00 -2.7601e+00 +3.3214e+00
30000 0 +1.153331825e+01 -5.406681747e+00 -5.406681747e+00 -1.6161e+00 -2.7428e+00 +3.3016e+00
% f evaluations | g evaluations | best noise-free fitness - Fopt (1.881000000000e+01) + sum g_i+ | measured fitness | best measured fitness or single-digit g-values | x1 | x2...
1 0 +4.772316610e+01 +6.653316610e+01 +6.653316610e+01 +0.0000e+00 +0.0000e+00 +0.0000e+00
2 0 +6.265289965e+00 +2.507528997e+01 +2.507528997e+01 -2.9289e+00 +0.0000e+00 +0.0000e+00
30000 0 +6.265289965e+00 +2.507528997e+01 +2.507528997e+01 -2.9289e+00 +0.0000e+00 +0.0000e+00
% f evaluations | g evaluations | best noise-free fitness - Fopt (2.731500000000e+02) + sum g_i+ | measured fitness | best measured fitness or single-digit g-values | x1 | x2...
1 0 +4.208329392e+02 +6.939829392e+02 +6.939829392e+02 +0.0000e+00 +0.0000e+00 +0.0000e+00
2 0 +1.745426577e+02 +4.476926577e+02 +4.476926577e+02 -2.9289e+00 +0.0000e+00 +0.0000e+00
3 0 +1.139113884e+02 +3.870613884e+02 +3.870613884e+02 -8.3640e-01 +2.0925e+00 +2.0925e+00
11 0 +8.083974676e+01 +3.539897468e+02 +3.539897468e+02 +0.0000e+00 +2.9289e+00 +0.0000e+00
109 0 +3.977826434e+01 +3.129282643e+02 +3.129282643e+02 -6.1824e-01 +3.0019e+00 +8.0865e-01
664 0 +3.001180261e+01 +3.031618026e+02 +3.031618026e+02 -2.4275e+00 +2.0013e+00 +0.0000e+00
685 0 +2.752188572e+01 +3.006718857e+02 +3.006718857e+02 -2.4275e+00 +2.2515e+00 +0.0000e+00
705 0 +2.443530877e+01 +2.975853088e+02 +2.975853088e+02 -2.4275e+00 +2.3140e+00 +6.2541e-02
712 0 +2.176785804e+01 +2.949178580e+02 +2.949178580e+02 -2.4588e+00 +2.3140e+00 +6.2541e-02
1232 0 +1.439236160e+01 +2.875423616e+02 +2.875423616e+02 -4.6208e+00 +2.1933e+00 +0.0000e+00
1233 0 +9.278424371e+00 +2.824284244e+02 +2.824284244e+02 -4.6208e+00 +2.1933e+00 -1.0006e+00
1242 0 +5.387407572e+00 +2.785374076e+02 +2.785374076e+02 -4.1205e+00 +2.1933e+00 -1.0006e+00
1256 0 +4.806852688e+00 +2.779568527e+02 +2.779568527e+02 -4.1205e+00 +2.4435e+00 -1.0006e+00
1266 0 +3.411883409e+00 +2.765618834e+02 +2.765618834e+02 -3.9954e+00 +2.4435e+00 -1.0006e+00
1288 0 +2.784593357e+00 +2.759345934e+02 +2.759345934e+02 -3.9954e+00 +2.4435e+00 -9.6938e-01
1316 0 +2.499426744e+00 +2.756494267e+02 +2.756494267e+02 -3.9954e+00 +2.4513e+00 -9.7720e-01
8116 0 +1.840104402e+00 +2.749901044e+02 +2.749901044e+02 -4.4187e+00 +2.1365e+00 -7.5049e-01
8126 0 +1.633318969e+00 +2.747833190e+02 +2.747833190e+02 -4.4187e+00 +2.1991e+00 -7.5049e-01
8128 0 +1.557783872e+00 +2.747077839e+02 +2.747077839e+02 -4.4187e+00 +2.1991e+00 -6.8795e-01
8135 0 +1.320359485e+00 +2.744703595e+02 +2.744703595e+02 -4.4499e+00 +2.1991e+00 -6.8795e-01
8137 0 +1.123600314e+00 +2.742736003e+02 +2.742736003e+02 -4.4499e+00 +2.1678e+00 -6.8795e-01
8139 0 +1.103787155e+00 +2.742537872e+02 +2.742537872e+02 -4.4499e+00 +2.1678e+00 -7.1922e-01
8148 0 +9.251477759e-01 +2.740751478e+02 +2.740751478e+02 -4.4343e+00 +2.1678e+00 -7.1922e-01
8161 0 +8.858398950e-01 +2.740358399e+02 +2.740358399e+02 -4.4343e+00 +2.1600e+00 -7.1922e-01
8174 0 +7.323548729e-01 +2.738823549e+02 +2.738823549e+02 -4.4421e+00 +2.1678e+00 -7.1140e-01
8191 0 +6.696756843e-01 +2.738196757e+02 +2.738196757e+02 -4.4421e+00 +2.1659e+00 -7.1140e-01
8222 0 +6.279389475e-01 +2.737779389e+02 +2.737779389e+02 -4.4411e+00 +2.1663e+00 -7.1238e-01
30000 0 +5.985052661e-01 +2.737485053e+02 +2.737485053e+02 -4.4417e+00 +2.1650e+00 -7.1304e-01
% f evaluations | g evaluations | best noise-free fitness - Fopt (3.718000000000e+01) + sum g_i+ | measured fitness | best measured fitness or single-digit g-values | x1 | x2...
1 0 +4.216787575e+01 +7.934787575e+01 +7.934787575e+01 +0.0000e+00 +0.0000e+00 +0.0000e+00
3 0 +2.631987216e+01 +6.349987216e+01 +6.349987216e+01 -8.3640e-01 +2.0925e+00 +2.0925e+00
27 0 +1.676701618e+01 +5.394701618e+01 +5.394701618e+01 +1.5168e+00 +2.3226e+00 +1.5168e+00
39 0 +1.507263436e+01 +5.225263436e+01 +5.225263436e+01 -4.3948e-01 +1.9053e+00 +1.0995e+00
114 0 +3.904000562e+00 +4.108400056e+01 +4.108400056e+01 +0.0000e+00 +2.5757e+00 +2.0013e+00
117 0 +3.096872612e+00 +4.027687261e+01 +4.027687261e+01 -1.0006e+00 +2.5757e+00 +2.0013e+00
129 0 +1.852370229e+00 +3.903237023e+01 +3.903237023e+01 -1.5010e+00 +2.5757e+00 +2.0013e+00
152 0 +1.754167666e+00 +3.893416767e+01 +3.893416767e+01 -1.5010e+00 +2.5757e+00 +2.1264e+00
177 0 +1.559049448e+00 +3.873904945e+01 +3.873904945e+01 -1.5166e+00 +2.5757e+00 +2.0638e+00
182 0 +1.062194479e+00 +3.824219448e+01 +3.824219448e+01 -1.5166e+00 +2.5601e+00 +2.0795e+00
193 0 +8.791219289e-01 +3.805912193e+01 +3.805912193e+01 -1.5244e+00 +2.5523e+00 +2.0717e+00
210 0 +7.763182923e-01 +3.795631829e+01 +3.795631829e+01 -1.5244e+00 +2.5542e+00 +2.0717e+00
30000 0 +7.527007626e-01 +3.793270076e+01 +3.793270076e+01 -1.5361e+00 +2.5539e+00 +2.0736e+00
% f evaluations | g evaluations | best noise-free fitness - Fopt (-1.479000000000e+02) + sum g_i+ | measured fitness | best measured fitness or single-digit g-values | x1 | x2...
1 0 +2.344305408e+01 -1.244569459e+02 -1.244569459e+02 +0.0000e+00 +0.0000e+00 +0.0000e+00
23 0 +2.126735182e+01 -1.266326482e+02 -1.266326482e+02 -8.0583e-01 +0.0000e+00 +0.0000e+00
24 0 +1.960082867e+01 -1.282991713e+02 -1.282991713e+02 +7.1099e-01 +1.5168e+00 +1.5168e+00
25 0 +8.115771225e+00 -1.397842288e+02 -1.397842288e+02 -2.3226e+00 -1.5168e+00 -1.5168e+00
63 0 +4.962232663e+00 -1.429377673e+02 -1.429377673e+02 -1.5478e+00 -3.1857e-01 +7.9700e-01
77 0 +3.309029453e+00 -1.445909705e+02 -1.445909705e+02 -1.5362e+00 +0.0000e+00 +1.1156e+00
111 0 +1.223986397e+00 -1.466760136e+02 -1.466760136e+02 -1.8445e+00 +0.0000e+00 +8.0725e-01
124 0 +7.734306027e-01 -1.471265694e+02 -1.471265694e+02 -1.5943e+00 +0.0000e+00 +8.0725e-01
135 0 +6.414895818e-01 -1.472585104e+02 -1.472585104e+02 -1.7194e+00 +0.0000e+00 +8.0725e-01
152 0 +5.052166351e-01 -1.473947834e+02 -1.473947834e+02 -1.7194e+00 +0.0000e+00 +8.6979e-01
159 0 +3.495089703e-01 -1.475504910e+02 -1.475504910e+02 -1.7507e+00 +0.0000e+00 +8.6979e-01
194 0 +3.100210529e-01 -1.475899789e+02 -1.475899789e+02 -1.7487e+00 +1.9544e-03 +8.7174e-01
23185 0 +2.818331953e-01 -1.476181668e+02 -1.476181668e+02 -1.7039e+00 +7.0885e-03 +8.7949e-01
28671 0 +2.511568077e-01 -1.476488432e+02 -1.476488432e+02 -1.7033e+00 +8.8329e-03 +8.8298e-01
30000 0 +2.438514577e-01 -1.476561485e+02 -1.476561485e+02 -1.7031e+00 +9.2528e-03 +8.8382e-01
% f evaluations | g evaluations | best noise-free fitness - Fopt (3.553000000000e+01) + sum g_i+ | measured fitness | best measured fitness or single-digit g-values | x1 | x2...
1 0 +1.504808262e+02 +1.860108262e+02 +1.860108262e+02 +0.0000e+00 +0.0000e+00 +0.0000e+00
3 0 +1.478797621e+02 +1.834097621e+02 +1.834097621e+02 -8.3640e-01 +2.0925e+00 +2.0925e+00
5 0 +1.118897696e+02 +1.474197696e+02 +1.474197696e+02 +2.9289e+00 +0.0000e+00 +0.0000e+00
6 0 +2.021991018e+01 +5.574991018e+01 +5.574991018e+01 +5.0215e+00 +2.0925e+00 +2.0925e+00
1731 0 +1.691465749e+01 +5.244465749e+01 +5.244465749e+01 +3.0048e+00 +3.1169e+00 +5.3833e-01
1735 0 +5.540767217e+00 +4.107076722e+01 +4.107076722e+01 +4.0054e+00 +3.1169e+00 +5.3833e-01
1751 0 +2.271630836e+00 +3.780163084e+01 +3.780163084e+01 +4.0054e+00 +3.1169e+00 +1.0387e+00
1763 0 +1.491521696e+00 +3.702152170e+01 +3.702152170e+01 +4.0054e+00 +3.1169e+00 +1.2888e+00
1770 0 +4.020660105e-01 +3.593206601e+01 +3.593206601e+01 +3.8803e+00 +3.1169e+00 +1.2888e+00
1793 0 +3.813060300e-01 +3.591130603e+01 +3.591130603e+01 +3.8803e+00 +3.1169e+00 +1.3201e+00
1802 0 +2.703884715e-01 +3.580038847e+01 +3.580038847e+01 +3.8803e+00 +3.1012e+00 +1.3201e+00
1813 0 +2.103565924e-01 +3.574035659e+01 +3.574035659e+01 +3.8882e+00 +3.1012e+00 +1.3201e+00
1827 0 +1.856063589e-01 +3.571560636e+01 +3.571560636e+01 +3.8882e+00 +3.1051e+00 +1.3123e+00
1828 0 +1.646749645e-01 +3.569467496e+01 +3.569467496e+01 +3.8882e+00 +3.1051e+00 +1.3084e+00
1919 0 +1.584308735e-01 +3.568843087e+01 +3.568843087e+01 +3.8886e+00 +3.1035e+00 +1.3113e+00
30000 0 +1.525331750e-01 +3.568253318e+01 +3.568253318e+01 +3.8898e+00 +3.0996e+00 +1.3181e+00
% f evaluations | g evaluations | best noise-free fitness - Fopt (-6.216000000000e+01) + sum g_i+ | measured fitness | best measured fitness or single-digit g-values | x1 | x2...
1 0 +6.236121673e+01 +2.012167347e-01 +2.012167347e-01 +0.0000e+00 +0.0000e+00 +0.0000e+00
3 0 +1.311069774e+01 -4.904930226e+01 -4.904930226e+01 -8.3640e-01 +2.0925e+00 +2.0925e+00
1649 0 +6.356542354e+00 -5.580345765e+01 -5.580345765e+01 -2.1650e+00 +1.3470e+00 +2.0013e+00
1663 0 +5.357598595e+00 -5.680240141e+01 -5.680240141e+01 -2.1650e+00 +1.8473e+00 +2.0013e+00
1665 0 +2.760680444e+00 -5.939931956e+01 -5.939931956e+01 -2.1650e+00 +1.8473e+00 +2.5016e+00
1675 0 +2.051960562e+00 -6.010803944e+01 -6.010803944e+01 -2.1650e+00 +2.0975e+00 +2.5016e+00
1691 0 +1.439174054e+00 -6.072082595e+01 -6.072082595e+01 -2.1025e+00 +2.0975e+00 +2.5016e+00
1693 0 +1.278632009e+00 -6.088136799e+01 -6.088136799e+01 -2.1025e+00 +2.1600e+00 +2.5016e+00
1703 0 +9.629024425e-01 -6.119709756e+01 -6.119709756e+01 -2.0712e+00 +2.1600e+00 +2.5016e+00
30000 0 +9.059669991e-01 -6.125403300e+01 -6.125403300e+01 -2.0697e+00 +2.1730e+00 +2.5092e+00
% f evaluations | g evaluations | best noise-free fitness - Fopt (-1.472700000000e+02) + sum g_i+ | measured fitness | best measured fitness or single-digit g-values | x1 | x2...
1 0 +3.912805174e+01 -1.081419483e+02 -1.081419483e+02 +0.0000e+00 +0.0000e+00 +0.0000e+00
2 0 +2.750419585e+01 -1.197658042e+02 -1.197658042e+02 -2.9289e+00 +0.0000e+00 +0.0000e+00
40 0 +1.493849655e+01 -1.323315034e+02 -1.323315034e+02 -3.4443e+00 -1.0995e+00 -1.0995e+00
43 0 +1.170033173e+01 -1.355696683e+02 -1.355696683e+02 -3.6635e-01 -1.0995e+00 -1.0995e+00
65 0 +1.086263252e+01 -1.364073675e+02 -1.364073675e+02 -8.0583e-01 -4.2341e-01 +0.0000e+00
67 0 +4.889040558e+00 -1.423809594e+02 -1.423809594e+02 -1.6028e+00 -1.2204e+00 -7.9700e-01
682 0 +3.649259376e+00 -1.436207406e+02 -1.436207406e+02 -3.6158e+00 -1.4241e+00 +0.0000e+00
722 0 +3.177568702e+00 -1.440924313e+02 -1.440924313e+02 -3.6158e+00 -1.4241e+00 -3.1270e-02
725 0 +3.055304150e+00 -1.442146958e+02 -1.442146958e+02 -3.5845e+00 -1.4241e+00 -3.1270e-02
736 0 +2.570669371e+00 -1.446993306e+02 -1.446993306e+02 -3.6001e+00 -1.4241e+00 -3.1270e-02
811 0 +2.511005182e+00 -1.447589948e+02 -1.447589948e+02 -3.6001e+00 -1.4221e+00 -2.9804e-02
2322 0 +1.278277328e+00 -1.459917227e+02 -1.459917227e+02 -4.3058e-01 -4.2341e-01 -9.3373e-01
2333 0 +1.251320197e+00 -1.460186798e+02 -1.460186798e+02 -4.9312e-01 -4.2341e-01 -9.3373e-01
2358 0 +1.083434545e+00 -1.461865655e+02 -1.461865655e+02 -4.8531e-01 -4.2341e-01 -9.3373e-01
4463 0 +7.956428061e-01 -1.464743572e+02 -1.464743572e+02 -3.0988e-01 -4.2341e-01 -9.8501e-01
4478 0 +7.842799419e-01 -1.464857201e+02 -1.464857201e+02 -3.0597e-01 -4.2341e-01 -9.8501e-01
5944 0 +6.989744921e-01 -1.465710255e+02 -1.465710255e+02 -5.4394e-01 -5.7399e-01 -9.9049e-01
5992 0 +6.302008537e-01 -1.466397991e+02 -1.466397991e+02 -5.4003e-01 -5.7203e-01 -9.9342e-01
6046 0 +5.584776786e-01 -1.467115223e+02 -1.467115223e+02 -5.3123e-01 -5.7008e-01 -9.9635e-01
6103 0 +4.992883051e-01 -1.467707117e+02 -1.467707117e+02 -5.2244e-01 -5.6715e-01 -9.9928e-01
6190 0 +4.464833385e-01 -1.468235167e+02 -1.468235167e+02 -5.1267e-01 -5.6470e-01 -1.0017e+00
6478 0 +3.980799034e-01 -1.468719201e+02 -1.468719201e+02 -4.9447e-01 -5.5957e-01 -1.0067e+00
30000 0 +3.958547445e-01 -1.468741453e+02 -1.468741453e+02 -4.8952e-01 -5.5825e-01 -1.0079e+00
% f evaluations | g evaluations | best noise-free fitness - Fopt (1.408000000000e+01) + sum g_i+ | measured fitness | best measured fitness or single-digit g-values | x1 | x2...
1 0 +2.570315136e+02 +2.711115136e+02 +2.711115136e+02 +0.0000e+00 +0.0000e+00 +0.0000e+00
2 0 +1.248214192e+02 +1.389014192e+02 +1.389014192e+02 -2.9289e+00 +0.0000e+00 +0.0000e+00
17 0 +1.059130992e+02 +1.199930992e+02 +1.199930992e+02 +0.0000e+00 +0.0000e+00 +2.9289e+00
30000 0 +1.059130992e+02 +1.199930992e+02 +1.199930992e+02 +0.0000e+00 +0.0000e+00 +2.9289e+00
% f evaluations | g evaluations | best noise-free fitness - Fopt (7.671000000000e+01) + sum g_i+ | measured fitness | best measured fitness or single-digit g-values | x1 | x2...
1 0 +4.337997068e+01 +1.200899707e+02 +1.200899707e+02 +0.0000e+00 +0.0000e+00 +0.0000e+00
7 0 +2.716852178e+01 +1.038785218e+02 +1.038785218e+02 +8.3640e-01 -2.0925e+00 -2.0925e+00
8 0 +1.822984368e+01 +9.493984368e+01 +9.493984368e+01 +0.0000e+00 -2.9289e+00 +0.0000e+00
34 0 +5.920129382e+00 +8.263012938e+01 +8.263012938e+01 -1.5168e+00 -1.5168e+00 -7.1099e-01
10318 0 +5.242093791e+00 +8.195209379e+01 +8.195209379e+01 -1.4308e+00 -1.4630e+00 +4.1905e-02
10322 0 +3.363767041e+00 +8.007376704e+01 +8.007376704e+01 -1.4308e+00 -1.4630e+00 -4.5842e-01
10331 0 +1.087869769e+00 +7.779786977e+01 +7.779786977e+01 -1.1806e+00 -1.4630e+00 -4.5842e-01
10355 0 +7.192645166e-01 +7.742926452e+01 +7.742926452e+01 -1.1493e+00 -1.4630e+00 -4.5842e-01
10358 0 +2.963366890e-01 +7.700633669e+01 +7.700633669e+01 -1.1493e+00 -1.4630e+00 -4.8969e-01
10393 0 +2.761076403e-01 +7.698610764e+01 +7.698610764e+01 -1.1533e+00 -1.4610e+00 -4.8969e-01
14270 0 +2.511871348e-01 +7.696118713e+01 +7.696118713e+01 -1.1579e+00 -1.4577e+00 -4.9460e-01
30000 0 +2.330275611e-01 +7.694302756e+01 +7.694302756e+01 -1.1661e+00 -1.4520e+00 -5.0348e-01
% f evaluations | g evaluations | best noise-free fitness - Fopt (1.325900000000e+02) + sum g_i+ | measured fitness | best measured fitness or single-digit g-values | x1 | x2...
1 0 +4.161344222e+01 +1.742034422e+02 +1.742034422e+02 +0.0000e+00 +0.0000e+00 +0.0000e+00
2 0 +1.704072151e+01 +1.496307215e+02 +1.496307215e+02 -2.9289e+00 +0.0000e+00 +0.0000e+00
40 0 +7.182031266e+00 +1.397720313e+02 +1.397720313e+02 -2.6385e+00 -1.0995e+00 -1.9053e+00
58 0 +3.791175931e+00 +1.363811759e+02 +1.363811759e+02 -1.9126e+00 -7.9700e-01 -6.3843e-02
128 0 +2.215391867e+00 +1.348053919e+02 +1.348053919e+02 -1.5010e+00 -1.0006e+00 +2.6777e+00
153 0 +1.688796964e+00 +1.342787970e+02 +1.342787970e+02 -1.4697e+00 -1.0006e+00 +2.6777e+00
319 0 +1.584786379e+00 +1.341747864e+02 +1.341747864e+02 -1.4682e+00 -1.0002e+00 +2.6601e+00
8163 0 +8.593886277e-01 +1.334493886e+02 +1.334493886e+02 -2.0013e+00 -8.0865e-01 +6.1824e-01
17996 0 +7.943227160e-01 +1.333843227e+02 +1.333843227e+02 -2.0018e+00 -8.0841e-01 +6.5323e-01
30000 0 +7.686449290e-01 +1.333586449e+02 +1.333586449e+02 -2.0027e+00 -8.0810e-01 +6.4941e-01
% f evaluations | g evaluations | best noise-free fitness - Fopt (-7.547000000000e+01) + sum g_i+ | measured fitness | best measured fitness or single-digit g-values | x1 | x2...
1 0 +3.711612000e+01 -3.835388000e+01 -3.835388000e+01 +0.0000e+00 +0.0000e+00 +0.0000e+00
11 0 +1.970222047e+01 -5.576777953e+01 -5.576777953e+01 +0.0000e+00 +2.9289e+00 +0.0000e+00
124 0 +1.347121484e+01 -6.199878516e+01 -6.199878516e+01 +8.8573e-01 +4.6231e-01 +1.8581e+00
141 0 +9.600027189e+00 -6.586997281e+01 -6.586997281e+01 +6.3557e-01 +4.6231e-01 +1.8581e+00
154 0 +7.946949616e+00 -6.752305038e+01 -6.752305038e+01 +7.6065e-01 +4.6231e-01 +1.8581e+00
155 0 +6.471425256e+00 -6.899857474e+01 -6.899857474e+01 +7.6065e-01 +3.3723e-01 +1.8581e+00
167 0 +4.149648716e+00 -7.132035128e+01 -7.132035128e+01 +7.6065e-01 +2.7469e-01 +1.8581e+00
185 0 +3.783448603e+00 -7.168655140e+01 -7.168655140e+01 +7.6065e-01 +2.5906e-01 +1.8581e+00
30000 0 +3.743110155e+00 -7.172688985e+01 -7.172688985e+01 +7.6034e-01 +2.7631e-01 +1.8685e+00
% f evaluations | g evaluations | best noise-free fitness - Fopt (6.949000000000e+01) + sum g_i+ | measured fitness | best measured fitness or single-digit g-values | x1 | x2...
1 0 +1.678516541e+01 +8.627516541e+01 +8.627516541e+01 +0.0000e+00 +0.0000e+00 +0.0000e+00
9 0 +1.381762810e+01 +8.330762810e+01 +8.330762810e+01 +2.0925e+00 -8.3640e-01 +2.0925e+00
36 0 +5.862125530e+00 +7.535212553e+01 +7.535212553e+01 +1.5168e+00 +1.5168e+00 +7.1099e-01
30000 0 +5.862125530e+00 +7.535212553e+01 +7.535212553e+01 +1.5168e+00 +1.5168e+00 +7.1099e-01
% f evaluations | g evaluations | best noise-free fitness - Fopt (-5.612400000000e+02) + sum g_i+ | measured fitness | best measured fitness or single-digit g-values | x1 | x2...
1 0 +5.385388431e+01 -5.073861157e+02 -5.073861157e+02 +0.0000e+00 +0.0000e+00 +0.0000e+00
3 0 +2.720837607e+01 -5.340316239e+02 -5.340316239e+02 -8.3640e-01 +2.0925e+00 +2.0925e+00
17 0 +1.750659485e+01 -5.437334052e+02 -5.437334052e+02 +0.0000e+00 +0.0000e+00 +2.9289e+00
57 0 +5.316800484e+00 -5.559231995e+02 -5.559231995e+02 -3.1857e-01 +7.9700e-01 +3.1418e+00
65 0 +2.046619392e+00 -5.591933806e+02 -5.591933806e+02 +0.0000e+00 +1.1156e+00 +2.3448e+00
634 0 +1.777261690e+00 -5.594627383e+02 -5.594627383e+02 -1.1156e+00 +7.5049e-01 +3.4036e+00
647 0 +1.227473847e+00 -5.600125262e+02 -5.600125262e+02 -9.9049e-01 +7.5049e-01 +3.4036e+00
651 0 +1.085124406e+00 -5.601548756e+02 -5.601548756e+02 -9.9049e-01 +7.5049e-01 +3.5287e+00
670 0 +8.664285390e-01 -5.603735715e+02 -5.603735715e+02 -1.0061e+00 +7.5049e-01 +3.5287e+00
683 0 +7.071248260e-01 -5.605328752e+02 -5.605328752e+02 -9.9831e-01 +7.5049e-01 +3.5287e+00
2398 0 +6.308675799e-01 -5.606091324e+02 -5.606091324e+02 -1.5456e-01 +1.1596e+00 +2.4145e+00
6959 0 +5.623401121e-01 -5.606776599e+02 -5.606776599e+02 -1.6864e-01 +1.1504e+00 +2.4338e+00
30000 0 +5.557307894e-01 -5.606842692e+02 -5.606842692e+02 -1.7460e-01 +1.1466e+00 +2.4420e+00
% f evaluations | g evaluations | best noise-free fitness - Fopt (1.000000000000e+03) + sum g_i+ | measured fitness | best measured fitness or single-digit g-values | x1 | x2...
1 0 +1.008737908e+02 +1.100873791e+03 +1.100873791e+03 +0.0000e+00 +0.0000e+00 +0.0000e+00
11 0 +2.561820566e+01 +1.025618206e+03 +1.025618206e+03 +0.0000e+00 +2.9289e+00 +0.0000e+00
15 0 +2.240402621e+01 +1.022404026e+03 +1.022404026e+03 +2.0925e+00 +2.0925e+00 -8.3640e-01
69 0 +6.642976583e+00 +1.006642977e+03 +1.006642977e+03 +7.9700e-01 +1.5302e+00 -3.1857e-01
1195 0 +5.646163431e+00 +1.005646163e+03 +1.005646163e+03 +5.0032e-01 -4.1368e-01 -1.8093e+00
1197 0 +5.281107867e+00 +1.005281108e+03 +1.005281108e+03 +5.0032e-01 -4.1368e-01 -1.8406e+00
1201 0 +4.906985359e+00 +1.004906985e+03 +1.004906985e+03 +5.0032e-01 -4.4495e-01 -1.8406e+00
1220 0 +4.365965079e+00 +1.004365965e+03 +1.004365965e+03 +5.0032e-01 -4.6059e-01 -1.8718e+00
3597 0 +3.981001433e+00 +1.003981001e+03 +1.003981001e+03 +5.0869e-01 -4.9082e-01 -1.9043e+00
27157 0 +3.193443885e+00 +1.003193444e+03 +1.003193444e+03 +6.8357e-01 +5.5570e-01 -9.3811e-01
27169 0 +3.088774267e+00 +1.003088774e+03 +1.003088774e+03 +6.5230e-01 +5.5570e-01 -9.3811e-01
27170 0 +2.657368010e+00 +1.002657368e+03 +1.002657368e+03 +7.1484e-01 +5.5570e-01 -9.3811e-01
30000 0 +2.654397905e+00 +1.002654398e+03 +1.002654398e+03 +7.1471e-01 +5.5927e-01 -9.3669e-01
