% f evaluations | g evaluations | best noise-free fitness - Fopt (-5.494000000000e+01) + sum g_i+ | measured fitness | best measured fitness or single-digit g-values | x1 | x2...
1 0 +1.742410858e+06 +1.742355918e+06 +1.742355918e+06 +0.0000e+00 +0.0000e+00 +0.0000e+00
2 0 +6.903182764e+05 +6.902633364e+05 +6.902633364e+05 -2.9289e+00 +0.0000e+00 +0.0000e+00
4 0 +5.133333912e+05 +5.132784512e+05 +5.132784512e+05 -5.0215e+00 -2.0925e+00 -2.0925e+00
7 0 +7.308604182e+03 +7.253664182e+03 +7.253664182e+03 +8.3640e-01 -2.0925e+00 -2.0925e+00
316 0 +7.018207740e+03 +6.963267740e+03 +6.963267740e+03 -3.8775e+00 +1.5107e+00 +7.3172e+00
334 0 +6.162556177e+03 +6.107616177e+03 +6.107616177e+03 -3.6899e+00 +1.5107e+00 +7.3798e+00
340 0 +5.548866914e+03 +5.493926914e+03 +5.493926914e+03 -3.6274e+00 +1.5107e+00 +7.4423e+00
352 0 +4.689447996e+03 +4.634507996e+03 +4.634507996e+03 -3.5023e+00 +1.5107e+00 +7.5049e+00
358 0 +4.320215246e+03 +4.265275246e+03 +4.265275246e+03 -3.4397e+00 +1.5107e+00 +7.5049e+00
368 0 +3.866593710e+03 +3.811653710e+03 +3.811653710e+03 -3.3772e+00 +1.5107e+00 +7.5674e+00
370 0 +3.503670361e+03 +3.448730361e+03 +3.448730361e+03 -3.3147e+00 +1.5107e+00 +7.5674e+00
382 0 +2.853307094e+03 +2.798367094e+03 +2.798367094e+03 -3.1896e+00 +1.5107e+00 +7.6299e+00
388 0 +2.671928475e+03 +2.616988475e+03 +2.616988475e+03 -3.1270e+00 +1.5107e+00 +7.6299e+00
406 0 +2.467571634e+03 +2.412631634e+03 +2.412631634e+03 -3.0645e+00 +1.5107e+00 +7.6612e+00
430 0 +2.209260282e+03 +2.154320282e+03 +2.154320282e+03 -2.9394e+00 +1.5107e+00 +7.7238e+00
644 0 +1.994347816e+03 +1.939407816e+03 +1.939407816e+03 -2.6736e+00 +1.5107e+00 +7.8410e+00
718 0 +1.758916283e+03 +1.703976283e+03 +1.703976283e+03 -2.5720e+00 +1.5107e+00 +7.8801e+00
760 0 +1.566331507e+03 +1.511391507e+03 +1.511391507e+03 -2.5173e+00 +1.5107e+00 +7.9036e+00
790 0 +1.411392902e+03 +1.356452902e+03 +1.356452902e+03 -2.4782e+00 +1.5107e+00 +7.9192e+00
820 0 +1.252904391e+03 +1.197964391e+03 +1.197964391e+03 -2.4391e+00 +1.5107e+00 +7.9348e+00
850 0 +1.101125253e+03 +1.046185253e+03 +1.046185253e+03 -2.4000e+00 +1.5107e+00 +7.9505e+00
874 0 +9.924587737e+02 +9.375187737e+02 +9.375187737e+02 -2.3687e+00 +1.5107e+00 +7.9583e+00
904 0 +8.729071259e+02 +8.179671259e+02 +8.179671259e+02 -2.3296e+00 +1.5107e+00 +7.9739e+00
928 0 +7.925130783e+02 +7.375730783e+02 +7.375730783e+02 -2.2984e+00 +1.5107e+00 +7.9896e+00
964 0 +7.056408528e+02 +6.507008528e+02 +6.507008528e+02 -2.2515e+00 +1.5107e+00 +8.0052e+00
1018 0 +6.298781225e+02 +5.749381225e+02 +5.749381225e+02 -2.1811e+00 +1.5107e+00 +8.0365e+00
1228 0 +5.588082631e+02 +5.038682631e+02 +5.038682631e+02 -2.0208e+00 +1.5107e+00 +8.1029e+00
1300 0 +4.978367503e+02 +4.428967503e+02 +4.428967503e+02 -1.9739e+00 +1.5107e+00 +8.1185e+00
1348 0 +4.422089744e+02 +3.872689744e+02 +3.872689744e+02 -1.9427e+00 +1.5107e+00 +8.1342e+00
1390 0 +3.922315658e+02 +3.372915658e+02 +3.372915658e+02 -1.9153e+00 +1.5107e+00 +8.1459e+00
1426 0 +3.524327171e+02 +2.974927171e+02 +2.974927171e+02 -1.8919e+00 +1.5107e+00 +8.1537e+00
1468 0 +3.126224994e+02 +2.576824994e+02 +2.576824994e+02 -1.8645e+00 +1.5107e+00 +8.1655e+00
1516 0 +2.789427313e+02 +2.240027313e+02 +2.240027313e+02 -1.8332e+00 +1.5107e+00 +8.1772e+00
1582 0 +2.509630523e+02 +1.960230523e+02 +1.960230523e+02 -1.7902e+00 +1.5107e+00 +8.1928e+00
1684 0 +2.225796641e+02 +1.676396641e+02 +1.676396641e+02 -1.7238e+00 +1.5107e+00 +8.2202e+00
1744 0 +1.990738899e+02 +1.441338899e+02 +1.441338899e+02 -1.6847e+00 +1.5107e+00 +8.2358e+00
1798 0 +1.762365590e+02 +1.212965590e+02 +1.212965590e+02 -1.6495e+00 +1.5107e+00 +8.2514e+00
1858 0 +1.584591057e+02 +1.035191057e+02 +1.035191057e+02 -1.6104e+00 +1.5107e+00 +8.2671e+00
1930 0 +1.402651672e+02 +8.532516721e+01 +8.532516721e+01 -1.5635e+00 +1.5107e+00 +8.2866e+00
2122 0 +1.258366581e+02 +7.089665810e+01 +7.089665810e+01 -1.5000e+00 +1.5107e+00 +8.3120e+00
6385 0 +1.122012692e+02 +5.726126920e+01 +5.726126920e+01 -1.4025e+00 +1.4887e+00 +8.2824e+00
30000 0 +1.047238553e+02 +4.978385526e+01 +4.978385526e+01 -1.4103e+00 +1.4141e+00 +8.0421e+00
% f evaluations | g evaluations | best noise-free fitness - Fopt (5.913000000000e+01) + sum g_i+ | measured fitness | best measured fitness or single-digit g-values | x1 | x2...
1 0 +1.355615952e+05 +1.356207252e+05 +1.356207252e+05 +0.0000e+00 +0.0000e+00 +0.0000e+00
17 0 +1.277547206e+05 +1.278138506e+05 +1.278138506e+05 +0.0000e+00 +0.0000e+00 +2.9289e+00
36 0 +5.848927777e+04 +5.854840777e+04 +5.854840777e+04 +1.5168e+00 -1.4121e+00 +3.6399e+00
891 0 +5.619644413e+04 +5.625557413e+04 +5.625557413e+04 +4.8938e+00 -2.5739e+00 +6.7231e-01
987 0 +4.995044327e+04 +5.000957327e+04 +5.000957327e+04 +4.6593e+00 -2.3706e+00 +4.2215e-01
1063 0 +4.458486436e+04 +4.464399436e+04 +4.464399436e+04 +4.4717e+00 -2.2143e+00 +2.1889e-01
1129 0 +3.978920211e+04 +3.984833211e+04 +3.984833211e+04 +4.2997e+00 -2.0579e+00 +4.6905e-02
1201 0 +3.542907540e+04 +3.548820540e+04 +3.548820540e+04 +4.1433e+00 -1.9328e+00 -1.4072e-01
1279 0 +3.158746615e+04 +3.164659615e+04 +3.164659615e+04 +4.0182e+00 -1.8078e+00 -3.4397e-01
1363 0 +2.807096101e+04 +2.813009101e+04 +2.813009101e+04 +3.8932e+00 -1.6670e+00 -5.6287e-01
1452 0 +2.508698913e+04 +2.514611913e+04 +2.514611913e+04 +3.7524e+00 -1.5263e+00 -7.8176e-01
1542 0 +2.236911473e+04 +2.242824473e+04 +2.242824473e+04 +3.6117e+00 -1.3856e+00 -1.0163e+00
1627 0 +1.982593867e+04 +1.988506867e+04 +1.988506867e+04 +3.4710e+00 -1.2449e+00 -1.2508e+00
1699 0 +1.775478915e+04 +1.781391915e+04 +1.781391915e+04 +3.3616e+00 -1.1355e+00 -1.4384e+00
1765 0 +1.573435683e+04 +1.579348683e+04 +1.579348683e+04 +3.2521e+00 -1.0260e+00 -1.6104e+00
1819 0 +1.409343074e+04 +1.415256074e+04 +1.415256074e+04 +3.1583e+00 -9.4783e-01 -1.7511e+00
1873 0 +1.250288784e+04 +1.256201784e+04 +1.256201784e+04 +3.0801e+00 -8.5402e-01 -1.8919e+00
1921 0 +1.121801662e+04 +1.127714662e+04 +1.127714662e+04 +3.0019e+00 -7.7584e-01 -2.0169e+00
1987 0 +9.922888553e+03 +9.982018553e+03 +9.982018553e+03 +2.9394e+00 -6.9767e-01 -2.1889e+00
2101 0 +8.893617006e+03 +8.952747006e+03 +8.952747006e+03 +3.0019e+00 -6.6640e-01 -2.4860e+00
2272 0 +7.932744383e+03 +7.991874383e+03 +7.991874383e+03 +3.1896e+00 -6.5076e-01 -2.9238e+00
2443 0 +7.072431452e+03 +7.131561452e+03 +7.131561452e+03 +3.3928e+00 -6.5076e-01 -3.3772e+00
2545 0 +6.233402694e+03 +6.292532694e+03 +6.292532694e+03 +3.4710e+00 -6.1949e-01 -3.6430e+00
2599 0 +5.617307815e+03 +5.676437815e+03 +5.676437815e+03 +3.4866e+00 -6.0386e-01 -3.7837e+00
2635 0 +4.934934435e+03 +4.994064435e+03 +4.994064435e+03 +3.4710e+00 -5.5695e-01 -3.8775e+00
2665 0 +4.447931716e+03 +4.507061716e+03 +4.507061716e+03 +3.4554e+00 -5.4131e-01 -3.9557e+00
2701 0 +3.973329130e+03 +4.032459130e+03 +4.032459130e+03 +3.4710e+00 -5.2568e-01 -4.0495e+00
2737 0 +3.532354854e+03 +3.591484854e+03 +3.591484854e+03 +3.4866e+00 -5.1004e-01 -4.1433e+00
2773 0 +3.142103759e+03 +3.201233759e+03 +3.201233759e+03 +3.5023e+00 -4.9441e-01 -4.2371e+00
2809 0 +2.814304523e+03 +2.873434523e+03 +2.873434523e+03 +3.5179e+00 -4.7877e-01 -4.3309e+00
2869 0 +2.493981634e+03 +2.553111634e+03 +2.553111634e+03 +3.5961e+00 -4.7877e-01 -4.4873e+00
3007 0 +2.237757184e+03 +2.296887184e+03 +2.296887184e+03 +3.6117e+00 -4.5141e-01 -4.6163e+00
3960 0 +1.994646280e+03 +2.053776280e+03 +2.053776280e+03 +3.6938e+00 -3.9278e-01 -5.0072e+00
4200 0 +1.777213137e+03 +1.836343137e+03 +1.836343137e+03 +3.6332e+00 -3.3806e-01 -5.0853e+00
4311 0 +1.583583364e+03 +1.642713364e+03 +1.642713364e+03 +3.5961e+00 -3.0874e-01 -5.1225e+00
4395 0 +1.410546031e+03 +1.469676031e+03 +1.469676031e+03 +3.5687e+00 -2.8529e-01 -5.1498e+00
4467 0 +1.256609960e+03 +1.315739960e+03 +1.315739960e+03 +3.5453e+00 -2.6575e-01 -5.1733e+00
4533 0 +1.119097177e+03 +1.178227177e+03 +1.178227177e+03 +3.5238e+00 -2.4816e-01 -5.1948e+00
4593 0 +9.988718352e+02 +1.058001835e+03 +1.058001835e+03 +3.5042e+00 -2.3057e-01 -5.2143e+00
4657 0 +8.876649930e+02 +9.467949930e+02 +9.467949930e+02 +3.4847e+00 -2.1298e-01 -5.2358e+00
4722 0 +7.936574954e+02 +8.527874954e+02 +8.527874954e+02 +3.4632e+00 -1.9539e-01 -5.2554e+00
4791 0 +7.075589847e+02 +7.666889847e+02 +7.666889847e+02 +3.4397e+00 -1.7780e-01 -5.2788e+00
4891 0 +6.305268948e+02 +6.896568948e+02 +6.896568948e+02 +3.4163e+00 -1.5434e-01 -5.3120e+00
5293 0 +5.621571789e+02 +6.212871789e+02 +6.212871789e+02 +3.4143e+00 -1.2698e-01 -5.4156e+00
6381 0 +5.009459463e+02 +5.600759463e+02 +5.600759463e+02 +3.3576e+00 -6.8840e-02 -5.5129e+00
6681 0 +4.464260518e+02 +5.055560518e+02 +5.055560518e+02 +3.3332e+00 -4.8319e-02 -5.5373e+00
6894 0 +3.980339916e+02 +4.571639916e+02 +4.571639916e+02 +3.3161e+00 -3.3661e-02 -5.5544e+00
7071 0 +3.545424782e+02 +4.136724782e+02 +4.136724782e+02 +3.3015e+00 -2.1935e-02 -5.5690e+00
7237 0 +3.156805630e+02 +3.748105630e+02 +3.748105630e+02 +3.2883e+00 -1.0209e-02 -5.5827e+00
7399 0 +2.815532547e+02 +3.406832547e+02 +3.406832547e+02 +3.2751e+00 +5.4063e-04 -5.5959e+00
7573 0 +2.506702227e+02 +3.098002227e+02 +3.098002227e+02 +3.2609e+00 +1.2267e-02 -5.6101e+00
7771 0 +2.236236135e+02 +2.827536135e+02 +2.827536135e+02 +3.2448e+00 +2.5459e-02 -5.6262e+00
8040 0 +1.993663807e+02 +2.584963807e+02 +2.584963807e+02 +3.2233e+00 +4.3537e-02 -5.6477e+00
8485 0 +1.777921338e+02 +2.369221338e+02 +2.369221338e+02 +3.1993e+00 +6.6501e-02 -5.6844e+00
8821 0 +1.584362543e+02 +2.175662543e+02 +2.175662543e+02 +3.1798e+00 +8.5068e-02 -5.7117e+00
9021 0 +1.411446716e+02 +2.002746716e+02 +2.002746716e+02 +3.1632e+00 +9.8749e-02 -5.7278e+00
9198 0 +1.258254192e+02 +1.849554192e+02 +1.849554192e+02 +3.1490e+00 +1.1096e-01 -5.7420e+00
9397 0 +1.120965558e+02 +1.712265558e+02 +1.712265558e+02 +3.1358e+00 +1.2269e-01 -5.7586e+00
9663 0 +9.992010001e+01 +1.590501000e+02 +1.590501000e+02 +3.1221e+00 +1.3588e-01 -5.7801e+00
9924 0 +8.911638139e+01 +1.482463814e+02 +1.482463814e+02 +3.1094e+00 +1.4907e-01 -5.8011e+00
10135 0 +7.942441315e+01 +1.385544131e+02 +1.385544131e+02 +3.0987e+00 +1.5934e-01 -5.8187e+00
10429 0 +7.079250415e+01 +1.299225042e+02 +1.299225042e+02 +3.0850e+00 +1.7350e-01 -5.8427e+00
10975 0 +6.297807695e+01 +1.221080770e+02 +1.221080770e+02 +3.0811e+00 +1.8767e-01 -5.8871e+00
15831 0 +5.623347653e+01 +1.153634765e+02 +1.153634765e+02 +3.0543e+00 +2.1464e-01 -5.9322e+00
30000 0 +5.414369846e+01 +1.132736985e+02 +1.132736985e+02 +2.9823e+00 +2.4771e-01 -5.9009e+00
% f evaluations | g evaluations | best noise-free fitness - Fopt (-4.915300000000e+02) + sum g_i+ | measured fitness | best measured fitness or single-digit g-values | x1 | x2...
1 0 +7.654731415e+06 +7.654239885e+06 +7.654239885e+06 +0.0000e+00 +0.0000e+00 +0.0000e+00
2 0 +1.855753343e+06 +1.855261813e+06 +1.855261813e+06 -2.9289e+00 +0.0000e+00 +0.0000e+00
7 0 +4.758995002e+05 +4.754079702e+05 +4.754079702e+05 +8.3640e-01 -2.0925e+00 -2.0925e+00
13 0 +1.509443383e+05 +1.504528083e+05 +1.504528083e+05 -2.0925e+00 +8.3640e-01 -2.0925e+00
52 0 +9.372597379e+04 +9.323444379e+04 +9.323444379e+04 -1.0995e+00 -1.0995e+00 -1.8327e+00
111 0 +2.132794132e+04 +2.083641132e+04 +2.083641132e+04 -2.8870e+00 -2.1933e+00 -6.5714e-01
124 0 +1.361821983e+04 +1.312668983e+04 +1.312668983e+04 -2.3867e+00 -2.1933e+00 -6.5714e-01
125 0 +7.994610947e+03 +7.503080947e+03 +7.503080947e+03 -2.3867e+00 -2.6936e+00 -6.5714e-01
136 0 +9.661104110e+02 +4.745804110e+02 +4.745804110e+02 -2.1365e+00 -2.6936e+00 -6.5714e-01
149 0 +6.299014821e+02 +1.383714821e+02 +1.383714821e+02 -2.1365e+00 -2.8187e+00 -6.5714e-01
160 0 +2.392368810e+02 -2.522931190e+02 -2.522931190e+02 -2.0740e+00 -2.8187e+00 -6.5714e-01
171 0 +1.921853766e+02 -2.993446234e+02 -2.993446234e+02 -2.1053e+00 -2.8187e+00 -6.5714e-01
174 0 +1.726596419e+02 -3.188703581e+02 -3.188703581e+02 -2.1053e+00 -2.7874e+00 -6.5714e-01
183 0 +1.389244549e+02 -3.526055451e+02 -3.526055451e+02 -2.1209e+00 -2.7874e+00 -6.5714e-01
222 0 +1.256904189e+02 -3.658395811e+02 -3.658395811e+02 -2.1326e+00 -2.7679e+00 -6.5714e-01
294 0 +1.114979160e+02 -3.800320840e+02 -3.800320840e+02 -2.1424e+00 -2.7464e+00 -6.6300e-01
345 0 +9.997311830e+01 -3.915568817e+02 -3.915568817e+02 -2.1502e+00 -2.7308e+00 -6.6691e-01
384 0 +8.857373115e+01 -4.029562689e+02 -4.029562689e+02 -2.1600e+00 -2.7171e+00 -6.6691e-01
426 0 +7.936587802e+01 -4.121641220e+02 -4.121641220e+02 -2.1659e+00 -2.7034e+00 -6.7082e-01
501 0 +7.073398167e+01 -4.207960183e+02 -4.207960183e+02 -2.1717e+00 -2.6878e+00 -6.7570e-01
595 0 +6.300537793e+01 -4.285246221e+02 -4.285246221e+02 -2.1805e+00 -2.6721e+00 -6.7864e-01
708 0 +5.614215600e+01 -4.353878440e+02 -4.353878440e+02 -2.1854e+00 -2.6536e+00 -6.8450e-01
810 0 +4.968766295e+01 -4.418423371e+02 -4.418423371e+02 -2.1893e+00 -2.6369e+00 -6.9134e-01
876 0 +4.454722079e+01 -4.469827792e+02 -4.469827792e+02 -2.1952e+00 -2.6262e+00 -6.9329e-01
954 0 +3.943126612e+01 -4.520987339e+02 -4.520987339e+02 -2.1981e+00 -2.6135e+00 -6.9818e-01
1020 0 +3.546522882e+01 -4.560647712e+02 -4.560647712e+02 -2.2010e+00 -2.6027e+00 -7.0209e-01
1128 0 +3.159958924e+01 -4.599304108e+02 -4.599304108e+02 -2.2059e+00 -2.5896e+00 -7.0600e-01
1482 0 +2.816101310e+01 -4.633689869e+02 -4.633689869e+02 -2.2162e+00 -2.5681e+00 -7.1088e-01
1788 0 +2.508768500e+01 -4.664423150e+02 -4.664423150e+02 -2.2272e+00 -2.5556e+00 -7.1064e-01
1950 0 +2.232106133e+01 -4.692089387e+02 -4.692089387e+02 -2.2338e+00 -2.5490e+00 -7.0991e-01
2100 0 +1.994906820e+01 -4.715809318e+02 -4.715809318e+02 -2.2399e+00 -2.5429e+00 -7.0917e-01
3222 0 +1.778277049e+01 -4.737472295e+02 -4.737472295e+02 -2.2490e+00 -2.5215e+00 -7.1467e-01
4368 0 +1.584314635e+01 -4.756868536e+02 -4.756868536e+02 -2.2594e+00 -2.5099e+00 -7.1424e-01
12070 0 +1.412537466e+01 -4.774046253e+02 -4.774046253e+02 -2.2735e+00 -2.4730e+00 -7.2487e-01
30000 0 +1.356048259e+01 -4.779695174e+02 -4.779695174e+02 -2.2291e+00 -2.4414e+00 -7.7049e-01
% f evaluations | g evaluations | best noise-free fitness - Fopt (-1.702000000000e+02) + sum g_i+ | measured fitness | best measured fitness or single-digit g-values | x1 | x2...
1 0 +1.124209412e+07 +1.124192392e+07 +1.124192392e+07 +0.0000e+00 +0.0000e+00 +0.0000e+00
2 0 +3.083753155e+06 +3.083582955e+06 +3.083582955e+06 -2.9289e+00 +0.0000e+00 +0.0000e+00
7 0 +2.768109795e+06 +2.767939595e+06 +2.767939595e+06 +8.3640e-01 -2.0925e+00 -2.0925e+00
8 0 +2.661311249e+06 +2.661141049e+06 +2.661141049e+06 +0.0000e+00 -2.9289e+00 +0.0000e+00
16 0 +2.253014879e+06 +2.252844679e+06 +2.252844679e+06 -2.0925e+00 -2.0925e+00 -5.0215e+00
19 0 +1.618332481e+06 +1.618162281e+06 +1.618162281e+06 -2.0925e+00 -2.0925e+00 +8.3640e-01
40 0 +1.290274791e+06 +1.290104591e+06 +1.290104591e+06 -2.6385e+00 -2.9368e-01 -1.0995e+00
46 0 +1.060300790e+06 +1.060130590e+06 +1.060130590e+06 -1.0995e+00 -1.8327e+00 -1.0995e+00
58 0 +6.918204951e+05 +6.916502951e+05 +6.916502951e+05 -1.9126e+00 -1.5302e+00 -7.9700e-01
64 0 +5.872738132e+05 +5.871036132e+05 +5.871036132e+05 -7.9700e-01 -2.6457e+00 -7.9700e-01
99 0 +5.353680990e+05 +5.351978990e+05 +5.351978990e+05 -2.0013e+00 -1.4269e+00 -1.0006e+00
101 0 +2.465451190e+04 +2.448431190e+04 +2.448431190e+04 -2.0013e+00 -2.4275e+00 -1.0006e+00
111 0 +2.103740162e+04 +2.086720162e+04 +2.086720162e+04 -2.5016e+00 -2.4275e+00 -1.0006e+00
116 0 +7.414189875e+03 +7.243989875e+03 +7.243989875e+03 -2.5016e+00 -2.4275e+00 -5.0032e-01
123 0 +4.187106594e+03 +4.016906594e+03 +4.016906594e+03 -2.7518e+00 -2.4275e+00 -5.0032e-01
136 0 +7.614734750e+02 +5.912734750e+02 +5.912734750e+02 -2.6267e+00 -2.4275e+00 -5.0032e-01
160 0 +5.148315290e+02 +3.446315290e+02 +3.446315290e+02 -2.5954e+00 -2.4275e+00 -5.6287e-01
184 0 +4.923588100e+02 +3.221588100e+02 +3.221588100e+02 -2.5876e+00 -2.4275e+00 -5.7850e-01
472 0 +4.463193235e+02 +2.761193235e+02 +2.761193235e+02 -2.5407e+00 -2.4363e+00 -6.2638e-01
634 0 +3.977098599e+02 +2.275098599e+02 +2.275098599e+02 -2.5143e+00 -2.4412e+00 -6.5277e-01
751 0 +3.535398972e+02 +1.833398972e+02 +1.833398972e+02 -2.4958e+00 -2.4441e+00 -6.7231e-01
847 0 +3.153472727e+02 +1.451472727e+02 +1.451472727e+02 -2.4801e+00 -2.4471e+00 -6.8795e-01
934 0 +2.816003805e+02 +1.114003805e+02 +1.114003805e+02 -2.4655e+00 -2.4500e+00 -7.0163e-01
1018 0 +2.507753569e+02 +8.057535688e+01 +8.057535688e+01 -2.4518e+00 -2.4520e+00 -7.1531e-01
1099 0 +2.235753298e+02 +5.337532979e+01 +5.337532979e+01 -2.4391e+00 -2.4549e+00 -7.2899e-01
1186 0 +1.990612176e+02 +2.886121760e+01 +2.886121760e+01 -2.4244e+00 -2.4578e+00 -7.4267e-01
1279 0 +1.773050433e+02 +7.105043304e+00 +7.105043304e+00 -2.4098e+00 -2.4598e+00 -7.5830e-01
1390 0 +1.583071107e+02 -1.189288934e+01 -1.189288934e+01 -2.3912e+00 -2.4637e+00 -7.7589e-01
1558 0 +1.408833419e+02 -2.931665807e+01 -2.931665807e+01 -2.3648e+00 -2.4705e+00 -7.9935e-01
1861 0 +1.257981560e+02 -4.440184402e+01 -4.440184402e+01 -2.3370e+00 -2.4759e+00 -8.2720e-01
2122 0 +1.120512511e+02 -5.814874894e+01 -5.814874894e+01 -2.3155e+00 -2.4798e+00 -8.4821e-01
2305 0 +9.982140847e+01 -7.037859153e+01 -7.037859153e+01 -2.3008e+00 -2.4823e+00 -8.6335e-01
2455 0 +8.896263211e+01 -8.123736789e+01 -8.123736789e+01 -2.2886e+00 -2.4847e+00 -8.7557e-01
2587 0 +7.939810280e+01 -9.080189720e+01 -9.080189720e+01 -2.2778e+00 -2.4867e+00 -8.8632e-01
2716 0 +7.073894840e+01 -9.946105160e+01 -9.946105160e+01 -2.2671e+00 -2.4886e+00 -8.9658e-01
2848 0 +6.297084089e+01 -1.072291591e+02 -1.072291591e+02 -2.2563e+00 -2.4906e+00 -9.0733e-01
2986 0 +5.612564295e+01 -1.140743571e+02 -1.140743571e+02 -2.2451e+00 -2.4925e+00 -9.1856e-01
3127 0 +5.009269700e+01 -1.201073030e+02 -1.201073030e+02 -2.2339e+00 -2.4945e+00 -9.3029e-01
3262 0 +4.465499946e+01 -1.255450005e+02 -1.255450005e+02 -2.2226e+00 -2.4964e+00 -9.4104e-01
3377 0 +3.979253512e+01 -1.304074649e+02 -1.304074649e+02 -2.2133e+00 -2.4984e+00 -9.5032e-01
3472 0 +3.547155829e+01 -1.347284417e+02 -1.347284417e+02 -2.2055e+00 -2.4994e+00 -9.5814e-01
3559 0 +3.147456709e+01 -1.387254329e+02 -1.387254329e+02 -2.1987e+00 -2.5008e+00 -9.6547e-01
3637 0 +2.812172423e+01 -1.420782758e+02 -1.420782758e+02 -2.1923e+00 -2.5018e+00 -9.7182e-01
3721 0 +2.508079407e+01 -1.451192059e+02 -1.451192059e+02 -2.1855e+00 -2.5033e+00 -9.7866e-01
3823 0 +2.235866620e+01 -1.478413338e+02 -1.478413338e+02 -2.1772e+00 -2.5052e+00 -9.8648e-01
4069 0 +1.992363992e+01 -1.502763601e+02 -1.502763601e+02 -2.1657e+00 -2.5069e+00 -9.9796e-01
4423 0 +1.774073312e+01 -1.524592669e+02 -1.524592669e+02 -2.1523e+00 -2.5101e+00 -1.0104e+00
4576 0 +1.582598914e+01 -1.543740109e+02 -1.543740109e+02 -2.1459e+00 -2.5113e+00 -1.0165e+00
4684 0 +1.409462709e+01 -1.561053729e+02 -1.561053729e+02 -2.1415e+00 -2.5121e+00 -1.0209e+00
4777 0 +1.255469090e+01 -1.576453091e+02 -1.576453091e+02 -2.1379e+00 -2.5128e+00 -1.0248e+00
4870 0 +1.118111204e+01 -1.590188880e+02 -1.590188880e+02 -2.1340e+00 -2.5135e+00 -1.0285e+00
4975 0 +9.997018949e+00 -1.602029811e+02 -1.602029811e+02 -2.1298e+00 -2.5143e+00 -1.0329e+00
5461 0 +8.912288081e+00 -1.612877119e+02 -1.612877119e+02 -2.1203e+00 -2.5160e+00 -1.0422e+00
7711 0 +7.942057103e+00 -1.622579429e+02 -1.622579429e+02 -2.1094e+00 -2.5174e+00 -1.0537e+00
8473 0 +7.077444611e+00 -1.631225554e+02 -1.631225554e+02 -2.1055e+00 -2.5181e+00 -1.0576e+00
9553 0 +6.308387299e+00 -1.638916127e+02 -1.638916127e+02 -2.1000e+00 -2.5191e+00 -1.0631e+00
12019 0 +5.622704507e+00 -1.645772955e+02 -1.645772955e+02 -2.0881e+00 -2.5208e+00 -1.0756e+00
30000 0 +5.261008541e+00 -1.649389915e+02 -1.649389915e+02 -2.0834e+00 -2.5118e+00 -1.0936e+00
% f evaluations | g evaluations | best noise-free fitness - Fopt (-4.697500000000e+02) + sum g_i+ | measured fitness | best measured fitness or single-digit g-values | x1 | x2...
1 0 +1.084144925e+07 +1.084097950e+07 +1.084097950e+07 +0.0000e+00 +0.0000e+00 +0.0000e+00
5 0 +1.897667661e+06 +1.897197911e+06 +1.897197911e+06 +2.9289e+00 +0.0000e+00 +0.0000e+00
6 0 +6.314513195e+05 +6.309815695e+05 +6.309815695e+05 +5.0215e+00 +2.0925e+00 +2.0925e+00
9 0 +1.226354578e+05 +1.221657078e+05 +1.221657078e+05 +2.0925e+00 -8.3640e-01 +2.0925e+00
104 0 +4.799161748e+04 +4.752186748e+04 +4.752186748e+04 +2.0013e+00 -1.5807e+00 +2.0013e+00
107 0 +2.355804692e+04 +2.308829692e+04 +2.308829692e+04 +2.0013e+00 -2.5814e+00 +2.0013e+00
120 0 +6.093770003e+03 +5.624020003e+03 +5.624020003e+03 +2.0013e+00 -2.0810e+00 +2.0013e+00
137 0 +4.834016919e+03 +4.364266919e+03 +4.364266919e+03 +2.0013e+00 -2.2061e+00 +2.0013e+00
239 0 +4.461103045e+03 +3.991353045e+03 +3.991353045e+03 +1.9583e+00 -2.3038e+00 +1.9857e+00
431 0 +3.979621028e+03 +3.509871028e+03 +3.509871028e+03 +1.8645e+00 -2.4289e+00 +2.0287e+00
647 0 +3.543875719e+03 +3.074125719e+03 +3.074125719e+03 +1.7863e+00 -2.5696e+00 +2.0443e+00
839 0 +3.152842421e+03 +2.683092421e+03 +2.683092421e+03 +1.7160e+00 -2.6947e+00 +2.0599e+00
992 0 +2.818194814e+03 +2.348444814e+03 +2.348444814e+03 +1.6573e+00 -2.7924e+00 +2.0795e+00
1097 0 +2.503855370e+03 +2.034105370e+03 +2.034105370e+03 +1.5948e+00 -2.8628e+00 +2.1147e+00
1187 0 +2.230795414e+03 +1.761045414e+03 +1.761045414e+03 +1.5440e+00 -2.9214e+00 +2.1420e+00
1259 0 +1.994352388e+03 +1.524602388e+03 +1.524602388e+03 +1.5010e+00 -2.9683e+00 +2.1694e+00
1331 0 +1.769522172e+03 +1.299772172e+03 +1.299772172e+03 +1.4619e+00 -3.0152e+00 +2.1889e+00
1385 0 +1.581697548e+03 +1.111947548e+03 +1.111947548e+03 +1.4267e+00 -3.0504e+00 +2.2124e+00
1445 0 +1.402758864e+03 +9.330088640e+02 +9.330088640e+02 +1.3954e+00 -3.0895e+00 +2.2280e+00
1493 0 +1.257747044e+03 +7.879970436e+02 +7.879970436e+02 +1.3681e+00 -3.1208e+00 +2.2436e+00
1541 0 +1.119879637e+03 +6.501296368e+02 +6.501296368e+02 +1.3407e+00 -3.1520e+00 +2.2593e+00
1589 0 +9.996939733e+02 +5.299439733e+02 +5.299439733e+02 +1.3173e+00 -3.1833e+00 +2.2710e+00
1649 0 +8.849083169e+02 +4.151583169e+02 +4.151583169e+02 +1.2977e+00 -3.2224e+00 +2.2749e+00
1697 0 +7.927560880e+02 +3.230060880e+02 +3.230060880e+02 +1.2782e+00 -3.2537e+00 +2.2788e+00
1751 0 +7.033111156e+02 +2.335611156e+02 +2.335611156e+02 +1.2586e+00 -3.2888e+00 +2.2827e+00
1817 0 +6.265061310e+02 +1.567561310e+02 +1.567561310e+02 +1.2469e+00 -3.3318e+00 +2.2749e+00
1883 0 +5.596463413e+02 +8.989634134e+01 +8.989634134e+01 +1.2352e+00 -3.3748e+00 +2.2632e+00
1955 0 +4.967114120e+02 +2.696141197e+01 +2.696141197e+01 +1.2234e+00 -3.4217e+00 +2.2515e+00
2021 0 +4.455593710e+02 -2.419062900e+01 -2.419062900e+01 +1.2117e+00 -3.4647e+00 +2.2436e+00
2117 0 +3.967978129e+02 -7.295218709e+01 -7.295218709e+01 +1.1961e+00 -3.5097e+00 +2.2358e+00
2261 0 +3.542064771e+02 -1.155435229e+02 -1.155435229e+02 +1.1805e+00 -3.5566e+00 +2.2300e+00
2423 0 +3.153281898e+02 -1.544218102e+02 -1.544218102e+02 +1.1648e+00 -3.6094e+00 +2.2182e+00
2591 0 +2.813039105e+02 -1.884460895e+02 -1.884460895e+02 +1.1511e+00 -3.6641e+00 +2.2046e+00
2747 0 +2.508697930e+02 -2.188802070e+02 -2.188802070e+02 +1.1375e+00 -3.7149e+00 +2.1928e+00
2885 0 +2.234732393e+02 -2.462767607e+02 -2.462767607e+02 +1.1257e+00 -3.7599e+00 +2.1831e+00
3005 0 +1.986851998e+02 -2.710648002e+02 -2.710648002e+02 +1.1160e+00 -3.7989e+00 +2.1733e+00
3101 0 +1.777830081e+02 -2.919669919e+02 -2.919669919e+02 +1.1081e+00 -3.8302e+00 +2.1655e+00
3185 0 +1.581211689e+02 -3.116288311e+02 -3.116288311e+02 +1.1003e+00 -3.8576e+00 +2.1596e+00
3263 0 +1.395619791e+02 -3.301880209e+02 -3.301880209e+02 +1.0925e+00 -3.8830e+00 +2.1537e+00
3329 0 +1.258528757e+02 -3.438971243e+02 -3.438971243e+02 +1.0886e+00 -3.9045e+00 +2.1479e+00
3395 0 +1.119993850e+02 -3.577506150e+02 -3.577506150e+02 +1.0827e+00 -3.9260e+00 +2.1440e+00
3455 0 +9.872211534e+01 -3.710278847e+02 -3.710278847e+02 +1.0769e+00 -3.9455e+00 +2.1381e+00
3509 0 +8.901268841e+01 -3.807373116e+02 -3.807373116e+02 +1.0730e+00 -3.9631e+00 +2.1342e+00
3563 0 +7.903350842e+01 -3.907164916e+02 -3.907164916e+02 +1.0671e+00 -3.9807e+00 +2.1303e+00
3641 0 +7.040139278e+01 -3.993486072e+02 -3.993486072e+02 +1.0612e+00 -3.9973e+00 +2.1283e+00
3737 0 +6.306372052e+01 -4.066862795e+02 -4.066862795e+02 +1.0554e+00 -4.0129e+00 +2.1274e+00
3851 0 +5.598241585e+01 -4.137675842e+02 -4.137675842e+02 +1.0495e+00 -4.0315e+00 +2.1234e+00
3977 0 +5.008047873e+01 -4.196695213e+02 -4.196695213e+02 +1.0446e+00 -4.0496e+00 +2.1195e+00
4155 0 +4.463210883e+01 -4.251178912e+02 -4.251178912e+02 +1.0363e+00 -4.0638e+00 +2.1215e+00
4319 0 +3.973537700e+01 -4.300146230e+02 -4.300146230e+02 +1.0290e+00 -4.0774e+00 +2.1230e+00
4467 0 +3.547868105e+01 -4.342713190e+02 -4.342713190e+02 +1.0221e+00 -4.0892e+00 +2.1244e+00
4593 0 +3.158402810e+01 -4.381659719e+02 -4.381659719e+02 +1.0163e+00 -4.0994e+00 +2.1259e+00
4703 0 +2.804570247e+01 -4.417042975e+02 -4.417042975e+02 +1.0114e+00 -4.1087e+00 +2.1269e+00
4791 0 +2.506932727e+01 -4.446806727e+02 -4.446806727e+02 +1.0065e+00 -4.1156e+00 +2.1288e+00
4874 0 +2.238441821e+01 -4.473655818e+02 -4.473655818e+02 +1.0026e+00 -4.1224e+00 +2.1303e+00
4955 0 +1.983755250e+01 -4.499124475e+02 -4.499124475e+02 +9.9869e-01 -4.1292e+00 +2.1308e+00
5027 0 +1.777229000e+01 -4.519777100e+02 -4.519777100e+02 +9.9527e-01 -4.1351e+00 +2.1318e+00
5105 0 +1.584587753e+01 -4.539041225e+02 -4.539041225e+02 +9.9185e-01 -4.1414e+00 +2.1322e+00
5187 0 +1.411830021e+01 -4.556316998e+02 -4.556316998e+02 +9.8795e-01 -4.1478e+00 +2.1332e+00
5291 0 +1.256832419e+01 -4.571816758e+02 -4.571816758e+02 +9.8550e-01 -4.1566e+00 +2.1318e+00
5451 0 +1.121262507e+01 -4.585373749e+02 -4.585373749e+02 +9.8208e-01 -4.1666e+00 +2.1300e+00
5765 0 +9.991060487e+00 -4.597589395e+02 -4.597589395e+02 +9.7671e-01 -4.1789e+00 +2.1298e+00
6467 0 +8.906134555e+00 -4.608438654e+02 -4.608438654e+02 +9.6877e-01 -4.1932e+00 +2.1315e+00
6959 0 +7.941922008e+00 -4.618080780e+02 -4.618080780e+02 +9.6303e-01 -4.2033e+00 +2.1329e+00
7445 0 +7.075363899e+00 -4.626746361e+02 -4.626746361e+02 +9.5753e-01 -4.2131e+00 +2.1340e+00
27302 0 +6.309544922e+00 -4.634404551e+02 -4.634404551e+02 +9.3391e-01 -4.2198e+00 +2.1588e+00
30000 0 +6.285275600e+00 -4.634647244e+02 -4.634647244e+02 +9.3217e-01 -4.2174e+00 +2.1622e+00
% f evaluations | g evaluations | best noise-free fitness - Fopt (-5.704700000000e+02) + sum g_i+ | measured fitness | best measured fitness or single-digit g-values | x1 | x2...
1 0 +1.805690743e+07 +1.805633696e+07 +1.805633696e+07 +0.0000e+00 +0.0000e+00 +0.0000e+00
2 0 +1.300515422e+07 +1.300458375e+07 +1.300458375e+07 -2.9289e+00 +0.0000e+00 +0.0000e+00
3 0 +1.236585921e+07 +1.236528874e+07 +1.236528874e+07 -8.3640e-01 +2.0925e+00 +2.0925e+00
8 0 +7.269681781e+06 +7.269111311e+06 +7.269111311e+06 +0.0000e+00 -2.9289e+00 +0.0000e+00
9 0 +6.969792475e+06 +6.969222005e+06 +6.969222005e+06 +2.0925e+00 -8.3640e-01 +2.0925e+00
17 0 +3.323236821e+06 +3.322666351e+06 +3.322666351e+06 +0.0000e+00 +0.0000e+00 +2.9289e+00
18 0 +2.919918390e+06 +2.919347920e+06 +2.919347920e+06 +2.0925e+00 +2.0925e+00 +5.0215e+00
104 0 +1.978453885e+06 +1.977883415e+06 +1.977883415e+06 -2.0013e+00 -1.5779e+00 +2.0041e+00
105 0 +1.602233548e+06 +1.601663078e+06 +1.601663078e+06 -3.0019e+00 -1.5779e+00 +2.0041e+00
107 0 +4.058794880e+05 +4.053090180e+05 +4.053090180e+05 -3.0019e+00 -2.5785e+00 +2.0041e+00
110 0 +4.767981883e+04 +4.710934883e+04 +4.710934883e+04 -3.0019e+00 -2.5785e+00 +3.0048e+00
112 0 +3.475445981e+02 -2.229254019e+02 -2.229254019e+02 -2.0013e+00 -2.5785e+00 +3.0048e+00
136 0 +4.881597553e+01 -5.216540245e+02 -5.216540245e+02 -1.8762e+00 -2.5785e+00 +3.0048e+00
147 0 +4.224221174e+01 -5.282277883e+02 -5.282277883e+02 -1.9388e+00 -2.5785e+00 +3.0048e+00
160 0 +5.997938067e+00 -5.644720619e+02 -5.644720619e+02 -1.9075e+00 -2.5785e+00 +3.0048e+00
209 0 +5.606989331e+00 -5.648630107e+02 -5.648630107e+02 -1.9094e+00 -2.5795e+00 +3.0048e+00
239 0 +5.008658865e+00 -5.654613411e+02 -5.654613411e+02 -1.9046e+00 -2.5815e+00 +3.0048e+00
268 0 +4.427935376e+00 -5.660420646e+02 -5.660420646e+02 -1.8997e+00 -2.5824e+00 +3.0048e+00
322 0 +3.956764555e+00 -5.665132354e+02 -5.665132354e+02 -1.8948e+00 -2.5844e+00 +3.0048e+00
403 0 +3.546485760e+00 -5.669235142e+02 -5.669235142e+02 -1.8894e+00 -2.5864e+00 +3.0045e+00
532 0 +3.157147418e+00 -5.673128526e+02 -5.673128526e+02 -1.8840e+00 -2.5888e+00 +3.0043e+00
658 0 +2.818261638e+00 -5.676517384e+02 -5.676517384e+02 -1.8789e+00 -2.5907e+00 +3.0040e+00
754 0 +2.496759676e+00 -5.679732403e+02 -5.679732403e+02 -1.8750e+00 -2.5929e+00 +3.0035e+00
826 0 +2.223654395e+00 -5.682463456e+02 -5.682463456e+02 -1.8721e+00 -2.5947e+00 +3.0031e+00
880 0 +1.989915797e+00 -5.684800842e+02 -5.684800842e+02 -1.8699e+00 -2.5961e+00 +3.0026e+00
934 0 +1.776962151e+00 -5.686930378e+02 -5.686930378e+02 -1.8677e+00 -2.5971e+00 +3.0023e+00
973 0 +1.582523415e+00 -5.688874766e+02 -5.688874766e+02 -1.8662e+00 -2.5986e+00 +3.0016e+00
1012 0 +1.399197257e+00 -5.690708027e+02 -5.690708027e+02 -1.8645e+00 -2.5995e+00 +3.0013e+00
1049 0 +1.240966291e+00 -5.692290337e+02 -5.692290337e+02 -1.8630e+00 -2.6005e+00 +3.0011e+00
1084 0 +1.110510912e+00 -5.693594891e+02 -5.693594891e+02 -1.8616e+00 -2.6013e+00 +3.0009e+00
1121 0 +9.921936549e-01 -5.694778063e+02 -5.694778063e+02 -1.8601e+00 -2.6020e+00 +3.0009e+00
1157 0 +8.756687711e-01 -5.695943312e+02 -5.695943312e+02 -1.8586e+00 -2.6027e+00 +3.0006e+00
1192 0 +7.881217921e-01 -5.696818782e+02 -5.696818782e+02 -1.8572e+00 -2.6032e+00 +3.0006e+00
1234 0 +7.056921994e-01 -5.697643078e+02 -5.697643078e+02 -1.8555e+00 -2.6037e+00 +3.0006e+00
1271 0 +6.290370880e-01 -5.698409629e+02 -5.698409629e+02 -1.8540e+00 -2.6044e+00 +3.0006e+00
1342 0 +5.596740818e-01 -5.699103259e+02 -5.699103259e+02 -1.8524e+00 -2.6050e+00 +3.0005e+00
1420 0 +4.983076988e-01 -5.699716923e+02 -5.699716923e+02 -1.8509e+00 -2.6059e+00 +3.0002e+00
1492 0 +4.458331341e-01 -5.700241669e+02 -5.700241669e+02 -1.8495e+00 -2.6066e+00 +3.0001e+00
1570 0 +3.979204036e-01 -5.700720796e+02 -5.700720796e+02 -1.8479e+00 -2.6071e+00 +3.0001e+00
1636 0 +3.535412888e-01 -5.701164587e+02 -5.701164587e+02 -1.8465e+00 -2.6077e+00 +3.0000e+00
1696 0 +3.132861069e-01 -5.701567139e+02 -5.701567139e+02 -1.8453e+00 -2.6082e+00 +3.0000e+00
1744 0 +2.801487946e-01 -5.701898512e+02 -5.701898512e+02 -1.8443e+00 -2.6087e+00 +2.9999e+00
1798 0 +2.495822368e-01 -5.702204178e+02 -5.702204178e+02 -1.8432e+00 -2.6091e+00 +2.9999e+00
1852 0 +2.228696803e-01 -5.702471303e+02 -5.702471303e+02 -1.8423e+00 -2.6096e+00 +2.9998e+00
1907 0 +1.988436007e-01 -5.702711564e+02 -5.702711564e+02 -1.8412e+00 -2.6100e+00 +2.9998e+00
2045 0 +1.776734622e-01 -5.702923265e+02 -5.702923265e+02 -1.8398e+00 -2.6107e+00 +2.9996e+00
2425 0 +1.584684200e-01 -5.703115316e+02 -5.703115316e+02 -1.8374e+00 -2.6116e+00 +2.9995e+00
2770 0 +1.410661291e-01 -5.703289339e+02 -5.703289339e+02 -1.8357e+00 -2.6124e+00 +2.9994e+00
10349 0 +1.258921573e-01 -5.703441078e+02 -5.703441078e+02 -1.8344e+00 -2.6155e+00 +2.9975e+00
30000 0 +1.216586174e-01 -5.703483414e+02 -5.703483414e+02 -1.8376e+00 -2.6186e+00 +2.9946e+00
% f evaluations | g evaluations | best noise-free fitness - Fopt (-1.385000000000e+01) + sum g_i+ | measured fitness | best measured fitness or single-digit g-values | x1 | x2...
1 0 +7.018995354e+06 +7.018981504e+06 +7.018981504e+06 +0.0000e+00 +0.0000e+00 +0.0000e+00
3 0 +9.646465167e+05 +9.646326667e+05 +9.646326667e+05 -8.3640e-01 +2.0925e+00 +2.0925e+00
6 0 +7.113770625e+05 +7.113632125e+05 +7.113632125e+05 +5.0215e+00 +2.0925e+00 +2.0925e+00
11 0 +1.160238295e+05 +1.160099795e+05 +1.160099795e+05 +0.0000e+00 +2.9289e+00 +0.0000e+00
15 0 +6.860417602e+04 +6.859032602e+04 +6.859032602e+04 +2.0925e+00 +2.0925e+00 -8.3640e-01
112 0 +6.140017611e+04 +6.138632611e+04 +6.138632611e+04 +4.0026e+00 +1.5807e+00 -3.0019e+00
115 0 +1.825838318e+04 +1.824453318e+04 +1.824453318e+04 +4.0026e+00 +1.5807e+00 -4.0026e+00
117 0 +1.199274748e+04 +1.197889748e+04 +1.197889748e+04 +3.0019e+00 +1.5807e+00 -4.0026e+00
123 0 +8.319349953e+03 +8.305499953e+03 +8.305499953e+03 +2.0013e+00 +1.5807e+00 -4.0026e+00
129 0 +5.720417391e+03 +5.706567391e+03 +5.706567391e+03 +1.0006e+00 +1.5807e+00 -4.0026e+00
135 0 +3.597547016e+03 +3.583697016e+03 +3.583697016e+03 -4.4409e-16 +1.5807e+00 -4.0026e+00
154 0 +3.413553338e+03 +3.399703338e+03 +3.399703338e+03 +2.5016e-01 +1.5807e+00 -4.0026e+00
159 0 +2.553972453e+03 +2.540122453e+03 +2.540122453e+03 -4.4409e-16 +1.5807e+00 -4.2528e+00
165 0 +2.257812290e+03 +2.243962290e+03 +2.243962290e+03 -2.5016e-01 +1.5807e+00 -4.2528e+00
171 0 +2.000503838e+03 +1.986653838e+03 +1.986653838e+03 -5.0032e-01 +1.5807e+00 -4.2528e+00
177 0 +1.385565721e+03 +1.371715721e+03 +1.371715721e+03 -7.5049e-01 +1.5807e+00 -4.2528e+00
183 0 +7.412626320e+02 +7.274126320e+02 +7.274126320e+02 -1.0006e+00 +1.5807e+00 -4.2528e+00
189 0 +5.215091531e+02 +5.076591531e+02 +5.076591531e+02 -1.2508e+00 +1.5807e+00 -4.2528e+00
195 0 +3.744491438e+02 +3.605991438e+02 +3.605991438e+02 -1.5010e+00 +1.5807e+00 -4.2528e+00
201 0 +1.842723665e+02 +1.704223665e+02 +1.704223665e+02 -1.7511e+00 +1.5807e+00 -4.2528e+00
207 0 +1.506883870e+02 +1.368383870e+02 +1.368383870e+02 -2.0013e+00 +1.5807e+00 -4.2528e+00
229 0 +9.123525658e+01 +7.738525658e+01 +7.738525658e+01 -2.0638e+00 +1.5807e+00 -4.3153e+00
231 0 +6.522605640e+01 +5.137605640e+01 +5.137605640e+01 -2.1264e+00 +1.5807e+00 -4.3153e+00
237 0 +4.776433952e+01 +3.391433952e+01 +3.391433952e+01 -2.1889e+00 +1.5807e+00 -4.3153e+00
243 0 +3.313072073e+01 +1.928072073e+01 +1.928072073e+01 -2.2515e+00 +1.5807e+00 -4.3153e+00
249 0 +2.760610249e+01 +1.375610249e+01 +1.375610249e+01 -2.3140e+00 +1.5807e+00 -4.3153e+00
1556 0 +2.511883544e+01 +1.126883544e+01 +1.126883544e+01 -2.3344e+00 +1.5821e+00 -4.3050e+00
30000 0 +2.352333287e+01 +9.673332871e+00 +9.673332871e+00 -2.1896e+00 +1.6138e+00 -4.1656e+00
% f evaluations | g evaluations | best noise-free fitness - Fopt (1.222300000000e+02) + sum g_i+ | measured fitness | best measured fitness or single-digit g-values | x1 | x2...
1 0 +6.929102727e+05 +6.930325027e+05 +6.930325027e+05 +0.0000e+00 +0.0000e+00 +0.0000e+00
3 0 +9.340422371e+04 +9.352645371e+04 +9.352645371e+04 -8.3640e-01 +2.0925e+00 +2.0925e+00
14 0 +4.704745562e+04 +4.716968562e+04 +4.716968562e+04 +0.0000e+00 +0.0000e+00 -2.9289e+00
117 0 +2.840207114e+04 +2.852430114e+04 +2.852430114e+04 +5.8306e-01 +1.0737e+00 -4.0026e+00
134 0 +1.793612486e+04 +1.805835486e+04 +1.805835486e+04 +5.8306e-01 +1.0737e+00 -3.5023e+00
153 0 +1.741684988e+04 +1.753907988e+04 +1.753907988e+04 +5.2052e-01 +1.0737e+00 -3.5023e+00
170 0 +1.581846406e+04 +1.594069406e+04 +1.594069406e+04 +5.2052e-01 +1.0737e+00 -3.3147e+00
188 0 +1.391486233e+04 +1.403709233e+04 +1.403709233e+04 +5.2052e-01 +1.1987e+00 -3.1270e+00
224 0 +1.256521069e+04 +1.268744069e+04 +1.268744069e+04 +4.8925e-01 +1.2300e+00 -2.9707e+00
260 0 +1.120192312e+04 +1.132415312e+04 +1.132415312e+04 +4.5798e-01 +1.2613e+00 -2.7831e+00
302 0 +9.869181611e+03 +9.991411611e+03 +9.991411611e+03 +4.5798e-01 +1.3864e+00 -2.5642e+00
348 0 +8.910533437e+03 +9.032763437e+03 +9.032763437e+03 +4.5798e-01 +1.5114e+00 -2.3453e+00
432 0 +7.926806130e+03 +8.049036130e+03 +8.049036130e+03 +4.4234e-01 +1.6209e+00 -2.0638e+00
524 0 +7.068229036e+03 +7.190459036e+03 +7.190459036e+03 +3.6417e-01 +1.5896e+00 -1.8137e+00
572 0 +6.281660430e+03 +6.403890430e+03 +6.403890430e+03 +2.7036e-01 +1.4958e+00 -1.6886e+00
608 0 +5.603362740e+03 +5.725592740e+03 +5.725592740e+03 +2.0782e-01 +1.4333e+00 -1.5948e+00
638 0 +5.000803374e+03 +5.123033374e+03 +5.123033374e+03 +1.6091e-01 +1.3864e+00 -1.5166e+00
662 0 +4.444410177e+03 +4.566640177e+03 +4.566640177e+03 +1.1401e-01 +1.3395e+00 -1.4541e+00
687 0 +3.953686882e+03 +4.075916882e+03 +4.075916882e+03 +6.7100e-02 +1.3082e+00 -1.3915e+00
710 0 +3.485222076e+03 +3.607452076e+03 +3.607452076e+03 +3.5830e-02 +1.2613e+00 -1.3290e+00
732 0 +3.151122807e+03 +3.273352807e+03 +3.273352807e+03 +4.5594e-03 +1.2457e+00 -1.2821e+00
758 0 +2.805426411e+03 +2.927656411e+03 +2.927656411e+03 +4.5594e-03 +1.2769e+00 -1.2039e+00
794 0 +2.486858642e+03 +2.609088642e+03 +2.609088642e+03 +4.5594e-03 +1.3238e+00 -1.1101e+00
840 0 +2.230904275e+03 +2.353134275e+03 +2.353134275e+03 +4.5594e-03 +1.3864e+00 -1.0006e+00
1275 0 +1.995030339e+03 +2.117260339e+03 +2.117260339e+03 -5.2118e-02 +1.4059e+00 -7.6221e-01
1682 0 +1.773942017e+03 +1.896172017e+03 +1.896172017e+03 -1.4007e-01 +1.3160e+00 -6.2931e-01
1841 0 +1.583860195e+03 +1.706090195e+03 +1.706090195e+03 -1.7524e-01 +1.2808e+00 -5.7850e-01
1953 0 +1.412208844e+03 +1.534438844e+03 +1.534438844e+03 -2.0065e-01 +1.2554e+00 -5.4137e-01
2042 0 +1.258012640e+03 +1.380242640e+03 +1.380242640e+03 -2.2410e-01 +1.2261e+00 -5.1205e-01
2126 0 +1.115394233e+03 +1.237624233e+03 +1.237624233e+03 -2.4560e-01 +1.2027e+00 -4.8469e-01
2204 0 +9.938963546e+02 +1.116126355e+03 +1.116126355e+03 -2.6319e-01 +1.1851e+00 -4.5928e-01
2282 0 +8.859806187e+02 +1.008210619e+03 +1.008210619e+03 -2.7883e-01 +1.1694e+00 -4.3388e-01
2357 0 +7.929605257e+02 +9.151905257e+02 +9.151905257e+02 -2.9642e-01 +1.1518e+00 -4.1042e-01
2438 0 +7.074827559e+02 +8.297127559e+02 +8.297127559e+02 -3.1205e-01 +1.1362e+00 -3.8306e-01
2529 0 +6.307737055e+02 +7.530037055e+02 +7.530037055e+02 -3.3355e-01 +1.1167e+00 -3.5375e-01
2649 0 +5.613737860e+02 +6.836037860e+02 +6.836037860e+02 -3.5896e-01 +1.0913e+00 -3.1466e-01
3011 0 +5.010786817e+02 +6.233086817e+02 +6.233086817e+02 -4.0000e-01 +1.0639e+00 -2.2280e-01
3542 0 +4.461670307e+02 +5.683970307e+02 +5.683970307e+02 -4.5277e-01 +1.0141e+00 -1.3583e-01
3719 0 +3.977617390e+02 +5.199917390e+02 +5.199917390e+02 -4.7329e-01 +9.9353e-01 -1.0749e-01
3845 0 +3.546236299e+02 +4.768536299e+02 +4.768536299e+02 -4.8697e-01 +9.7985e-01 -8.6970e-02
3950 0 +3.155830160e+02 +4.378130160e+02 +4.378130160e+02 -4.9772e-01 +9.6910e-01 -6.9381e-02
4046 0 +2.802322529e+02 +4.024622529e+02 +4.024622529e+02 -5.0847e-01 +9.5836e-01 -5.3746e-02
4130 0 +2.506586678e+02 +3.728886678e+02 +3.728886678e+02 -5.1824e-01 +9.4761e-01 -4.0065e-02
4220 0 +2.226379761e+02 +3.448679761e+02 +3.448679761e+02 -5.2801e-01 +9.3783e-01 -2.5407e-02
4310 0 +1.984466192e+02 +3.206766192e+02 +3.206766192e+02 -5.3778e-01 +9.2806e-01 -1.0749e-02
4406 0 +1.775673471e+02 +2.997973471e+02 +2.997973471e+02 -5.4756e-01 +9.1829e-01 +4.8860e-03
4520 0 +1.579439563e+02 +2.801739563e+02 +2.801739563e+02 -5.6026e-01 +9.0559e-01 +2.3453e-02
4665 0 +1.409672792e+02 +2.631972792e+02 +2.631972792e+02 -5.7590e-01 +8.9093e-01 +4.6905e-02
4847 0 +1.258241090e+02 +2.480541090e+02 +2.480541090e+02 -5.9446e-01 +8.7236e-01 +7.6221e-02
5006 0 +1.121299272e+02 +2.343599272e+02 +2.343599272e+02 -6.0814e-01 +8.6064e-01 +1.0261e-01
5114 0 +9.970279495e+01 +2.219327949e+02 +2.219327949e+02 -6.1889e-01 +8.5086e-01 +1.2020e-01
5198 0 +8.896737199e+01 +2.111973720e+02 +2.111973720e+02 -6.2671e-01 +8.4402e-01 +1.3388e-01
5270 0 +7.913988164e+01 +2.013698816e+02 +2.013698816e+02 -6.3453e-01 +8.3621e-01 +1.4560e-01
5336 0 +7.072376318e+01 +1.929537632e+02 +1.929537632e+02 -6.4137e-01 +8.2937e-01 +1.5635e-01
5403 0 +6.278595191e+01 +1.850159519e+02 +1.850159519e+02 -6.4918e-01 +8.2252e-01 +1.6710e-01
5468 0 +5.604249160e+01 +1.782724916e+02 +1.782724916e+02 -6.5603e-01 +8.1471e-01 +1.7785e-01
5537 0 +5.011664217e+01 +1.723466422e+02 +1.723466422e+02 -6.6384e-01 +8.0689e-01 +1.8860e-01
5618 0 +4.445496576e+01 +1.666849658e+02 +1.666849658e+02 -6.6873e-01 +8.0494e-01 +2.0228e-01
5687 0 +3.969864754e+01 +1.619286475e+02 +1.619286475e+02 -6.7459e-01 +8.0005e-01 +2.1303e-01
5744 0 +3.525651102e+01 +1.574865110e+02 +1.574865110e+02 -6.7948e-01 +7.9614e-01 +2.2280e-01
5792 0 +3.149547570e+01 +1.537254757e+02 +1.537254757e+02 -6.8339e-01 +7.9321e-01 +2.3062e-01
5837 0 +2.803949684e+01 +1.502694968e+02 +1.502694968e+02 -6.8730e-01 +7.9028e-01 +2.3746e-01
5877 0 +2.510595431e+01 +1.473359543e+02 +1.473359543e+02 -6.9023e-01 +7.8930e-01 +2.4430e-01
5918 0 +2.232084896e+01 +1.445508490e+02 +1.445508490e+02 -6.9218e-01 +7.8832e-01 +2.5114e-01
5966 0 +1.992943184e+01 +1.421594318e+02 +1.421594318e+02 -6.9414e-01 +7.8832e-01 +2.5896e-01
6014 0 +1.777598297e+01 +1.400059830e+02 +1.400059830e+02 -6.9707e-01 +7.8735e-01 +2.6677e-01
6102 0 +1.581276365e+01 +1.380427636e+02 +1.380427636e+02 -6.9707e-01 +7.9516e-01 +2.8046e-01
6254 0 +1.412083388e+01 +1.363508339e+02 +1.363508339e+02 -7.0098e-01 +7.9467e-01 +2.9414e-01
6341 0 +1.252406915e+01 +1.347540691e+02 +1.347540691e+02 -7.0586e-01 +7.8979e-01 +3.0098e-01
6392 0 +1.119332888e+01 +1.334233289e+02 +1.334233289e+02 -7.0831e-01 +7.8735e-01 +3.0537e-01
6434 0 +9.899715251e+00 +1.321297153e+02 +1.321297153e+02 -7.1075e-01 +7.8490e-01 +3.0879e-01
6470 0 +8.776827496e+00 +1.310068275e+02 +1.310068275e+02 -7.1270e-01 +7.8295e-01 +3.1173e-01
6500 0 +7.898138757e+00 +1.301281388e+02 +1.301281388e+02 -7.1417e-01 +7.8148e-01 +3.1417e-01
6531 0 +7.057045709e+00 +1.292870457e+02 +1.292870457e+02 -7.1612e-01 +7.8002e-01 +3.1661e-01
6563 0 +6.283685840e+00 +1.285136858e+02 +1.285136858e+02 -7.1759e-01 +7.7806e-01 +3.1905e-01
6597 0 +5.585384782e+00 +1.278153848e+02 +1.278153848e+02 -7.1954e-01 +7.7660e-01 +3.2199e-01
6635 0 +5.008909998e+00 +1.272389100e+02 +1.272389100e+02 -7.2150e-01 +7.7415e-01 +3.2492e-01
6752 0 +4.462699634e+00 +1.266926996e+02 +1.266926996e+02 -7.2443e-01 +7.7195e-01 +3.3078e-01
7706 0 +3.980842950e+00 +1.262108430e+02 +1.262108430e+02 -7.3035e-01 +7.6731e-01 +3.4202e-01
7979 0 +3.547007011e+00 +1.257770070e+02 +1.257770070e+02 -7.3243e-01 +7.6505e-01 +3.4477e-01
8156 0 +3.152894857e+00 +1.253828949e+02 +1.253828949e+02 -7.3396e-01 +7.6328e-01 +3.4660e-01
8300 0 +2.816603767e+00 +1.250466038e+02 +1.250466038e+02 -7.3518e-01 +7.6182e-01 +3.4807e-01
8435 0 +2.510953084e+00 +1.247409531e+02 +1.247409531e+02 -7.3640e-01 +7.6041e-01 +3.4941e-01
8570 0 +2.233691118e+00 +1.244636911e+02 +1.244636911e+02 -7.3756e-01 +7.5907e-01 +3.5081e-01
8720 0 +1.991847173e+00 +1.242218472e+02 +1.242218472e+02 -7.3872e-01 +7.5779e-01 +3.5234e-01
8912 0 +1.776792005e+00 +1.240067920e+02 +1.240067920e+02 -7.4000e-01 +7.5650e-01 +3.5429e-01
9272 0 +1.584723508e+00 +1.238147235e+02 +1.238147235e+02 -7.4239e-01 +7.5412e-01 +3.5796e-01
9791 0 +1.412330041e+00 +1.236423300e+02 +1.236423300e+02 -7.4593e-01 +7.5058e-01 +3.6321e-01
9974 0 +1.258058350e+00 +1.234880583e+02 +1.234880583e+02 -7.4715e-01 +7.4936e-01 +3.6511e-01
10124 0 +1.121878726e+00 +1.233518787e+02 +1.233518787e+02 -7.4813e-01 +7.4838e-01 +3.6663e-01
10287 0 +9.991419037e-01 +1.232291419e+02 +1.232291419e+02 -7.4929e-01 +7.4728e-01 +3.6828e-01
10544 0 +8.909077542e-01 +1.231209078e+02 +1.231209078e+02 -7.5100e-01 +7.4551e-01 +3.7091e-01
10869 0 +7.939296851e-01 +1.230239297e+02 +1.230239297e+02 -7.5295e-01 +7.4380e-01 +3.7421e-01
11192 0 +7.079290146e-01 +1.229379290e+02 +1.229379290e+02 -7.5509e-01 +7.4160e-01 +3.7750e-01
16457 0 +6.309531949e-01 +1.228609532e+02 +1.228609532e+02 -7.5886e-01 +7.3725e-01 +3.8193e-01
30000 0 +6.130432750e-01 +1.228430433e+02 +1.228430433e+02 -7.6243e-01 +7.3128e-01 +3.8259e-01
% f evaluations | g evaluations | best noise-free fitness - Fopt (-4.114000000000e+02) + sum g_i+ | measured fitness | best measured fitness or single-digit g-values | x1 | x2...
1 0 +1.550800853e+06 +1.550389453e+06 +1.550389453e+06 +0.0000e+00 +0.0000e+00 +0.0000e+00
3 0 +8.269511477e+05 +8.265397477e+05 +8.265397477e+05 -8.3640e-01 +2.0925e+00 +2.0925e+00
8 0 +1.488650158e+05 +1.484536158e+05 +1.484536158e+05 +0.0000e+00 -2.9289e+00 +0.0000e+00
16 0 +7.633379199e+04 +7.592239199e+04 +7.592239199e+04 -2.0925e+00 -2.0925e+00 -5.0215e+00
22 0 +4.917075362e+04 +4.875935362e+04 +4.875935362e+04 -7.1099e-01 -1.5168e+00 -1.5168e+00
119 0 +3.790999186e+04 +3.749859186e+04 +3.749859186e+04 +1.0494e+00 -2.6556e+00 +2.8870e+00
121 0 +2.886901121e+04 +2.845761121e+04 +2.845761121e+04 +1.0494e+00 -2.6556e+00 +1.8864e+00
134 0 +1.316371969e+04 +1.275231969e+04 +1.275231969e+04 +1.0494e+00 -2.6556e+00 +2.3867e+00
158 0 +1.240339193e+04 +1.199199193e+04 +1.199199193e+04 +1.0494e+00 -2.5931e+00 +2.4492e+00
230 0 +1.120816291e+04 +1.079676291e+04 +1.079676291e+04 +1.0338e+00 -2.4680e+00 +2.6369e+00
314 0 +9.970381032e+03 +9.558981032e+03 +9.558981032e+03 +1.0025e+00 -2.3116e+00 +2.8245e+00
438 0 +8.895172980e+03 +8.483772980e+03 +8.483772980e+03 +1.0025e+00 -2.1397e+00 +3.1372e+00
680 0 +7.935355074e+03 +7.523955074e+03 +7.523955074e+03 +9.7908e-01 -1.9364e+00 +3.4577e+00
950 0 +7.062111471e+03 +6.650711471e+03 +6.650711471e+03 +9.7127e-01 -1.7331e+00 +3.8095e+00
1056 0 +6.308441436e+03 +5.897041436e+03 +5.897041436e+03 +9.3218e-01 -1.6002e+00 +3.9424e+00
1134 0 +5.574383763e+03 +5.162983763e+03 +5.162983763e+03 +9.0091e-01 -1.4986e+00 +4.0440e+00
1194 0 +4.943496318e+03 +4.532096318e+03 +4.532096318e+03 +8.7746e-01 -1.4204e+00 +4.1222e+00
1242 0 +4.433754094e+03 +4.022354094e+03 +4.022354094e+03 +8.6182e-01 -1.3579e+00 +4.1847e+00
1286 0 +3.977488617e+03 +3.566088617e+03 +3.566088617e+03 +8.4618e-01 -1.3032e+00 +4.2473e+00
1332 0 +3.530842718e+03 +3.119442718e+03 +3.119442718e+03 +8.3055e-01 -1.2406e+00 +4.3020e+00
1374 0 +3.161322056e+03 +2.749922056e+03 +2.749922056e+03 +8.1491e-01 -1.1859e+00 +4.3567e+00
1424 0 +2.796865304e+03 +2.385465304e+03 +2.385465304e+03 +7.9928e-01 -1.1234e+00 +4.4271e+00
1482 0 +2.510331451e+03 +2.098931451e+03 +2.098931451e+03 +7.8364e-01 -1.0608e+00 +4.4974e+00
1610 0 +2.237528746e+03 +1.826128746e+03 +1.826128746e+03 +7.8364e-01 -9.7875e-01 +4.6577e+00
2738 0 +1.995170023e+03 +1.583770023e+03 +1.583770023e+03 +7.3967e-01 -7.5692e-01 +4.9440e+00
3402 0 +1.775778374e+03 +1.364378374e+03 +1.364378374e+03 +7.0645e-01 -6.4845e-01 +5.0486e+00
3708 0 +1.583598106e+03 +1.172198106e+03 +1.172198106e+03 +6.9179e-01 -5.9862e-01 +5.0984e+00
3936 0 +1.410942219e+03 +9.995422194e+02 +9.995422194e+02 +6.8104e-01 -5.6148e-01 +5.1356e+00
4128 0 +1.257046328e+03 +8.456463282e+02 +8.456463282e+02 +6.7224e-01 -5.3021e-01 +5.1668e+00
4302 0 +1.119315820e+03 +7.079158201e+02 +7.079158201e+02 +6.6443e-01 -5.0187e-01 +5.1952e+00
4464 0 +9.979777768e+02 +5.865777768e+02 +5.865777768e+02 +6.5661e-01 -4.7549e-01 +5.2215e+00
4626 0 +8.883362112e+02 +4.769362112e+02 +4.769362112e+02 +6.4879e-01 -4.4911e-01 +5.2479e+00
4788 0 +7.940740222e+02 +3.826740222e+02 +3.826740222e+02 +6.4195e-01 -4.2272e-01 +5.2743e+00
4968 0 +7.073273801e+02 +2.959273801e+02 +2.959273801e+02 +6.3316e-01 -3.9341e-01 +5.3036e+00
5184 0 +6.304458220e+02 +2.190458220e+02 +2.190458220e+02 +6.2338e-01 -3.5823e-01 +5.3388e+00
5520 0 +5.621975136e+02 +1.507975136e+02 +1.507975136e+02 +6.0677e-01 -3.0350e-01 +5.3906e+00
6962 0 +5.011742587e+02 +8.977425871e+01 +8.977425871e+01 +5.8088e-01 -1.8184e-01 +5.5411e+00
7434 0 +4.460572771e+02 +3.465727705e+01 +3.465727705e+01 +5.6964e-01 -1.4324e-01 +5.5792e+00
7728 0 +3.977254211e+02 -1.367457893e+01 -1.367457893e+01 +5.6231e-01 -1.1930e-01 +5.6031e+00
7968 0 +3.543706497e+02 -5.702935027e+01 -5.702935027e+01 +5.5693e-01 -9.9758e-02 +5.6227e+00
8184 0 +3.156621935e+02 -9.573780647e+01 -9.573780647e+01 +5.5156e-01 -8.2168e-02 +5.6403e+00
8388 0 +2.817840364e+02 -1.296159636e+02 -1.296159636e+02 +5.4716e-01 -6.5556e-02 +5.6569e+00
8600 0 +2.511841617e+02 -1.602158383e+02 -1.602158383e+02 +5.4228e-01 -4.8455e-02 +5.6745e+00
8832 0 +2.235785056e+02 -1.878214944e+02 -1.878214944e+02 +5.3690e-01 -2.9400e-02 +5.6930e+00
9108 0 +1.995064364e+02 -2.118935636e+02 -2.118935636e+02 +5.3055e-01 -6.9244e-03 +5.7155e+00
9504 0 +1.777375203e+02 -2.336624797e+02 -2.336624797e+02 +5.2127e-01 +2.5323e-02 +5.7478e+00
9984 0 +1.583639122e+02 -2.530360878e+02 -2.530360878e+02 +5.1003e-01 +6.4411e-02 +5.7869e+00
10302 0 +1.411976012e+02 -2.702023988e+02 -2.702023988e+02 +5.0270e-01 +9.0307e-02 +5.8128e+00
10536 0 +1.257586014e+02 -2.856413986e+02 -2.856413986e+02 +4.9684e-01 +1.0936e-01 +5.8318e+00
10752 0 +1.120511405e+02 -2.993488595e+02 -2.993488595e+02 +4.9195e-01 +1.2695e-01 +5.8494e+00
10980 0 +9.990465298e+01 -3.114953470e+02 -3.114953470e+02 +4.8658e-01 +1.4552e-01 +5.8680e+00
11250 0 +8.901216948e+01 -3.223878305e+02 -3.223878305e+02 +4.8022e-01 +1.6751e-01 +5.8900e+00
11514 0 +7.920172134e+01 -3.321982787e+02 -3.321982787e+02 +4.7387e-01 +1.8900e-01 +5.9115e+00
11724 0 +7.071643813e+01 -3.406835619e+02 -3.406835619e+02 +4.6899e-01 +2.0610e-01 +5.9286e+00
11958 0 +6.297192186e+01 -3.484280781e+02 -3.484280781e+02 +4.6312e-01 +2.2516e-01 +5.9466e+00
12924 0 +5.620486304e+01 -3.551951370e+02 -3.551951370e+02 +4.5482e-01 +2.6107e-01 +5.9889e+00
13410 0 +5.008998670e+01 -3.613100133e+02 -3.613100133e+02 +4.4822e-01 +2.8086e-01 +6.0057e+00
24369 0 +4.466829478e+01 -3.667317052e+02 -3.667317052e+02 +3.9863e-01 +3.4236e-01 +5.9728e+00
30000 0 +4.408915011e+01 -3.673108499e+02 -3.673108499e+02 +3.8492e-01 +3.4890e-01 +5.9441e+00
% f evaluations | g evaluations | best noise-free fitness - Fopt (1.000000000000e+03) + sum g_i+ | measured fitness | best measured fitness or single-digit g-values | x1 | x2...
1 0 +1.025181274e+07 +1.025281274e+07 +1.025281274e+07 +0.0000e+00 +0.0000e+00 +0.0000e+00
4 0 +1.427364588e+06 +1.428364588e+06 +1.428364588e+06 -5.0215e+00 -2.0925e+00 -2.0925e+00
7 0 +4.569739922e+04 +4.669739922e+04 +4.669739922e+04 +8.3640e-01 -2.0925e+00 -2.0925e+00
103 0 +7.173811026e+03 +8.173811026e+03 +8.173811026e+03 +2.4275e+00 -2.0013e+00 -2.0013e+00
106 0 +6.120825993e+03 +7.120825993e+03 +7.120825993e+03 +3.4282e+00 -2.0013e+00 -2.0013e+00
117 0 +1.626411200e+03 +2.626411200e+03 +2.626411200e+03 +2.9279e+00 -2.0013e+00 -2.0013e+00
159 0 +1.574832600e+03 +2.574832600e+03 +2.574832600e+03 +2.9122e+00 -2.0169e+00 -2.0013e+00
181 0 +1.405804833e+03 +2.405804833e+03 +2.405804833e+03 +2.8653e+00 -2.0013e+00 -2.0326e+00
189 0 +1.244645159e+03 +2.244645159e+03 +2.244645159e+03 +2.8340e+00 -1.9857e+00 -2.0482e+00
199 0 +1.078174298e+03 +2.078174298e+03 +2.078174298e+03 +2.8184e+00 -1.9544e+00 -2.0795e+00
205 0 +9.773744774e+02 +1.977374477e+03 +1.977374477e+03 +2.8028e+00 -1.9388e+00 -2.0951e+00
219 0 +8.780199778e+02 +1.878019978e+03 +1.878019978e+03 +2.7559e+00 -1.9388e+00 -2.0951e+00
259 0 +7.934464154e+02 +1.793446415e+03 +1.793446415e+03 +2.6855e+00 -1.9544e+00 -2.1029e+00
291 0 +6.982842511e+02 +1.698284251e+03 +1.698284251e+03 +2.6386e+00 -1.9466e+00 -2.1186e+00
307 0 +6.293610222e+02 +1.629361022e+03 +1.629361022e+03 +2.6230e+00 -1.9231e+00 -2.1420e+00
330 0 +5.615093311e+02 +1.561509331e+03 +1.561509331e+03 +2.5917e+00 -1.8919e+00 -2.1655e+00
573 0 +5.010645675e+02 +1.501064568e+03 +1.501064568e+03 +2.5077e+00 -1.8489e+00 -2.2212e+00
1269 0 +4.464961401e+02 +1.446496140e+03 +1.446496140e+03 +2.4481e+00 -1.7936e+00 -2.2774e+00
1519 0 +3.981062932e+02 +1.398106293e+03 +1.398106293e+03 +2.4280e+00 -1.7731e+00 -2.2979e+00
1699 0 +3.545717550e+02 +1.354571755e+03 +1.354571755e+03 +2.4134e+00 -1.7585e+00 -2.3125e+00
1849 0 +3.157276494e+02 +1.315727649e+03 +1.315727649e+03 +2.4011e+00 -1.7462e+00 -2.3248e+00
1983 0 +2.815546860e+02 +1.281554686e+03 +1.281554686e+03 +2.3899e+00 -1.7355e+00 -2.3355e+00
2112 0 +2.509831153e+02 +1.250983115e+03 +1.250983115e+03 +2.3797e+00 -1.7248e+00 -2.3458e+00
2238 0 +2.237308651e+02 +1.223730865e+03 +1.223730865e+03 +2.3694e+00 -1.7145e+00 -2.3560e+00
2365 0 +1.994665649e+02 +1.199466565e+03 +1.199466565e+03 +2.3591e+00 -1.7042e+00 -2.3668e+00
2509 0 +1.775494710e+02 +1.177549471e+03 +1.177549471e+03 +2.3474e+00 -1.6930e+00 -2.3785e+00
2677 0 +1.582529659e+02 +1.158252966e+03 +1.158252966e+03 +2.3337e+00 -1.6798e+00 -2.3922e+00
2893 0 +1.412090469e+02 +1.141209047e+03 +1.141209047e+03 +2.3161e+00 -1.6627e+00 -2.4098e+00
3159 0 +1.258805360e+02 +1.125880536e+03 +1.125880536e+03 +2.2941e+00 -1.6417e+00 -2.4313e+00
3366 0 +1.121109748e+02 +1.112110975e+03 +1.112110975e+03 +2.2775e+00 -1.6246e+00 -2.4479e+00
3510 0 +9.994443875e+01 +1.099944439e+03 +1.099944439e+03 +2.2658e+00 -1.6129e+00 -2.4596e+00
3625 0 +8.893219920e+01 +1.088932199e+03 +1.088932199e+03 +2.2565e+00 -1.6036e+00 -2.4694e+00
3727 0 +7.920942068e+01 +1.079209421e+03 +1.079209421e+03 +2.2482e+00 -1.5953e+00 -2.4777e+00
3823 0 +7.061334651e+01 +1.070613347e+03 +1.070613347e+03 +2.2404e+00 -1.5875e+00 -2.4855e+00
3921 0 +6.303009429e+01 +1.063030094e+03 +1.063030094e+03 +2.2321e+00 -1.5801e+00 -2.4933e+00
4021 0 +5.621635860e+01 +1.056216359e+03 +1.056216359e+03 +2.2243e+00 -1.5718e+00 -2.5016e+00
4128 0 +5.009551520e+01 +1.050095515e+03 +1.050095515e+03 +2.2155e+00 -1.5630e+00 -2.5099e+00
4231 0 +4.451258048e+01 +1.044512580e+03 +1.044512580e+03 +2.2072e+00 -1.5547e+00 -2.5187e+00
4321 0 +3.960463307e+01 +1.039604633e+03 +1.039604633e+03 +2.1998e+00 -1.5474e+00 -2.5261e+00
4398 0 +3.533962456e+01 +1.035339625e+03 +1.035339625e+03 +2.1935e+00 -1.5415e+00 -2.5319e+00
4461 0 +3.156492790e+01 +1.031564928e+03 +1.031564928e+03 +2.1881e+00 -1.5366e+00 -2.5373e+00
4519 0 +2.817019465e+01 +1.028170195e+03 +1.028170195e+03 +2.1837e+00 -1.5318e+00 -2.5422e+00
4578 0 +2.504633190e+01 +1.025046332e+03 +1.025046332e+03 +2.1788e+00 -1.5269e+00 -2.5466e+00
4638 0 +2.232216403e+01 +1.022322164e+03 +1.022322164e+03 +2.1740e+00 -1.5220e+00 -2.5515e+00
4705 0 +1.994729506e+01 +1.019947295e+03 +1.019947295e+03 +2.1686e+00 -1.5166e+00 -2.5573e+00
4821 0 +1.777958471e+01 +1.017779585e+03 +1.017779585e+03 +2.1588e+00 -1.5093e+00 -2.5651e+00
4947 0 +1.577735579e+01 +1.015777356e+03 +1.015777356e+03 +2.1485e+00 -1.5010e+00 -2.5739e+00
5001 0 +1.410848632e+01 +1.014108486e+03 +1.014108486e+03 +2.1441e+00 -1.4966e+00 -2.5783e+00
5041 0 +1.249255696e+01 +1.012492557e+03 +1.012492557e+03 +2.1412e+00 -1.4932e+00 -2.5818e+00
5071 0 +1.117927390e+01 +1.011179274e+03 +1.011179274e+03 +2.1388e+00 -1.4907e+00 -2.5842e+00
5101 0 +9.908887436e+00 +1.009908887e+03 +1.009908887e+03 +2.1363e+00 -1.4883e+00 -2.5866e+00
5131 0 +8.787735905e+00 +1.008787736e+03 +1.008787736e+03 +2.1339e+00 -1.4858e+00 -2.5891e+00
5172 0 +7.925528546e+00 +1.007925529e+03 +1.007925529e+03 +2.1305e+00 -1.4839e+00 -2.5910e+00
5217 0 +7.026417958e+00 +1.007026418e+03 +1.007026418e+03 +2.1266e+00 -1.4805e+00 -2.5949e+00
5989 0 +6.308605009e+00 +1.006308605e+03 +1.006308605e+03 +2.1145e+00 -1.4722e+00 -2.6039e+00
6307 0 +5.618646746e+00 +1.005618647e+03 +1.005618647e+03 +2.1113e+00 -1.4690e+00 -2.6071e+00
6511 0 +5.003018241e+00 +1.005003018e+03 +1.005003018e+03 +2.1092e+00 -1.4669e+00 -2.6092e+00
6709 0 +4.461128172e+00 +1.004461128e+03 +1.004461128e+03 +2.1072e+00 -1.4649e+00 -2.6112e+00
6996 0 +3.980927378e+00 +1.003980927e+03 +1.003980927e+03 +2.1043e+00 -1.4621e+00 -2.6141e+00
7687 0 +3.546988901e+00 +1.003546989e+03 +1.003546989e+03 +2.0972e+00 -1.4552e+00 -2.6211e+00
8113 0 +3.162277424e+00 +1.003162277e+03 +1.003162277e+03 +2.0929e+00 -1.4511e+00 -2.6252e+00
12099 0 +2.818276603e+00 +1.002818277e+03 +1.002818277e+03 +2.0687e+00 -1.4489e+00 -2.6320e+00
30000 0 +2.598914701e+00 +1.002598915e+03 +1.002598915e+03 +2.0218e+00 -1.4734e+00 -2.6219e+00
% f evaluations | g evaluations | best noise-free fitness - Fopt (6.730000000000e+00) + sum g_i+ | measured fitness | best measured fitness or single-digit g-values | x1 | x2...
1 0 +3.185869375e+06 +3.185876105e+06 +3.185876105e+06 +0.0000e+00 +0.0000e+00 +0.0000e+00
2 0 +4.978325362e+05 +4.978392662e+05 +4.978392662e+05 -2.9289e+00 +0.0000e+00 +0.0000e+00
3 0 +1.316122121e+05 +1.316189421e+05 +1.316189421e+05 -8.3640e-01 +2.0925e+00 +2.0925e+00
11 0 +3.222848338e+03 +3.229578338e+03 +3.229578338e+03 +0.0000e+00 +2.9289e+00 +0.0000e+00
529 0 +3.146204474e+03 +3.152934474e+03 +3.152934474e+03 +1.0680e-01 +2.8020e+00 +1.6104e+00
579 0 +2.804648974e+03 +2.811378974e+03 +2.811378974e+03 +5.9899e-02 +2.7707e+00 +1.4853e+00
617 0 +2.447367818e+03 +2.454097818e+03 +2.454097818e+03 +2.8628e-02 +2.7238e+00 +1.3915e+00
649 0 +2.218548409e+03 +2.225278409e+03 +2.225278409e+03 +1.2993e-02 +2.7082e+00 +1.2977e+00
677 0 +1.939472047e+03 +1.946202047e+03 +1.946202047e+03 -1.8277e-02 +2.6769e+00 +1.2352e+00
695 0 +1.775106523e+03 +1.781836523e+03 +1.781836523e+03 -3.3912e-02 +2.6612e+00 +1.1883e+00
715 0 +1.583618840e+03 +1.590348840e+03 +1.590348840e+03 -4.9547e-02 +2.6456e+00 +1.1257e+00
739 0 +1.399902901e+03 +1.406632901e+03 +1.406632901e+03 -6.5182e-02 +2.6300e+00 +1.0632e+00
757 0 +1.245429916e+03 +1.252159916e+03 +1.252159916e+03 -8.0818e-02 +2.6143e+00 +1.0163e+00
773 0 +1.121906468e+03 +1.128636468e+03 +1.128636468e+03 -9.6453e-02 +2.5987e+00 +9.8501e-01
797 0 +9.638188646e+02 +9.705488646e+02 +9.705488646e+02 -1.1209e-01 +2.5831e+00 +9.2247e-01
815 0 +8.403266506e+02 +8.470566506e+02 +8.470566506e+02 -1.2772e-01 +2.5674e+00 +8.7557e-01
831 0 +7.899300784e+02 +7.966600784e+02 +7.966600784e+02 -1.4336e-01 +2.5674e+00 +8.2866e-01
841 0 +7.070707408e+02 +7.138007408e+02 +7.138007408e+02 -1.4336e-01 +2.5518e+00 +7.9739e-01
857 0 +6.211270499e+02 +6.278570499e+02 +6.278570499e+02 -1.5899e-01 +2.5362e+00 +7.6612e-01
875 0 +5.388644028e+02 +5.455944028e+02 +5.455944028e+02 -1.7463e-01 +2.5205e+00 +7.1922e-01
893 0 +4.692695305e+02 +4.759995305e+02 +4.759995305e+02 -1.9026e-01 +2.5049e+00 +6.7231e-01
913 0 +4.324204151e+02 +4.391504151e+02 +4.391504151e+02 -1.9026e-01 +2.5205e+00 +6.0977e-01
931 0 +3.937309210e+02 +4.004609210e+02 +4.004609210e+02 -1.9026e-01 +2.5205e+00 +5.6287e-01
975 0 +3.518881331e+02 +3.586181331e+02 +3.586181331e+02 -2.0590e-01 +2.5127e+00 +5.0032e-01
1013 0 +3.041462718e+02 +3.108762718e+02 +3.108762718e+02 -2.2153e-01 +2.4893e+00 +4.5342e-01
1051 0 +2.817232437e+02 +2.884532437e+02 +2.884532437e+02 -2.2153e-01 +2.4971e+00 +3.9870e-01
1105 0 +2.505527193e+02 +2.572827193e+02 +2.572827193e+02 -2.2935e-01 +2.4971e+00 +3.2834e-01
1159 0 +2.233175994e+02 +2.300475994e+02 +2.300475994e+02 -2.2935e-01 +2.5049e+00 +2.5798e-01
1211 0 +1.878064980e+02 +1.945364980e+02 +1.945364980e+02 -2.3717e-01 +2.4971e+00 +1.9544e-01
1231 0 +1.764370777e+02 +1.831670777e+02 +1.831670777e+02 -2.3717e-01 +2.5049e+00 +1.6417e-01
1261 0 +1.570760376e+02 +1.638060376e+02 +1.638060376e+02 -2.3717e-01 +2.5049e+00 +1.2508e-01
1283 0 +1.378317352e+02 +1.445617352e+02 +1.445617352e+02 -2.4499e-01 +2.4971e+00 +1.0163e-01
1309 0 +1.214671303e+02 +1.281971303e+02 +1.281971303e+02 -2.4499e-01 +2.5049e+00 +6.2541e-02
1327 0 +1.101771213e+02 +1.169071213e+02 +1.169071213e+02 -2.4499e-01 +2.5049e+00 +3.9088e-02
1355 0 +9.070667907e+01 +9.743667907e+01 +9.743667907e+01 -2.5280e-01 +2.4971e+00 +7.8176e-03
1357 0 +8.892651807e+01 +9.565651807e+01 +9.565651807e+01 -2.5280e-01 +2.4971e+00 +4.2223e-15
1381 0 +7.760946657e+01 +8.433946657e+01 +8.433946657e+01 -2.5280e-01 +2.5049e+00 -3.1270e-02
1399 0 +6.912162304e+01 +7.585162304e+01 +7.585162304e+01 -2.5280e-01 +2.5049e+00 -5.4723e-02
1425 0 +6.087223910e+01 +6.760223910e+01 +6.760223910e+01 -2.5671e-01 +2.5049e+00 -7.8176e-02
1447 0 +5.575847187e+01 +6.248847187e+01 +6.248847187e+01 -2.5671e-01 +2.5049e+00 -9.3811e-02
1481 0 +4.935988344e+01 +5.608988344e+01 +5.608988344e+01 -2.6062e-01 +2.5010e+00 -1.1335e-01
1501 0 +4.442292761e+01 +5.115292761e+01 +5.115292761e+01 -2.6453e-01 +2.4971e+00 -1.2899e-01
1537 0 +3.969208507e+01 +4.642208507e+01 +4.642208507e+01 -2.6453e-01 +2.5010e+00 -1.5244e-01
1579 0 +3.514968339e+01 +4.187968339e+01 +4.187968339e+01 -2.6453e-01 +2.5049e+00 -1.7980e-01
1623 0 +3.153872927e+01 +3.826872927e+01 +3.826872927e+01 -2.6844e-01 +2.5049e+00 -2.0717e-01
1627 0 +2.807714029e+01 +3.480714029e+01 +3.480714029e+01 -2.6844e-01 +2.5010e+00 -2.1107e-01
1651 0 +2.510943608e+01 +3.183943608e+01 +3.183943608e+01 -2.6844e-01 +2.5049e+00 -2.2671e-01
1675 0 +2.208526319e+01 +2.881526319e+01 +2.881526319e+01 -2.6844e-01 +2.5049e+00 -2.4234e-01
1697 0 +1.802911239e+01 +2.475911239e+01 +2.475911239e+01 -2.7235e-01 +2.5010e+00 -2.5407e-01
1699 0 +1.748503009e+01 +2.421503009e+01 +2.421503009e+01 -2.7235e-01 +2.5010e+00 -2.5798e-01
1717 0 +1.563160214e+01 +2.236160214e+01 +2.236160214e+01 -2.7235e-01 +2.5049e+00 -2.6971e-01
1729 0 +1.365864046e+01 +2.038864046e+01 +2.038864046e+01 -2.7235e-01 +2.5049e+00 -2.7752e-01
1741 0 +1.232597581e+01 +1.905597581e+01 +1.905597581e+01 -2.7235e-01 +2.5049e+00 -2.8534e-01
1767 0 +1.003637033e+01 +1.676637033e+01 +1.676637033e+01 -2.7430e-01 +2.5049e+00 -2.9707e-01
1771 0 +9.621293569e+00 +1.635129357e+01 +1.635129357e+01 -2.7430e-01 +2.5049e+00 -2.9902e-01
1789 0 +8.681163772e+00 +1.541116377e+01 +1.541116377e+01 -2.7430e-01 +2.5049e+00 -3.0489e-01
1819 0 +7.902708057e+00 +1.463270806e+01 +1.463270806e+01 -2.7430e-01 +2.5049e+00 -3.1466e-01
1823 0 +7.056465656e+00 +1.378646566e+01 +1.378646566e+01 -2.7626e-01 +2.5029e+00 -3.1466e-01
1849 0 +6.120922416e+00 +1.285092242e+01 +1.285092242e+01 -2.7626e-01 +2.5049e+00 -3.2443e-01
1867 0 +5.595548412e+00 +1.232554841e+01 +1.232554841e+01 -2.7626e-01 +2.5049e+00 -3.3029e-01
1895 0 +4.790179178e+00 +1.152017918e+01 +1.152017918e+01 -2.7821e-01 +2.5029e+00 -3.3811e-01
1951 0 +4.463350641e+00 +1.119335064e+01 +1.119335064e+01 -2.7870e-01 +2.5029e+00 -3.4153e-01
2021 0 +3.960077814e+00 +1.069007781e+01 +1.069007781e+01 -2.8065e-01 +2.5010e+00 -3.4690e-01
2099 0 +3.517664733e+00 +1.024766473e+01 +1.024766473e+01 -2.8261e-01 +2.4990e+00 -3.5326e-01
2177 0 +3.120461885e+00 +9.850461885e+00 +9.850461885e+00 -2.8456e-01 +2.4971e+00 -3.5961e-01
2237 0 +2.806835628e+00 +9.536835628e+00 +9.536835628e+00 -2.8603e-01 +2.4956e+00 -3.6449e-01
2291 0 +2.470976496e+00 +9.200976496e+00 +9.200976496e+00 -2.8749e-01 +2.4941e+00 -3.6889e-01
2333 0 +2.201703115e+00 +8.931703115e+00 +8.931703115e+00 -2.8847e-01 +2.4932e+00 -3.7231e-01
2369 0 +1.936962146e+00 +8.666962146e+00 +8.666962146e+00 -2.8945e-01 +2.4922e+00 -3.7524e-01
2395 0 +1.760111402e+00 +8.490111402e+00 +8.490111402e+00 -2.8994e-01 +2.4917e+00 -3.7769e-01
2427 0 +1.580119972e+00 +8.310119972e+00 +8.310119972e+00 -2.9091e-01 +2.4912e+00 -3.8013e-01
2447 0 +1.386917937e+00 +8.116917937e+00 +8.116917937e+00 -2.9140e-01 +2.4902e+00 -3.8160e-01
2471 0 +1.248202375e+00 +7.978202375e+00 +7.978202375e+00 -2.9189e-01 +2.4897e+00 -3.8355e-01
2497 0 +1.111165049e+00 +7.841165049e+00 +7.841165049e+00 -2.9238e-01 +2.4893e+00 -3.8599e-01
2527 0 +9.937833750e-01 +7.723783375e+00 +7.723783375e+00 -2.9287e-01 +2.4888e+00 -3.8844e-01
2549 0 +8.545433540e-01 +7.584543354e+00 +7.584543354e+00 -2.9385e-01 +2.4878e+00 -3.8990e-01
2575 0 +7.895518146e-01 +7.519551815e+00 +7.519551815e+00 -2.9385e-01 +2.4883e+00 -3.9234e-01
2623 0 +7.059480340e-01 +7.435948034e+00 +7.435948034e+00 -2.9385e-01 +2.4888e+00 -3.9625e-01
2677 0 +6.231096259e-01 +7.353109626e+00 +7.353109626e+00 -2.9385e-01 +2.4893e+00 -4.0065e-01
2725 0 +5.602990143e-01 +7.290299014e+00 +7.290299014e+00 -2.9385e-01 +2.4897e+00 -4.0456e-01
2779 0 +4.845115364e-01 +7.214511536e+00 +7.214511536e+00 -2.9385e-01 +2.4902e+00 -4.0896e-01
2809 0 +4.432421808e-01 +7.173242181e+00 +7.173242181e+00 -2.9385e-01 +2.4902e+00 -4.1140e-01
2845 0 +3.935693232e-01 +7.123569323e+00 +7.123569323e+00 -2.9385e-01 +2.4907e+00 -4.1433e-01
2917 0 +3.539928032e-01 +7.083992803e+00 +7.083992803e+00 -2.9421e-01 +2.4905e+00 -4.1690e-01
3271 0 +3.161201364e-01 +7.046120136e+00 +7.046120136e+00 -2.9531e-01 +2.4895e+00 -4.2148e-01
30000 0 +2.856063472e-01 +7.015606347e+00 +7.015606347e+00 -2.9864e-01 +2.4851e+00 -4.2245e-01
% f evaluations | g evaluations | best noise-free fitness - Fopt (2.632300000000e+02) + sum g_i+ | measured fitness | best measured fitness or single-digit g-values | x1 | x2...
1 0 +5.133849531e+05 +5.136481831e+05 +5.136481831e+05 +0.0000e+00 +0.0000e+00 +0.0000e+00
7 0 +1.392892611e+05 +1.395524911e+05 +1.395524911e+05 +8.3640e-01 -2.0925e+00 -2.0925e+00
24 0 +1.472668511e+04 +1.498991511e+04 +1.498991511e+04 +3.6399e+00 +4.4458e+00 +1.5168e+00
36 0 +3.352282313e+02 +5.984582313e+02 +5.984582313e+02 +1.5168e+00 +4.4458e+00 +3.6399e+00
3165 0 +3.157875300e+02 +5.790175300e+02 +5.790175300e+02 -1.6174e+00 -7.9712e-01 +2.3018e+00
3386 0 +2.813353807e+02 +5.445653807e+02 +5.445653807e+02 -1.6526e+00 -8.0005e-01 +2.3379e+00
3590 0 +2.511776362e+02 +5.144076362e+02 +5.144076362e+02 -1.6858e+00 -8.0396e-01 +2.3712e+00
3764 0 +2.237425157e+02 +4.869725157e+02 +4.869725157e+02 -1.7142e+00 -8.0591e-01 +2.3995e+00
3914 0 +1.989511703e+02 +4.621811703e+02 +4.621811703e+02 -1.7386e+00 -8.0787e-01 +2.4239e+00
4040 0 +1.771949194e+02 +4.404249194e+02 +4.404249194e+02 -1.7591e+00 -8.0982e-01 +2.4445e+00
4148 0 +1.582241461e+02 +4.214541461e+02 +4.214541461e+02 -1.7767e+00 -8.1178e-01 +2.4620e+00
4245 0 +1.406875389e+02 +4.039175389e+02 +4.039175389e+02 -1.7933e+00 -8.1373e-01 +2.4777e+00
4334 0 +1.257138333e+02 +3.889438333e+02 +3.889438333e+02 -1.8070e+00 -8.1471e-01 +2.4923e+00
4413 0 +1.121737333e+02 +3.754037333e+02 +3.754037333e+02 -1.8207e+00 -8.1568e-01 +2.5050e+00
4496 0 +9.948191094e+01 +3.627119109e+02 +3.627119109e+02 -1.8334e+00 -8.1666e-01 +2.5187e+00
4569 0 +8.897600412e+01 +3.522060041e+02 +3.522060041e+02 -1.8461e+00 -8.1862e-01 +2.5305e+00
4652 0 +7.931450203e+01 +3.425445020e+02 +3.425445020e+02 -1.8588e+00 -8.2057e-01 +2.5432e+00
4730 0 +7.076549375e+01 +3.339954937e+02 +3.339954937e+02 -1.8715e+00 -8.2252e-01 +2.5549e+00
4887 0 +6.308732088e+01 +3.263173209e+02 +3.263173209e+02 -1.8857e+00 -8.2595e-01 +2.5666e+00
5048 0 +5.616084449e+01 +3.193908445e+02 +3.193908445e+02 -1.8984e+00 -8.2692e-01 +2.5798e+00
5205 0 +5.006084066e+01 +3.132908407e+02 +3.132908407e+02 -1.9116e+00 -8.2839e-01 +2.5925e+00
5367 0 +4.462481638e+01 +3.078548164e+02 +3.078548164e+02 -1.9248e+00 -8.3034e-01 +2.6047e+00
5510 0 +3.966074287e+01 +3.028907429e+02 +3.028907429e+02 -1.9360e+00 -8.3132e-01 +2.6164e+00
5630 0 +3.535703704e+01 +2.985870370e+02 +2.985870370e+02 -1.9458e+00 -8.3230e-01 +2.6262e+00
5732 0 +3.160547663e+01 +2.948354766e+02 +2.948354766e+02 -1.9541e+00 -8.3327e-01 +2.6345e+00
5822 0 +2.815031722e+01 +2.913803172e+02 +2.913803172e+02 -1.9614e+00 -8.3376e-01 +2.6419e+00
5907 0 +2.492411852e+01 +2.881541185e+02 +2.881541185e+02 -1.9687e+00 -8.3474e-01 +2.6487e+00
5979 0 +2.236596668e+01 +2.855959667e+02 +2.855959667e+02 -1.9746e+00 -8.3523e-01 +2.6546e+00
6062 0 +1.990078770e+01 +2.831307877e+02 +2.831307877e+02 -1.9809e+00 -8.3621e-01 +2.6609e+00
6141 0 +1.774449933e+01 +2.809744993e+02 +2.809744993e+02 -1.9878e+00 -8.3718e-01 +2.6668e+00
6285 0 +1.580855019e+01 +2.790385502e+02 +2.790385502e+02 -1.9958e+00 -8.4011e-01 +2.6731e+00
6489 0 +1.410246551e+01 +2.773324655e+02 +2.773324655e+02 -2.0041e+00 -8.4109e-01 +2.6812e+00
7023 0 +1.258828971e+01 +2.758182897e+02 +2.758182897e+02 -2.0166e+00 -8.4341e-01 +2.6925e+00
7761 0 +1.121239179e+01 +2.744423918e+02 +2.744423918e+02 -2.0316e+00 -8.4610e-01 +2.7065e+00
8265 0 +9.992966856e+00 +2.732229669e+02 +2.732229669e+02 -2.0419e+00 -8.4720e-01 +2.7166e+00
26543 0 +8.912489639e+00 +2.721424896e+02 +2.721424896e+02 -2.0801e+00 -8.7440e-01 +2.7333e+00
30000 0 +8.888969167e+00 +2.721189692e+02 +2.721189692e+02 -2.0830e+00 -8.7880e-01 +2.7324e+00
% f evaluations | g evaluations | best noise-free fitness - Fopt (1.803000000000e+02) + sum g_i+ | measured fitness | best measured fitness or single-digit g-values | x1 | x2...
1 0 +1.080262135e+07 +1.080280165e+07 +1.080280165e+07 +0.0000e+00 +0.0000e+00 +0.0000e+00
2 0 +1.662851960e+06 +1.663032260e+06 +1.663032260e+06 -2.9289e+00 +0.0000e+00 +0.0000e+00
10 0 +1.289981330e+06 +1.290161630e+06 +1.290161630e+06 -2.0925e+00 -5.0215e+00 -2.0925e+00
13 0 +7.284743973e+05 +7.286546973e+05 +7.286546973e+05 -2.0925e+00 +8.3640e-01 -2.0925e+00
103 0 +1.391097621e+05 +1.392900621e+05 +1.392900621e+05 -1.5807e+00 -2.0013e+00 -2.0013e+00
107 0 +9.329574496e+03 +9.509874496e+03 +9.509874496e+03 -1.5807e+00 -3.0019e+00 -2.0013e+00
131 0 +8.685507233e+03 +8.865807233e+03 +8.865807233e+03 -1.5807e+00 -3.1270e+00 -2.0013e+00
150 0 +7.941327967e+03 +8.121627967e+03 +8.121627967e+03 -1.5807e+00 -3.0019e+00 -2.0638e+00
222 0 +7.031409967e+03 +7.211709967e+03 +7.211709967e+03 -1.5963e+00 -2.8456e+00 -2.1420e+00
282 0 +6.259283857e+03 +6.439583857e+03 +6.439583857e+03 -1.5963e+00 -2.6892e+00 -2.2358e+00
372 0 +5.614220113e+03 +5.794520113e+03 +5.794520113e+03 -1.6042e+00 -2.5407e+00 -2.3140e+00
492 0 +4.999031469e+03 +5.179331469e+03 +5.179331469e+03 -1.6042e+00 -2.3844e+00 -2.4156e+00
619 0 +4.457518230e+03 +4.637818230e+03 +4.637818230e+03 -1.6042e+00 -2.2202e+00 -2.5173e+00
750 0 +3.961680735e+03 +4.141980735e+03 +4.141980735e+03 -1.6042e+00 -2.0482e+00 -2.6189e+00
930 0 +3.546470690e+03 +3.726770690e+03 +3.726770690e+03 -1.6120e+00 -1.8958e+00 -2.7010e+00
1146 0 +3.155643011e+03 +3.335943011e+03 +3.335943011e+03 -1.6237e+00 -1.7550e+00 -2.7752e+00
1326 0 +2.814043756e+03 +2.994343756e+03 +2.994343756e+03 -1.6315e+00 -1.6378e+00 -2.8339e+00
1476 0 +2.509727715e+03 +2.690027715e+03 +2.690027715e+03 -1.6393e+00 -1.5401e+00 -2.8808e+00
1602 0 +2.227858218e+03 +2.408158218e+03 +2.408158218e+03 -1.6511e+00 -1.4580e+00 -2.9199e+00
1704 0 +1.988464042e+03 +2.168764042e+03 +2.168764042e+03 -1.6667e+00 -1.3915e+00 -2.9394e+00
1800 0 +1.767980358e+03 +1.948280358e+03 +1.948280358e+03 -1.6745e+00 -1.3290e+00 -2.9629e+00
1879 0 +1.584636629e+03 +1.764936629e+03 +1.764936629e+03 -1.6823e+00 -1.2782e+00 -2.9863e+00
1956 0 +1.408049865e+03 +1.588349865e+03 +1.588349865e+03 -1.6901e+00 -1.2274e+00 -3.0059e+00
2028 0 +1.253904380e+03 +1.434204380e+03 +1.434204380e+03 -1.6941e+00 -1.1805e+00 -3.0293e+00
2094 0 +1.120827064e+03 +1.301127064e+03 +1.301127064e+03 -1.6980e+00 -1.1375e+00 -3.0489e+00
2160 0 +9.968537951e+02 +1.177153795e+03 +1.177153795e+03 -1.6980e+00 -1.0945e+00 -3.0762e+00
2221 0 +8.905055504e+02 +1.070805550e+03 +1.070805550e+03 -1.7019e+00 -1.0554e+00 -3.0958e+00
2286 0 +7.886789527e+02 +9.689789527e+02 +9.689789527e+02 -1.7019e+00 -1.0124e+00 -3.1192e+00
2341 0 +7.077508207e+02 +8.880508207e+02 +8.880508207e+02 -1.7058e+00 -9.7720e-01 -3.1388e+00
2401 0 +6.308908933e+02 +8.111908933e+02 +8.111908933e+02 -1.7058e+00 -9.3811e-01 -3.1622e+00
2466 0 +5.584232341e+02 +7.387232341e+02 +7.387232341e+02 -1.7058e+00 -8.9511e-01 -3.1857e+00
2526 0 +5.002381408e+02 +6.805381408e+02 +6.805381408e+02 -1.7058e+00 -8.5602e-01 -3.2091e+00
2592 0 +4.437226514e+02 +6.240226514e+02 +6.240226514e+02 -1.7058e+00 -8.1303e-01 -3.2365e+00
2725 0 +3.973713480e+02 +5.776713480e+02 +5.776713480e+02 -1.7097e+00 -7.7199e-01 -3.2580e+00
2868 0 +3.545754738e+02 +5.348754738e+02 +5.348754738e+02 -1.7097e+00 -7.2508e-01 -3.2853e+00
3024 0 +3.149926557e+02 +4.952926557e+02 +4.952926557e+02 -1.7097e+00 -6.7427e-01 -3.3166e+00
3174 0 +2.814541860e+02 +4.617541860e+02 +4.617541860e+02 -1.7097e+00 -6.2541e-01 -3.3459e+00
3318 0 +2.496643662e+02 +4.299643662e+02 +4.299643662e+02 -1.7097e+00 -5.7850e-01 -3.3752e+00
3433 0 +2.237685555e+02 +4.040685555e+02 +4.040685555e+02 -1.7097e+00 -5.4137e-01 -3.3987e+00
3535 0 +1.990305890e+02 +3.793305890e+02 +3.793305890e+02 -1.7097e+00 -5.0814e-01 -3.4182e+00
3624 0 +1.762692969e+02 +3.565692969e+02 +3.565692969e+02 -1.7097e+00 -4.7883e-01 -3.4358e+00
3696 0 +1.579537339e+02 +3.382537339e+02 +3.382537339e+02 -1.7097e+00 -4.5537e-01 -3.4495e+00
3762 0 +1.407300059e+02 +3.210300059e+02 +3.210300059e+02 -1.7097e+00 -4.3388e-01 -3.4632e+00
3828 0 +1.255554784e+02 +3.058554784e+02 +3.058554784e+02 -1.7097e+00 -4.1238e-01 -3.4749e+00
3882 0 +1.119676482e+02 +2.922676482e+02 +2.922676482e+02 -1.7097e+00 -3.9479e-01 -3.4866e+00
3966 0 +9.996270959e+01 +2.802627096e+02 +2.802627096e+02 -1.7107e+00 -3.7720e-01 -3.4964e+00
4081 0 +8.879001885e+01 +2.690900188e+02 +2.690900188e+02 -1.7107e+00 -3.5863e-01 -3.5081e+00
4194 0 +7.916044090e+01 +2.594604409e+02 +2.594604409e+02 -1.7107e+00 -3.4006e-01 -3.5189e+00
4308 0 +7.059342538e+01 +2.508934254e+02 +2.508934254e+02 -1.7107e+00 -3.2150e-01 -3.5306e+00
4428 0 +6.302031244e+01 +2.433203124e+02 +2.433203124e+02 -1.7107e+00 -3.0195e-01 -3.5423e+00
4554 0 +5.605009387e+01 +2.363500939e+02 +2.363500939e+02 -1.7107e+00 -2.8143e-01 -3.5550e+00
4674 0 +5.001485625e+01 +2.303148562e+02 +2.303148562e+02 -1.7107e+00 -2.6189e-01 -3.5668e+00
4782 0 +4.454235810e+01 +2.248423581e+02 +2.248423581e+02 -1.7107e+00 -2.4430e-01 -3.5775e+00
4872 0 +3.980938341e+01 +2.201093834e+02 +2.201093834e+02 -1.7107e+00 -2.2964e-01 -3.5863e+00
4957 0 +3.516821192e+01 +2.154682119e+02 +2.154682119e+02 -1.7107e+00 -2.1596e-01 -3.5951e+00
5028 0 +3.138562808e+01 +2.116856281e+02 +2.116856281e+02 -1.7107e+00 -2.0423e-01 -3.6019e+00
5106 0 +2.812276077e+01 +2.084227608e+02 +2.084227608e+02 -1.7112e+00 -1.9348e-01 -3.6078e+00
5250 0 +2.503618844e+01 +2.053361884e+02 +2.053361884e+02 -1.7121e+00 -1.8176e-01 -3.6142e+00
5430 0 +2.236294756e+01 +2.026629476e+02 +2.026629476e+02 -1.7126e+00 -1.6710e-01 -3.6220e+00
6253 0 +1.995090463e+01 +2.002509046e+02 +2.002509046e+02 -1.7141e+00 -1.4157e-01 -3.6359e+00
7626 0 +1.777858700e+01 +1.980785870e+02 +1.980785870e+02 -1.7182e+00 -1.1360e-01 -3.6474e+00
30000 0 +1.650209429e+01 +1.968020943e+02 +1.968020943e+02 -1.7604e+00 -9.4696e-02 -3.6022e+00
% f evaluations | g evaluations | best noise-free fitness - Fopt (6.456000000000e+01) + sum g_i+ | measured fitness | best measured fitness or single-digit g-values | x1 | x2...
1 0 +1.144700758e+07 +1.144707214e+07 +1.144707214e+07 +0.0000e+00 +0.0000e+00 +0.0000e+00
4 0 +1.080204121e+07 +1.080210577e+07 +1.080210577e+07 -5.0215e+00 -2.0925e+00 -2.0925e+00
5 0 +3.982346300e+06 +3.982410860e+06 +3.982410860e+06 +2.9289e+00 +0.0000e+00 +0.0000e+00
7 0 +1.951936128e+05 +1.952581728e+05 +1.952581728e+05 +8.3640e-01 -2.0925e+00 -2.0925e+00
10 0 +3.495420414e+04 +3.501876414e+04 +3.501876414e+04 -2.0925e+00 -5.0215e+00 -2.0925e+00
16 0 +1.311108239e+04 +1.317564239e+04 +1.317564239e+04 -2.0925e+00 -2.0925e+00 -5.0215e+00
112 0 +6.743518028e+03 +6.808078028e+03 +6.808078028e+03 +2.0810e+00 -2.0013e+00 -2.0013e+00
123 0 +4.654295776e+03 +4.718855776e+03 +4.718855776e+03 +1.8309e+00 -2.0013e+00 -2.0013e+00
136 0 +2.233289287e+03 +2.297849287e+03 +2.297849287e+03 +1.9559e+00 -2.0013e+00 -2.0013e+00
950 0 +1.995017479e+03 +2.059577479e+03 +2.059577479e+03 +1.9594e+00 -2.0814e+00 -1.9075e+00
2372 0 +1.777829491e+03 +1.842389491e+03 +1.842389491e+03 +1.9755e+00 -2.1972e+00 -1.7917e+00
2930 0 +1.583821450e+03 +1.648381450e+03 +1.648381450e+03 +1.9818e+00 -2.2427e+00 -1.7462e+00
3326 0 +1.411837554e+03 +1.476397554e+03 +1.476397554e+03 +1.9862e+00 -2.2749e+00 -1.7140e+00
3653 0 +1.258769613e+03 +1.323329613e+03 +1.323329613e+03 +1.9901e+00 -2.3018e+00 -1.6876e+00
3944 0 +1.121831275e+03 +1.186391275e+03 +1.186391275e+03 +1.9931e+00 -2.3252e+00 -1.6637e+00
4217 0 +9.993868906e+02 +1.063946891e+03 +1.063946891e+03 +1.9965e+00 -2.3477e+00 -1.6417e+00
4481 0 +8.904569163e+02 +9.550169163e+02 +9.550169163e+02 +1.9994e+00 -2.3692e+00 -1.6202e+00
4745 0 +7.940743473e+02 +8.586343473e+02 +8.586343473e+02 +2.0024e+00 -2.3907e+00 -1.5987e+00
5024 0 +7.076747110e+02 +7.722347110e+02 +7.722347110e+02 +2.0053e+00 -2.4132e+00 -1.5757e+00
5339 0 +6.305593226e+02 +6.951193226e+02 +6.951193226e+02 +2.0087e+00 -2.4391e+00 -1.5503e+00
5738 0 +5.622070715e+02 +6.267670715e+02 +6.267670715e+02 +2.0131e+00 -2.4713e+00 -1.5176e+00
6629 0 +5.011370528e+02 +5.656970528e+02 +5.656970528e+02 +2.0292e+00 -2.5388e+00 -1.4453e+00
7664 0 +4.464893935e+02 +5.110493935e+02 +5.110493935e+02 +2.0605e+00 -2.6062e+00 -1.3607e+00
7976 0 +3.979789722e+02 +4.625389722e+02 +4.625389722e+02 +2.0639e+00 -2.6316e+00 -1.3353e+00
8198 0 +3.540496800e+02 +4.186096800e+02 +4.186096800e+02 +2.0669e+00 -2.6497e+00 -1.3173e+00
8378 0 +3.156669886e+02 +3.802269886e+02 +3.802269886e+02 +2.0688e+00 -2.6643e+00 -1.3026e+00
8540 0 +2.812994572e+02 +3.458594572e+02 +3.458594572e+02 +2.0703e+00 -2.6775e+00 -1.2894e+00
8690 0 +2.511773672e+02 +3.157373672e+02 +3.157373672e+02 +2.0722e+00 -2.6897e+00 -1.2772e+00
8843 0 +2.234156526e+02 +2.879756526e+02 +2.879756526e+02 +2.0737e+00 -2.7024e+00 -1.2650e+00
8996 0 +1.992608835e+02 +2.638208835e+02 +2.638208835e+02 +2.0757e+00 -2.7147e+00 -1.2523e+00
9164 0 +1.774001756e+02 +2.419601756e+02 +2.419601756e+02 +2.0776e+00 -2.7283e+00 -1.2386e+00
9353 0 +1.584715325e+02 +2.230315325e+02 +2.230315325e+02 +2.0796e+00 -2.7440e+00 -1.2234e+00
9596 0 +1.412227773e+02 +2.057827773e+02 +2.057827773e+02 +2.0825e+00 -2.7635e+00 -1.2034e+00
9932 0 +1.257963956e+02 +1.903563956e+02 +1.903563956e+02 +2.0903e+00 -2.7870e+00 -1.1761e+00
10208 0 +1.120463658e+02 +1.766063658e+02 +1.766063658e+02 +2.0962e+00 -2.8075e+00 -1.1536e+00
10391 0 +9.991168172e+01 +1.644716817e+02 +1.644716817e+02 +2.0981e+00 -2.8226e+00 -1.1389e+00
10532 0 +8.906457539e+01 +1.536245754e+02 +1.536245754e+02 +2.0996e+00 -2.8339e+00 -1.1272e+00
10655 0 +7.940642353e+01 +1.439664235e+02 +1.439664235e+02 +2.1011e+00 -2.8441e+00 -1.1174e+00
10772 0 +7.047633857e+01 +1.350363386e+02 +1.350363386e+02 +2.1025e+00 -2.8534e+00 -1.1077e+00
10880 0 +6.304269631e+01 +1.276026963e+02 +1.276026963e+02 +2.1035e+00 -2.8622e+00 -1.0989e+00
10994 0 +5.618786748e+01 +1.207478675e+02 +1.207478675e+02 +2.1050e+00 -2.8715e+00 -1.0896e+00
11120 0 +4.990253576e+01 +1.144625358e+02 +1.144625358e+02 +2.1069e+00 -2.8813e+00 -1.0793e+00
11246 0 +4.463947931e+01 +1.091994793e+02 +1.091994793e+02 +2.1099e+00 -2.8901e+00 -1.0691e+00
11372 0 +3.963660692e+01 +1.041966069e+02 +1.041966069e+02 +2.1138e+00 -2.8984e+00 -1.0588e+00
11474 0 +3.540361981e+01 +9.996361981e+01 +9.996361981e+01 +2.1162e+00 -2.9052e+00 -1.0505e+00
11558 0 +3.158731092e+01 +9.614731092e+01 +9.614731092e+01 +2.1187e+00 -2.9111e+00 -1.0436e+00
11636 0 +2.804563571e+01 +9.260563571e+01 +9.260563571e+01 +2.1206e+00 -2.9164e+00 -1.0373e+00
11705 0 +2.508253675e+01 +8.964253675e+01 +8.964253675e+01 +2.1226e+00 -2.9213e+00 -1.0319e+00
11774 0 +2.225861393e+01 +8.681861393e+01 +8.681861393e+01 +2.1245e+00 -2.9257e+00 -1.0261e+00
11843 0 +1.992365064e+01 +8.448365064e+01 +8.448365064e+01 +2.1265e+00 -2.9306e+00 -1.0207e+00
11932 0 +1.773488430e+01 +8.229488430e+01 +8.229488430e+01 +2.1309e+00 -2.9345e+00 -1.0134e+00
12104 0 +1.584083496e+01 +8.040083496e+01 +8.040083496e+01 +2.1358e+00 -2.9401e+00 -1.0046e+00
12566 0 +1.411597509e+01 +7.867597509e+01 +7.867597509e+01 +2.1411e+00 -2.9487e+00 -9.9283e-01
12911 0 +1.258463892e+01 +7.714463892e+01 +7.714463892e+01 +2.1422e+00 -2.9558e+00 -9.8587e-01
13112 0 +1.120588999e+01 +7.576588999e+01 +7.576588999e+01 +2.1427e+00 -2.9598e+00 -9.8172e-01
13259 0 +9.999308077e+00 +7.455930808e+01 +7.455930808e+01 +2.1432e+00 -2.9629e+00 -9.7878e-01
13382 0 +8.892442083e+00 +7.345244208e+01 +7.345244208e+01 +2.1434e+00 -2.9653e+00 -9.7622e-01
13490 0 +7.924393442e+00 +7.248439344e+01 +7.248439344e+01 +2.1438e+00 -2.9675e+00 -9.7402e-01
13592 0 +7.053796261e+00 +7.161379626e+01 +7.161379626e+01 +2.1441e+00 -2.9696e+00 -9.7194e-01
13688 0 +6.305457012e+00 +7.086545701e+01 +7.086545701e+01 +2.1443e+00 -2.9715e+00 -9.6999e-01
13790 0 +5.610505127e+00 +7.017050513e+01 +7.017050513e+01 +2.1447e+00 -2.9736e+00 -9.6791e-01
13898 0 +5.007277593e+00 +6.956727759e+01 +6.956727759e+01 +2.1449e+00 -2.9758e+00 -9.6571e-01
14030 0 +4.462415663e+00 +6.902241566e+01 +6.902241566e+01 +2.1453e+00 -2.9785e+00 -9.6303e-01
14360 0 +3.980142940e+00 +6.854014294e+01 +6.854014294e+01 +2.1474e+00 -2.9825e+00 -9.5790e-01
16061 0 +3.548055438e+00 +6.810805544e+01 +6.810805544e+01 +2.1495e+00 -2.9908e+00 -9.4886e-01
16514 0 +3.161360033e+00 +6.772136003e+01 +6.772136003e+01 +2.1498e+00 -2.9931e+00 -9.4654e-01
16817 0 +2.815753270e+00 +6.737575327e+01 +6.737575327e+01 +2.1500e+00 -2.9946e+00 -9.4501e-01
17063 0 +2.508842936e+00 +6.706884294e+01 +6.706884294e+01 +2.1502e+00 -2.9959e+00 -9.4376e-01
17282 0 +2.235561864e+00 +6.679556186e+01 +6.679556186e+01 +2.1503e+00 -2.9970e+00 -9.4263e-01
17489 0 +1.992975331e+00 +6.655297533e+01 +6.655297533e+01 +2.1505e+00 -2.9981e+00 -9.4159e-01
17696 0 +1.774997066e+00 +6.633499707e+01 +6.633499707e+01 +2.1507e+00 -2.9991e+00 -9.4052e-01
17912 0 +1.582442708e+00 +6.614244271e+01 +6.614244271e+01 +2.1508e+00 -3.0002e+00 -9.3942e-01
18155 0 +1.412020729e+00 +6.597202073e+01 +6.597202073e+01 +2.1510e+00 -3.0015e+00 -9.3820e-01
18476 0 +1.258847733e+00 +6.581884773e+01 +6.581884773e+01 +2.1512e+00 -3.0031e+00 -9.3655e-01
19472 0 +1.121814540e+00 +6.568181454e+01 +6.568181454e+01 +2.1519e+00 -3.0068e+00 -9.3264e-01
20552 0 +9.993025422e-01 +6.555930254e+01 +6.555930254e+01 +2.1523e+00 -3.0096e+00 -9.2989e-01
21026 0 +8.907926351e-01 +6.545079264e+01 +6.545079264e+01 +2.1525e+00 -3.0108e+00 -9.2869e-01
21392 0 +7.937006390e-01 +6.535370064e+01 +6.535370064e+01 +2.1526e+00 -3.0117e+00 -9.2776e-01
21722 0 +7.078767006e-01 +6.526787670e+01 +6.526787670e+01 +2.1527e+00 -3.0126e+00 -9.2692e-01
22061 0 +6.305581214e-01 +6.519055812e+01 +6.519055812e+01 +2.1528e+00 -3.0134e+00 -9.2606e-01
22445 0 +5.622900201e-01 +6.512229002e+01 +6.512229002e+01 +2.1529e+00 -3.0144e+00 -9.2508e-01
22967 0 +5.011785899e-01 +6.506117859e+01 +6.506117859e+01 +2.1531e+00 -3.0157e+00 -9.2376e-01
23654 0 +4.466386008e-01 +6.500663860e+01 +6.500663860e+01 +2.1534e+00 -3.0175e+00 -9.2200e-01
24173 0 +3.980885524e-01 +6.495808855e+01 +6.495808855e+01 +2.1536e+00 -3.0188e+00 -9.2069e-01
24632 0 +3.546231958e-01 +6.491462320e+01 +6.491462320e+01 +2.1537e+00 -3.0200e+00 -9.1951e-01
25226 0 +3.160744961e-01 +6.487607450e+01 +6.487607450e+01 +2.1539e+00 -3.0215e+00 -9.1800e-01
25733 0 +2.817374543e-01 +6.484173745e+01 +6.484173745e+01 +2.1541e+00 -3.0228e+00 -9.1672e-01
27119 0 +2.511716350e-01 +6.481117163e+01 +6.481117163e+01 +2.1545e+00 -3.0249e+00 -9.1448e-01
30000 0 +2.373410186e-01 +6.479734102e+01 +6.479734102e+01 +2.1546e+00 -3.0264e+00 -9.1307e-01
% f evaluations | g evaluations | best noise-free fitness - Fopt (-2.171400000000e+02) + sum g_i+ | measured fitness | best measured fitness or single-digit g-values | x1 | x2...
1 0 +2.283744477e+04 +2.262030477e+04 +2.262030477e+04 +0.0000e+00 +0.0000e+00 +0.0000e+00
367 0 +2.273385576e+04 +2.251671576e+04 +2.251671576e+04 +5.4505e-01 -3.3723e-01 -1.9810e-01
373 0 +2.237372729e+04 +2.215658729e+04 +2.215658729e+04 +5.4505e-01 -3.0596e-01 -2.2937e-01
415 0 +1.989791013e+04 +1.968077013e+04 +1.968077013e+04 +5.4505e-01 -8.7071e-02 -4.4826e-01
451 0 +1.772354496e+04 +1.750640496e+04 +1.750640496e+04 +5.4505e-01 +1.0055e-01 -6.3588e-01
481 0 +1.583741764e+04 +1.562027764e+04 +1.562027764e+04 +5.4505e-01 +2.5690e-01 -7.9223e-01
511 0 +1.394163038e+04 +1.372449038e+04 +1.372449038e+04 +5.4505e-01 +4.1325e-01 -9.4858e-01
535 0 +1.249676155e+04 +1.227962155e+04 +1.227962155e+04 +5.4505e-01 +5.3833e-01 -1.0737e+00
607 0 +1.110103262e+04 +1.088389262e+04 +1.088389262e+04 +6.3886e-01 +6.4778e-01 -1.2457e+00
655 0 +9.974140177e+03 +9.757000177e+03 +9.757000177e+03 +6.3886e-01 +7.7286e-01 -1.3707e+00
715 0 +8.876002331e+03 +8.658862331e+03 +8.658862331e+03 +6.3886e-01 +9.2921e-01 -1.5271e+00
787 0 +7.931377569e+03 +7.714237569e+03 +7.714237569e+03 +6.3886e-01 +1.1168e+00 -1.7147e+00
906 0 +7.064442045e+03 +6.847302045e+03 +6.847302045e+03 +6.6231e-01 +1.2966e+00 -1.9023e+00
1003 0 +6.277639577e+03 +6.060499577e+03 +6.060499577e+03 +6.7795e-01 +1.4139e+00 -2.0352e+00
1069 0 +5.578125764e+03 +5.360985764e+03 +5.360985764e+03 +6.7795e-01 +1.4999e+00 -2.1212e+00
1117 0 +5.008116966e+03 +4.790976966e+03 +4.790976966e+03 +6.7795e-01 +1.5624e+00 -2.1838e+00
1164 0 +4.460278897e+03 +4.243138897e+03 +4.243138897e+03 +6.7795e-01 +1.6250e+00 -2.2385e+00
1206 0 +3.949983439e+03 +3.732843439e+03 +3.732843439e+03 +6.7795e-01 +1.6797e+00 -2.2932e+00
1242 0 +3.540812129e+03 +3.323672129e+03 +3.323672129e+03 +6.7795e-01 +1.7266e+00 -2.3401e+00
1279 0 +3.144029009e+03 +2.926889009e+03 +2.926889009e+03 +6.7795e-01 +1.7735e+00 -2.3948e+00
1320 0 +2.804089630e+03 +2.586949630e+03 +2.586949630e+03 +6.7795e-01 +1.8282e+00 -2.4417e+00
1380 0 +2.508259582e+03 +2.291119582e+03 +2.291119582e+03 +6.8967e-01 +1.8790e+00 -2.5043e+00
1495 0 +2.237608441e+03 +2.020468441e+03 +2.020468441e+03 +6.9749e-01 +1.9494e+00 -2.5825e+00
2017 0 +1.994937670e+03 +1.777797670e+03 +1.777797670e+03 +7.0140e-01 +2.1263e+00 -2.7603e+00
2742 0 +1.777437733e+03 +1.560297733e+03 +1.560297733e+03 +7.0140e-01 +2.2445e+00 -2.8776e+00
3030 0 +1.581895480e+03 +1.364755480e+03 +1.364755480e+03 +7.0140e-01 +2.2914e+00 -2.9245e+00
3234 0 +1.409668952e+03 +1.192528952e+03 +1.192528952e+03 +7.0238e-01 +2.3246e+00 -2.9577e+00
3402 0 +1.256432024e+03 +1.039292024e+03 +1.039292024e+03 +7.0238e-01 +2.3520e+00 -2.9851e+00
3552 0 +1.119442345e+03 +9.023023449e+02 +9.023023449e+02 +7.0238e-01 +2.3764e+00 -3.0095e+00
3690 0 +9.991903743e+02 +7.820503743e+02 +7.820503743e+02 +7.0238e-01 +2.3989e+00 -3.0320e+00
3828 0 +8.890987654e+02 +6.719587654e+02 +6.719587654e+02 +7.0336e-01 +2.4214e+00 -3.0544e+00
3966 0 +7.916226696e+02 +5.744826696e+02 +5.744826696e+02 +7.0336e-01 +2.4439e+00 -3.0769e+00
4110 0 +7.062007572e+02 +4.890607572e+02 +4.890607572e+02 +7.0433e-01 +2.4673e+00 -3.1004e+00
4272 0 +6.302958558e+02 +4.131558558e+02 +4.131558558e+02 +7.0531e-01 +2.4937e+00 -3.1268e+00
4477 0 +5.622587034e+02 +3.451187034e+02 +3.451187034e+02 +7.0531e-01 +2.5269e+00 -3.1610e+00
4945 0 +5.009752762e+02 +2.838352762e+02 +2.838352762e+02 +7.0629e-01 +2.6032e+00 -3.2372e+00
5779 0 +4.464981112e+02 +2.293581112e+02 +2.293581112e+02 +7.0726e-01 +2.6774e+00 -3.3114e+00
6097 0 +3.977433313e+02 +1.806033313e+02 +1.806033313e+02 +7.0726e-01 +2.7033e+00 -3.3373e+00
6324 0 +3.540611164e+02 +1.369211164e+02 +1.369211164e+02 +7.0726e-01 +2.7219e+00 -3.3554e+00
6510 0 +3.155973929e+02 +9.845739291e+01 +9.845739291e+01 +7.0775e-01 +2.7370e+00 -3.3706e+00
6673 0 +2.817556158e+02 +6.461561583e+01 +6.461561583e+01 +7.0775e-01 +2.7502e+00 -3.3842e+00
6834 0 +2.508736926e+02 +3.373369255e+01 +3.373369255e+01 +7.0824e-01 +2.7634e+00 -3.3969e+00
6990 0 +2.235102194e+02 +6.370219414e+00 +6.370219414e+00 +7.0824e-01 +2.7761e+00 -3.4097e+00
7152 0 +1.989825496e+02 -1.815745039e+01 -1.815745039e+01 +7.0824e-01 +2.7893e+00 -3.4228e+00
7326 0 +1.775170164e+02 -3.962298361e+01 -3.962298361e+01 +7.0873e-01 +2.8035e+00 -3.4370e+00
7525 0 +1.584492812e+02 -5.869071882e+01 -5.869071882e+01 +7.0873e-01 +2.8196e+00 -3.4536e+00
7789 0 +1.410897164e+02 -7.605028362e+01 -7.605028362e+01 +7.0922e-01 +2.8411e+00 -3.4751e+00
8113 0 +1.258587581e+02 -9.128124187e+01 -9.128124187e+01 +7.0971e-01 +2.8675e+00 -3.5015e+00
8377 0 +1.121045613e+02 -1.050354387e+02 -1.050354387e+02 +7.0971e-01 +2.8890e+00 -3.5230e+00
8562 0 +9.987172230e+01 -1.172682777e+02 -1.172682777e+02 +7.0971e-01 +2.9041e+00 -3.5377e+00
8706 0 +8.903220694e+01 -1.281077931e+02 -1.281077931e+02 +7.0971e-01 +2.9159e+00 -3.5494e+00
8833 0 +7.924813695e+01 -1.378918630e+02 -1.378918630e+02 +7.1020e-01 +2.9261e+00 -3.5601e+00
8952 0 +7.074849666e+01 -1.463915033e+02 -1.463915033e+02 +7.1020e-01 +2.9359e+00 -3.5694e+00
9072 0 +6.291899074e+01 -1.542210093e+02 -1.542210093e+02 +7.1020e-01 +2.9457e+00 -3.5792e+00
9193 0 +5.610003543e+01 -1.610399646e+02 -1.610399646e+02 +7.1068e-01 +2.9554e+00 -3.5895e+00
9319 0 +5.010787443e+01 -1.670321256e+02 -1.670321256e+02 +7.1068e-01 +2.9657e+00 -3.5997e+00
9450 0 +4.459619818e+01 -1.725438018e+02 -1.725438018e+02 +7.1068e-01 +2.9764e+00 -3.6100e+00
9564 0 +3.965821388e+01 -1.774817861e+02 -1.774817861e+02 +7.1068e-01 +2.9857e+00 -3.6193e+00
9655 0 +3.544450150e+01 -1.816954985e+02 -1.816954985e+02 +7.1068e-01 +2.9931e+00 -3.6271e+00
9739 0 +3.144066161e+01 -1.856993384e+02 -1.856993384e+02 +7.1117e-01 +2.9999e+00 -3.6339e+00
9811 0 +2.803552626e+01 -1.891044737e+02 -1.891044737e+02 +7.1117e-01 +3.0058e+00 -3.6398e+00
9877 0 +2.510370378e+01 -1.920362962e+02 -1.920362962e+02 +7.1117e-01 +3.0111e+00 -3.6452e+00
9949 0 +2.228807758e+01 -1.948519224e+02 -1.948519224e+02 +7.1117e-01 +3.0170e+00 -3.6510e+00
10026 0 +1.992886903e+01 -1.972111310e+02 -1.972111310e+02 +7.1117e-01 +3.0233e+00 -3.6569e+00
10177 0 +1.775773778e+01 -1.993822622e+02 -1.993822622e+02 +7.1239e-01 +3.0309e+00 -3.6657e+00
10459 0 +1.584091264e+01 -2.012990874e+02 -2.012990874e+02 +7.1239e-01 +3.0424e+00 -3.6772e+00
10656 0 +1.411298006e+01 -2.030270199e+02 -2.030270199e+02 +7.1288e-01 +3.0502e+00 -3.6850e+00
10765 0 +1.253869073e+01 -2.046013093e+02 -2.046013093e+02 +7.1288e-01 +3.0546e+00 -3.6896e+00
10848 0 +1.117835181e+01 -2.059616482e+02 -2.059616482e+02 +7.1288e-01 +3.0580e+00 -3.6928e+00
10915 0 +9.974470579e+00 -2.071655294e+02 -2.071655294e+02 +7.1288e-01 +3.0607e+00 -3.6957e+00
10980 0 +8.906831255e+00 -2.082331687e+02 -2.082331687e+02 +7.1288e-01 +3.0634e+00 -3.6982e+00
11046 0 +7.914194242e+00 -2.092258058e+02 -2.092258058e+02 +7.1288e-01 +3.0661e+00 -3.7009e+00
11113 0 +7.073191317e+00 -2.100668087e+02 -2.100668087e+02 +7.1313e-01 +3.0688e+00 -3.7038e+00
11203 0 +6.282052687e+00 -2.108579473e+02 -2.108579473e+02 +7.1313e-01 +3.0724e+00 -3.7075e+00
11947 0 +5.623007128e+00 -2.115169929e+02 -2.115169929e+02 +7.1352e-01 +3.0817e+00 -3.7170e+00
13237 0 +5.010581026e+00 -2.121294190e+02 -2.121294190e+02 +7.1355e-01 +3.0883e+00 -3.7235e+00
13728 0 +4.465824573e+00 -2.126741754e+02 -2.126741754e+02 +7.1359e-01 +3.0908e+00 -3.7260e+00
14130 0 +3.978272508e+00 -2.131617275e+02 -2.131617275e+02 +7.1359e-01 +3.0928e+00 -3.7280e+00
14533 0 +3.547059146e+00 -2.135929409e+02 -2.135929409e+02 +7.1362e-01 +3.0949e+00 -3.7301e+00
15054 0 +3.162148349e+00 -2.139778517e+02 -2.139778517e+02 +7.1368e-01 +3.0976e+00 -3.7327e+00
17166 0 +2.818147603e+00 -2.143218524e+02 -2.143218524e+02 +7.1381e-01 +3.1052e+00 -3.7404e+00
18492 0 +2.511457642e+00 -2.146285424e+02 -2.146285424e+02 +7.1383e-01 +3.1086e+00 -3.7438e+00
20467 0 +2.238647246e+00 -2.149013528e+02 -2.149013528e+02 +7.1392e-01 +3.1136e+00 -3.7488e+00
30000 0 +2.019302172e+00 -2.151206978e+02 -2.151206978e+02 +7.1398e-01 +3.1242e+00 -3.7594e+00
