% f evaluations | g evaluations | best noise-free fitness - Fopt (7.948000000000e+01) + sum g_i+ | measured fitness | best measured fitness or single-digit g-values | x1 | x2...
1 0 +1.402094080e+00 +8.088209408e+01 +8.088209408e+01 +0.0000e+00 +0.0000e+00
21 0 +1.265349952e+00 +8.074534995e+01 +8.074534995e+01 +1.3715e+00 -1.0395e+00
37 0 +8.351891825e-01 +8.031518918e+01 +8.031518918e+01 +1.0288e+00 -1.6395e+00
42 0 +5.663422241e-02 +7.953663422e+01 +7.953663422e+01 +9.3453e-02 -1.3336e+00
175 0 +2.041262324e-02 +7.950041262e+01 +7.950041262e+01 +1.3727e-01 -1.0727e+00
179 0 +1.770799011e-02 +7.949770799e+01 +7.949770799e+01 +2.9849e-01 -1.2818e+00
180 0 +1.127224286e-02 +7.949127224e+01 +7.949127224e+01 +1.9785e-01 -1.2476e+00
336 0 +7.178157670e-03 +7.948717816e+01 +7.948717816e+01 +2.5314e-01 -1.0721e+00
365 0 +7.686488044e-05 +7.948007686e+01 +7.948007686e+01 +2.5016e-01 -1.1652e+00
382 0 +5.986983528e-05 +7.948005987e+01 +7.948005987e+01 +2.5016e-01 -1.1495e+00
389 0 +7.252936683e-06 +7.948000725e+01 +7.948000725e+01 +2.5016e-01 -1.1573e+00
396 0 +1.910992651e-06 +7.948000191e+01 +7.948000191e+01 +2.5407e-01 -1.1573e+00
403 0 +7.623133342e-07 +7.948000076e+01 +7.948000076e+01 +2.5212e-01 -1.1573e+00
412 0 +3.817401648e-07 +7.948000038e+01 +7.948000038e+01 +2.5309e-01 -1.1573e+00
414 0 +2.744626784e-07 +7.948000027e+01 +7.948000027e+01 +2.5309e-01 -1.1564e+00
419 0 +2.260210579e-07 +7.948000023e+01 +7.948000023e+01 +2.5261e-01 -1.1564e+00
421 0 +4.093159589e-08 +7.948000004e+01 +7.948000004e+01 +2.5261e-01 -1.1569e+00
428 0 +5.470354836e-09 +7.948000001e+01 +7.948000001e+01 +2.5285e-01 -1.1569e+00
478 0 +2.131628207e-13 +7.948000000e+01 +7.948000000e+01 +2.5280e-01 -1.1568e+00
489 0 +0.000000000e+00 +7.948000000e+01 +7.948000000e+01 +2.5280e-01 -1.1568e+00
20000 0 +0.000000000e+00 +7.948000000e+01 +7.948000000e+01 +2.5280e-01 -1.1568e+00
% f evaluations | g evaluations | best noise-free fitness - Fopt (3.944800000000e+02) + sum g_i+ | measured fitness | best measured fitness or single-digit g-values | x1 | x2...
1 0 +2.355193472e+01 +4.180319347e+02 +4.180319347e+02 +0.0000e+00 +0.0000e+00
2 0 +4.341291381e+00 +3.988212914e+02 +3.988212914e+02 -2.5466e+00 -1.3049e+00
4 0 +3.771669617e+00 +3.982516696e+02 +3.982516696e+02 -4.4863e+00 -1.0395e+00
12 0 +9.869262931e-01 +3.954669263e+02 +3.954669263e+02 -3.4703e+00 -1.9939e+00
106 0 +2.561378142e-02 +3.945056138e+02 +3.945056138e+02 -4.0578e+00 -2.8766e+00
245 0 +2.332005398e-02 +3.945033201e+02 +3.945033201e+02 -3.9015e+00 -2.7377e+00
253 0 +1.861330998e-03 +3.944818613e+02 +3.944818613e+02 -3.8978e+00 -2.8473e+00
366 0 +8.489965442e-04 +3.944808490e+02 +3.944808490e+02 -3.9094e+00 -2.8634e+00
377 0 +1.402026037e-04 +3.944801402e+02 +3.944801402e+02 -3.9094e+00 -2.8947e+00
384 0 +3.969765879e-05 +3.944800397e+02 +3.944800397e+02 -3.8938e+00 -2.8947e+00
391 0 +2.883571005e-05 +3.944800288e+02 +3.944800288e+02 -3.9016e+00 -2.8947e+00
394 0 +2.269093164e-05 +3.944800227e+02 +3.944800227e+02 -3.9016e+00 -2.8869e+00
400 0 +1.284330068e-05 +3.944800128e+02 +3.944800128e+02 -3.8977e+00 -2.8869e+00
401 0 +6.370846108e-07 +3.944800006e+02 +3.944800006e+02 -3.8977e+00 -2.8908e+00
411 0 +2.342538892e-07 +3.944800002e+02 +3.944800002e+02 -3.8987e+00 -2.8908e+00
420 0 +1.969410164e-07 +3.944800002e+02 +3.944800002e+02 -3.8982e+00 -2.8908e+00
422 0 +5.162058869e-08 +3.944800001e+02 +3.944800001e+02 -3.8982e+00 -2.8903e+00
427 0 +1.059493115e-08 +3.944800000e+02 +3.944800000e+02 -3.8984e+00 -2.8903e+00
437 0 +2.163517365e-09 +3.944800000e+02 +3.944800000e+02 -3.8984e+00 -2.8904e+00
478 0 +0.000000000e+00 +3.944800000e+02 +3.944800000e+02 -3.8984e+00 -2.8904e+00
20000 0 +0.000000000e+00 +3.944800000e+02 +3.944800000e+02 -3.8984e+00 -2.8904e+00
% f evaluations | g evaluations | best noise-free fitness - Fopt (-2.471100000000e+02) + sum g_i+ | measured fitness | best measured fitness or single-digit g-values | x1 | x2...
1 0 +1.446913280e+01 -2.326408672e+02 -2.326408672e+02 +0.0000e+00 +0.0000e+00
2 0 +3.841221524e+00 -2.432687785e+02 -2.432687785e+02 -2.5466e+00 -1.3049e+00
4 0 +2.017420043e+00 -2.450925800e+02 -2.450925800e+02 -4.4863e+00 -1.0395e+00
6 0 +1.751890267e+00 -2.453581097e+02 -2.453581097e+02 -2.9449e+00 -8.0841e-01
14 0 +5.267110558e-01 -2.465832889e+02 -2.465832889e+02 -3.2288e+00 -2.4650e-01
216 0 +3.075744368e-01 -2.468024256e+02 -2.468024256e+02 -3.4449e+00 +6.3049e-01
310 0 +2.513697512e-02 -2.470848630e+02 -2.470848630e+02 -3.6687e+00 +2.9432e-01
353 0 +1.846682487e-02 -2.470915332e+02 -2.470915332e+02 -3.7390e+00 +8.0977e-02
366 0 +3.536589956e-03 -2.471064634e+02 -2.471064634e+02 -3.7390e+00 +2.0606e-01
371 0 +1.803032018e-05 -2.471099820e+02 -2.471099820e+02 -3.8015e+00 +2.0606e-01
392 0 +8.761217998e-06 -2.471099912e+02 -2.471099912e+02 -3.7976e+00 +2.0606e-01
393 0 +1.694294895e-06 -2.471099983e+02 -2.471099983e+02 -3.7976e+00 +2.0215e-01
402 0 +1.408105135e-06 -2.471099986e+02 -2.471099986e+02 -3.7976e+00 +2.0410e-01
407 0 +8.606421886e-07 -2.471099991e+02 -2.471099991e+02 -3.7986e+00 +2.0410e-01
409 0 +4.882423355e-08 -2.471100000e+02 -2.471100000e+02 -3.7986e+00 +2.0313e-01
420 0 +6.643830375e-09 -2.471100000e+02 -2.471100000e+02 -3.7984e+00 +2.0313e-01
475 0 +6.821210263e-13 -2.471100000e+02 -2.471100000e+02 -3.7984e+00 +2.0320e-01
501 0 +0.000000000e+00 -2.471100000e+02 -2.471100000e+02 -3.7984e+00 +2.0320e-01
20000 0 +0.000000000e+00 -2.471100000e+02 -2.471100000e+02 -3.7984e+00 +2.0320e-01
% f evaluations | g evaluations | best noise-free fitness - Fopt (-1.520400000000e+02) + sum g_i+ | measured fitness | best measured fitness or single-digit g-values | x1 | x2...
1 0 +2.099171840e+00 -1.499408282e+02 -1.499408282e+02 +0.0000e+00 +0.0000e+00
7 0 +1.391659840e+00 -1.506483402e+02 -1.506483402e+02 -1.4419e+00 +1.3153e+00
53 0 +4.619131719e-01 -1.515780868e+02 -1.515780868e+02 +3.8233e-01 +1.6241e+00
63 0 +3.142845937e-01 -1.517257154e+02 -1.517257154e+02 -5.4133e-01 +9.3498e-01
192 0 +2.115266291e-01 -1.518284734e+02 -1.518284734e+02 -6.6855e-01 +1.1994e+00
198 0 +7.729440871e-02 -1.519627056e+02 -1.519627056e+02 +2.1034e-03 +1.4931e+00
200 0 +6.159040762e-03 -1.520338410e+02 -1.520338410e+02 -3.2406e-01 +1.4781e+00
361 0 +4.426698218e-04 -1.520395573e+02 -1.520395573e+02 -2.4874e-01 +1.4139e+00
371 0 +2.661005827e-04 -1.520397339e+02 -1.520397339e+02 -2.8001e-01 +1.4139e+00
380 0 +1.099275175e-04 -1.520398901e+02 -1.520398901e+02 -2.6438e-01 +1.4139e+00
382 0 +3.863794313e-05 -1.520399614e+02 -1.520399614e+02 -2.6438e-01 +1.4295e+00
389 0 +1.316830915e-05 -1.520399868e+02 -1.520399868e+02 -2.6438e-01 +1.4217e+00
395 0 +6.375759568e-06 -1.520399936e+02 -1.520399936e+02 -2.6829e-01 +1.4217e+00
398 0 +3.831971270e-06 -1.520399962e+02 -1.520399962e+02 -2.6829e-01 +1.4256e+00
404 0 +3.408594722e-06 -1.520399966e+02 -1.520399966e+02 -2.6633e-01 +1.4256e+00
405 0 +8.608375595e-07 -1.520399991e+02 -1.520399991e+02 -2.6633e-01 +1.4237e+00
411 0 +1.176129842e-07 -1.520399999e+02 -1.520399999e+02 -2.6731e-01 +1.4237e+00
422 0 +3.836765927e-08 -1.520400000e+02 -1.520400000e+02 -2.6731e-01 +1.4242e+00
429 0 +1.830827046e-08 -1.520400000e+02 -1.520400000e+02 -2.6731e-01 +1.4239e+00
436 0 +6.767749028e-09 -1.520400000e+02 -1.520400000e+02 -2.6719e-01 +1.4239e+00
494 0 +2.273736754e-13 -1.520400000e+02 -1.520400000e+02 -2.6720e-01 +1.4240e+00
499 0 +0.000000000e+00 -1.520400000e+02 -1.520400000e+02 -2.6720e-01 +1.4240e+00
20000 0 +0.000000000e+00 -1.520400000e+02 -1.520400000e+02 -2.6720e-01 +1.4240e+00
% f evaluations | g evaluations | best noise-free fitness - Fopt (-2.525000000000e+01) + sum g_i+ | measured fitness | best measured fitness or single-digit g-values | x1 | x2...
1 0 +1.346736640e+01 -1.178263360e+01 -1.178263360e+01 +0.0000e+00 +0.0000e+00
19 0 +3.855716226e+00 -2.139428377e+01 -2.139428377e+01 +3.3113e+00 -1.3049e+00
20 0 +5.459603076e-01 -2.470403969e+01 -2.470403969e+01 +3.9578e+00 +1.2895e+00
330 0 +3.742094154e-01 -2.487579058e+01 -2.487579058e+01 +3.0651e+00 +3.6595e-01
346 0 +1.372872596e-01 -2.511271274e+01 -2.511271274e+01 +3.6552e+00 +1.0035e+00
353 0 +1.910331310e-02 -2.523089669e+01 -2.523089669e+01 +3.6552e+00 +5.0314e-01
362 0 +1.561411908e-02 -2.523438588e+01 -2.523438588e+01 +3.6552e+00 +7.5331e-01
369 0 +1.713424268e-03 -2.524828658e+01 -2.524828658e+01 +3.6552e+00 +6.2823e-01
375 0 +5.212074712e-04 -2.524947879e+01 -2.524947879e+01 +3.5927e+00 +6.2823e-01
384 0 +1.394851307e-04 -2.524986051e+01 -2.524986051e+01 +3.6239e+00 +6.2823e-01
391 0 +8.588861621e-05 -2.524991411e+01 -2.524991411e+01 +3.6083e+00 +6.2823e-01
400 0 +5.157245226e-05 -2.524994843e+01 -2.524994843e+01 +3.6161e+00 +6.2823e-01
402 0 +3.649560174e-06 -2.524999635e+01 -2.524999635e+01 +3.6161e+00 +6.3604e-01
411 0 +7.696471904e-07 -2.524999923e+01 -2.524999923e+01 +3.6142e+00 +6.3604e-01
421 0 +7.561888538e-08 -2.524999992e+01 -2.524999992e+01 +3.6142e+00 +6.3507e-01
432 0 +1.783364567e-08 -2.524999998e+01 -2.524999998e+01 +3.6144e+00 +6.3507e-01
434 0 +1.229456359e-08 -2.524999999e+01 -2.524999999e+01 +3.6144e+00 +6.3531e-01
441 0 +1.435900288e-10 -2.525000000e+01 -2.525000000e+01 +3.6144e+00 +6.3519e-01
474 0 +1.776356839e-14 -2.525000000e+01 -2.525000000e+01 +3.6144e+00 +6.3520e-01
503 0 +0.000000000e+00 -2.525000000e+01 -2.525000000e+01 +3.6144e+00 +6.3520e-01
20000 0 +0.000000000e+00 -2.525000000e+01 -2.525000000e+01 +3.6144e+00 +6.3520e-01
% f evaluations | g evaluations | best noise-free fitness - Fopt (-2.365000000000e+01) + sum g_i+ | measured fitness | best measured fitness or single-digit g-values | x1 | x2...
1 0 +4.397532800e+00 -1.925246720e+01 -1.925246720e+01 +0.0000e+00 +0.0000e+00
25 0 +3.926886500e+00 -1.972311350e+01 -1.972311350e+01 +3.0224e+00 +1.5954e+00
53 0 +4.854560058e-01 -2.316454399e+01 -2.316454399e+01 +3.8233e-01 +1.6241e+00
60 0 +2.400360482e-01 -2.340996395e+01 -2.340996395e+01 +5.6807e-01 +1.8848e+00
224 0 +1.702181335e-01 -2.347978187e+01 -2.347978187e+01 +7.0160e-01 +2.0301e+00
228 0 +8.243802728e-02 -2.356756197e+01 -2.356756197e+01 +8.7614e-01 +2.0399e+00
236 0 +4.354316021e-02 -2.360645684e+01 -2.360645684e+01 +8.7988e-01 +1.9304e+00
297 0 +3.585846024e-02 -2.361414154e+01 -2.361414154e+01 +1.1442e+00 +1.9794e+00
357 0 +4.899958530e-03 -2.364510004e+01 -2.364510004e+01 +1.1184e+00 +1.7891e+00
363 0 +4.137267435e-03 -2.364586273e+01 -2.364586273e+01 +9.9331e-01 +1.7891e+00
372 0 +6.072900272e-04 -2.364939271e+01 -2.364939271e+01 +1.0558e+00 +1.7891e+00
382 0 +5.575772303e-05 -2.364994424e+01 -2.364994424e+01 +1.0558e+00 +1.8204e+00
393 0 +1.029753555e-05 -2.364998970e+01 -2.364998970e+01 +1.0558e+00 +1.8126e+00
399 0 +1.742044123e-06 -2.364999826e+01 -2.364999826e+01 +1.0519e+00 +1.8126e+00
416 0 +9.222713864e-07 -2.364999908e+01 -2.364999908e+01 +1.0529e+00 +1.8146e+00
417 0 +1.431210706e-08 -2.364999999e+01 -2.364999999e+01 +1.0529e+00 +1.8136e+00
431 0 +6.017195631e-10 -2.365000000e+01 -2.365000000e+01 +1.0528e+00 +1.8136e+00
479 0 +6.536993169e-13 -2.365000000e+01 -2.365000000e+01 +1.0528e+00 +1.8136e+00
505 0 +0.000000000e+00 -2.365000000e+01 -2.365000000e+01 +1.0528e+00 +1.8136e+00
20000 0 +0.000000000e+00 -2.365000000e+01 -2.365000000e+01 +1.0528e+00 +1.8136e+00
% f evaluations | g evaluations | best noise-free fitness - Fopt (1.000000000000e+03) + sum g_i+ | measured fitness | best measured fitness or single-digit g-values | x1 | x2...
1 0 +1.135460416e+01 +1.011354604e+03 +1.011354604e+03 +0.0000e+00 +0.0000e+00
19 0 +1.758649687e+00 +1.001758650e+03 +1.001758650e+03 +3.3113e+00 -1.3049e+00
22 0 +4.761112888e-01 +1.000476111e+03 +1.000476111e+03 +3.1902e+00 -6.4628e-01
30 0 +2.452370391e-01 +1.000245237e+03 +1.000245237e+03 +3.8458e+00 -1.1589e-01
35 0 +1.945881204e-01 +1.000194588e+03 +1.000194588e+03 +2.9289e+00 +0.0000e+00
292 0 +2.745202764e-02 +1.000027452e+03 +1.000027452e+03 +3.2158e+00 +8.1628e-02
296 0 +5.470618214e-03 +1.000005471e+03 +1.000005471e+03 +3.3423e+00 +8.8748e-02
304 0 +7.172071390e-04 +1.000000717e+03 +1.000000717e+03 +3.3450e+00 +9.3460e-03
370 0 +3.357498712e-04 +1.000000336e+03 +1.000000336e+03 +3.3695e+00 +3.8323e-02
377 0 +1.676266562e-04 +1.000000168e+03 +1.000000168e+03 +3.3695e+00 +7.0531e-03
386 0 +7.230578944e-06 +1.000000007e+03 +1.000000007e+03 +3.3695e+00 +2.2688e-02
397 0 +1.493782406e-06 +1.000000001e+03 +1.000000001e+03 +3.3695e+00 +1.8779e-02
406 0 +5.425293921e-07 +1.000000001e+03 +1.000000001e+03 +3.3695e+00 +2.0734e-02
413 0 +6.324307833e-08 +1.000000000e+03 +1.000000000e+03 +3.3695e+00 +1.9757e-02
426 0 +4.018488653e-09 +1.000000000e+03 +1.000000000e+03 +3.3695e+00 +2.0001e-02
477 0 +1.136868377e-13 +1.000000000e+03 +1.000000000e+03 +3.3696e+00 +2.0000e-02
484 0 +0.000000000e+00 +1.000000000e+03 +1.000000000e+03 +3.3696e+00 +2.0000e-02
20000 0 +0.000000000e+00 +1.000000000e+03 +1.000000000e+03 +3.3696e+00 +2.0000e-02
% f evaluations | g evaluations | best noise-free fitness - Fopt (-2.390000000000e+00) + sum g_i+ | measured fitness | best measured fitness or single-digit g-values | x1 | x2...
1 0 +3.789256960e+00 +1.399256960e+00 +1.399256960e+00 +0.0000e+00 +0.0000e+00
7 0 +2.397356731e+00 +7.356730920e-03 +7.356730920e-03 -1.4419e+00 +1.3153e+00
53 0 +2.722600403e-01 -2.117739960e+00 -2.117739960e+00 +3.8233e-01 +1.6241e+00
56 0 +1.967375061e-01 -2.193262494e+00 -2.193262494e+00 +2.6126e-01 +2.2827e+00
57 0 +3.046526481e-02 -2.359534735e+00 -2.359534735e+00 -1.5922e-02 +2.1205e+00
202 0 +1.764759974e-02 -2.372352400e+00 -2.372352400e+00 -1.9294e-02 +2.0790e+00
279 0 +5.602470862e-03 -2.384397529e+00 -2.384397529e+00 -8.8340e-02 +1.9021e+00
361 0 +1.900666244e-03 -2.388099334e+00 -2.388099334e+00 +1.4207e-03 +1.9142e+00
375 0 +9.256228139e-04 -2.389074377e+00 -2.389074377e+00 -2.9850e-02 +1.9768e+00
377 0 +4.235488829e-06 -2.389995765e+00 -2.389995765e+00 -2.9850e-02 +1.9455e+00
396 0 +8.255066550e-07 -2.389999174e+00 -2.389999174e+00 -2.7895e-02 +1.9455e+00
406 0 +1.656280668e-08 -2.389999983e+00 -2.389999983e+00 -2.7895e-02 +1.9465e+00
419 0 +5.878997733e-09 -2.389999994e+00 -2.389999994e+00 -2.8017e-02 +1.9465e+00
466 0 +9.103828802e-14 -2.390000000e+00 -2.390000000e+00 -2.8000e-02 +1.9464e+00
511 0 +0.000000000e+00 -2.390000000e+00 -2.390000000e+00 -2.8000e-02 +1.9464e+00
20000 0 +0.000000000e+00 -2.390000000e+00 -2.390000000e+00 -2.8000e-02 +1.9464e+00
% f evaluations | g evaluations | best noise-free fitness - Fopt (1.000000000000e+03) + sum g_i+ | measured fitness | best measured fitness or single-digit g-values | x1 | x2...
1 0 +2.719600640e+00 +1.002719601e+03 +1.002719601e+03 +0.0000e+00 +0.0000e+00
3 0 +6.167085305e-01 +1.000616709e+03 +1.000616709e+03 -1.9001e+00 +1.2895e+00
7 0 +5.325683446e-01 +1.000532568e+03 +1.000532568e+03 -1.4419e+00 +1.3153e+00
11 0 +4.834401836e-01 +1.000483440e+03 +1.000483440e+03 -1.3913e+00 -8.7389e-02
15 0 +2.012826395e-01 +1.000201283e+03 +1.000201283e+03 -1.4320e+00 +1.0277e+00
172 0 +1.593176834e-01 +1.000159318e+03 +1.000159318e+03 -1.9222e+00 +7.0432e-01
179 0 +1.436261950e-01 +1.000143626e+03 +1.000143626e+03 -1.8246e+00 +8.4132e-01
233 0 +1.074206112e-01 +1.000107421e+03 +1.000107421e+03 -1.2137e+00 +6.3049e-01
241 0 +6.698746683e-02 +1.000066987e+03 +1.000066987e+03 -1.7312e+00 +7.6551e-01
245 0 +3.391714466e-02 +1.000033917e+03 +1.000033917e+03 -1.5567e+00 +7.7533e-01
253 0 +5.635016008e-03 +1.000005635e+03 +1.000005635e+03 -1.5530e+00 +6.6579e-01
357 0 +5.196875469e-03 +1.000005197e+03 +1.000005197e+03 -1.5646e+00 +5.2454e-01
366 0 +3.966661345e-03 +1.000003967e+03 +1.000003967e+03 -1.5646e+00 +6.4962e-01
373 0 +6.704454513e-04 +1.000000670e+03 +1.000000670e+03 -1.5646e+00 +5.8708e-01
380 0 +5.838955599e-05 +1.000000058e+03 +1.000000058e+03 -1.5334e+00 +5.8708e-01
391 0 +2.806026623e-05 +1.000000028e+03 +1.000000028e+03 -1.5412e+00 +5.8708e-01
394 0 +1.228630470e-05 +1.000000012e+03 +1.000000012e+03 -1.5412e+00 +5.9490e-01
401 0 +4.780719678e-06 +1.000000005e+03 +1.000000005e+03 -1.5373e+00 +5.9099e-01
407 0 +1.018048579e-06 +1.000000001e+03 +1.000000001e+03 -1.5392e+00 +5.9099e-01
410 0 +8.942096201e-07 +1.000000001e+03 +1.000000001e+03 -1.5392e+00 +5.9295e-01
417 0 +1.216221790e-09 +1.000000000e+03 +1.000000000e+03 -1.5392e+00 +5.9197e-01
475 0 +6.821210263e-13 +1.000000000e+03 +1.000000000e+03 -1.5392e+00 +5.9200e-01
488 0 +0.000000000e+00 +1.000000000e+03 +1.000000000e+03 -1.5392e+00 +5.9200e-01
20000 0 +0.000000000e+00 +1.000000000e+03 +1.000000000e+03 -1.5392e+00 +5.9200e-01
% f evaluations | g evaluations | best noise-free fitness - Fopt (-2.304000000000e+01) + sum g_i+ | measured fitness | best measured fitness or single-digit g-values | x1 | x2...
1 0 +1.334074624e+01 -9.699253760e+00 -9.699253760e+00 +0.0000e+00 +0.0000e+00
19 0 +8.914002590e+00 -1.412599741e+01 -1.412599741e+01 +3.3113e+00 -1.3049e+00
20 0 +6.631158215e-01 -2.237688418e+01 -2.237688418e+01 +3.9578e+00 +1.2895e+00
25 0 +5.592047441e-02 -2.298407953e+01 -2.298407953e+01 +3.0224e+00 +1.5954e+00
354 0 +2.812849264e-02 -2.301187151e+01 -2.301187151e+01 +3.3483e+00 +1.8107e+00
367 0 +1.466737462e-02 -2.302533263e+01 -2.302533263e+01 +3.2232e+00 +1.5606e+00
370 0 +4.318213769e-04 -2.303956818e+01 -2.303956818e+01 +3.2232e+00 +1.6856e+00
380 0 +1.587393750e-04 -2.303984126e+01 -2.303984126e+01 +3.2545e+00 +1.6856e+00
387 0 +5.082269125e-05 -2.303994918e+01 -2.303994918e+01 +3.2388e+00 +1.6856e+00
396 0 +4.366661196e-05 -2.303995633e+01 -2.303995633e+01 +3.2467e+00 +1.6856e+00
397 0 +1.667237182e-05 -2.303998333e+01 -2.303998333e+01 +3.2467e+00 +1.6778e+00
403 0 +4.971806167e-06 -2.303999503e+01 -2.303999503e+01 +3.2427e+00 +1.6778e+00
406 0 +3.190320946e-06 -2.303999681e+01 -2.303999681e+01 +3.2427e+00 +1.6817e+00
413 0 +2.614122323e-07 -2.303999974e+01 -2.303999974e+01 +3.2427e+00 +1.6798e+00
424 0 +5.288548621e-08 -2.303999995e+01 -2.303999995e+01 +3.2432e+00 +1.6798e+00
434 0 +1.224709223e-09 -2.304000000e+01 -2.304000000e+01 +3.2432e+00 +1.6800e+00
477 0 +7.140954494e-13 -2.304000000e+01 -2.304000000e+01 +3.2432e+00 +1.6800e+00
518 0 +0.000000000e+00 -2.304000000e+01 -2.304000000e+01 +3.2432e+00 +1.6800e+00
20000 0 +0.000000000e+00 -2.304000000e+01 -2.304000000e+01 +3.2432e+00 +1.6800e+00
% f evaluations | g evaluations | best noise-free fitness - Fopt (1.084500000000e+02) + sum g_i+ | measured fitness | best measured fitness or single-digit g-values | x1 | x2...
1 0 +1.836677632e+01 +1.268167763e+02 +1.268167763e+02 +0.0000e+00 +0.0000e+00
19 0 +8.567028886e+00 +1.170170289e+02 +1.170170289e+02 +3.3113e+00 -1.3049e+00
29 0 +3.725474572e+00 +1.121754746e+02 +1.121754746e+02 +2.3876e+00 -1.9939e+00
36 0 +2.367836457e+00 +1.108178365e+02 +1.108178365e+02 +3.8233e-01 -4.2338e+00
43 0 +1.718492450e+00 +1.101684925e+02 +1.101684925e+02 +5.6807e-01 -3.9731e+00
45 0 +8.152589632e-01 +1.092652590e+02 +1.092652590e+02 +1.5376e+00 -3.0163e+00
51 0 +6.428044549e-01 +1.090928045e+02 +1.090928045e+02 +1.4142e+00 -3.1973e+00
114 0 +5.212434747e-01 +1.089712435e+02 +1.089712435e+02 +2.5365e+00 -3.5685e+00
174 0 +1.813924930e-01 +1.086313925e+02 +1.086313925e+02 +2.1106e+00 -4.2083e+00
206 0 +1.001216499e-01 +1.085501216e+02 +1.085501216e+02 +1.9590e+00 -4.1591e+00
209 0 +4.441136056e-03 +1.084544411e+02 +1.084544411e+02 +1.9129e+00 -3.9082e+00
366 0 +3.710716259e-03 +1.084537107e+02 +1.084537107e+02 +1.8134e+00 -3.8453e+00
372 0 +8.755985552e-05 +1.084500876e+02 +1.084500876e+02 +1.8759e+00 -3.8453e+00
385 0 +4.841796226e-05 +1.084500484e+02 +1.084500484e+02 +1.8759e+00 -3.8610e+00
394 0 +6.874487710e-06 +1.084500069e+02 +1.084500069e+02 +1.8759e+00 -3.8531e+00
399 0 +4.142683537e-06 +1.084500041e+02 +1.084500041e+02 +1.8720e+00 -3.8531e+00
408 0 +1.688934304e-06 +1.084500017e+02 +1.084500017e+02 +1.8739e+00 -3.8531e+00
409 0 +6.158489612e-07 +1.084500006e+02 +1.084500006e+02 +1.8739e+00 -3.8551e+00
418 0 +1.974787978e-07 +1.084500002e+02 +1.084500002e+02 +1.8739e+00 -3.8541e+00
423 0 +9.473149021e-08 +1.084500001e+02 +1.084500001e+02 +1.8735e+00 -3.8541e+00
425 0 +6.518835960e-08 +1.084500001e+02 +1.084500001e+02 +1.8735e+00 -3.8546e+00
432 0 +5.687996918e-08 +1.084500001e+02 +1.084500001e+02 +1.8737e+00 -3.8546e+00
434 0 +1.196947608e-08 +1.084500000e+02 +1.084500000e+02 +1.8737e+00 -3.8544e+00
439 0 +1.203162014e-09 +1.084500000e+02 +1.084500000e+02 +1.8736e+00 -3.8544e+00
476 0 +1.278976924e-13 +1.084500000e+02 +1.084500000e+02 +1.8736e+00 -3.8544e+00
508 0 +0.000000000e+00 +1.084500000e+02 +1.084500000e+02 +1.8736e+00 -3.8544e+00
20000 0 +0.000000000e+00 +1.084500000e+02 +1.084500000e+02 +1.8736e+00 -3.8544e+00
% f evaluations | g evaluations | best noise-free fitness - Fopt (2.606200000000e+02) + sum g_i+ | measured fitness | best measured fitness or single-digit g-values | x1 | x2...
1 0 +1.473654400e+01 +2.753565440e+02 +2.753565440e+02 +0.0000e+00 +0.0000e+00
3 0 +1.048061085e+01 +2.711006109e+02 +2.711006109e+02 -1.9001e+00 +1.2895e+00
7 0 +8.729722503e+00 +2.693497225e+02 +2.693497225e+02 -1.4419e+00 +1.3153e+00
53 0 +4.981216366e+00 +2.656012164e+02 +2.656012164e+02 +3.8233e-01 +1.6241e+00
54 0 +1.013685741e+00 +2.616336857e+02 +2.616336857e+02 +1.0288e+00 +4.2184e+00
59 0 +4.715796123e-01 +2.610915796e+02 +2.610915796e+02 +9.3453e-02 +4.5243e+00
292 0 +2.142867690e-01 +2.608342868e+02 +2.608342868e+02 -2.9725e-01 +3.5947e+00
296 0 +1.271773644e-01 +2.607471774e+02 +2.607471774e+02 -1.7074e-01 +3.6018e+00
353 0 +4.132680298e-02 +2.606613268e+02 +2.606613268e+02 -8.0977e-02 +3.7390e+00
360 0 +1.496165460e-02 +2.606349617e+02 +2.606349617e+02 +1.6919e-01 +3.7390e+00
367 0 +1.249893697e-02 +2.606324989e+02 +2.606324989e+02 +4.4104e-02 +3.7390e+00
370 0 +3.478102159e-03 +2.606234781e+02 +2.606234781e+02 +4.4104e-02 +3.8641e+00
376 0 +7.981380177e-04 +2.606207981e+02 +2.606207981e+02 +1.0664e-01 +3.8641e+00
385 0 +1.198545040e-04 +2.606201199e+02 +2.606201199e+02 +1.0664e-01 +3.8328e+00
391 0 +5.647248503e-05 +2.606200565e+02 +2.606200565e+02 +9.1009e-02 +3.8328e+00
400 0 +2.704907331e-05 +2.606200270e+02 +2.606200270e+02 +9.8827e-02 +3.8328e+00
402 0 +1.327668821e-05 +2.606200133e+02 +2.606200133e+02 +9.8827e-02 +3.8406e+00
409 0 +4.317376010e-06 +2.606200043e+02 +2.606200043e+02 +9.4918e-02 +3.8367e+00
416 0 +7.811744354e-07 +2.606200008e+02 +2.606200008e+02 +9.6873e-02 +3.8367e+00
426 0 +1.453912546e-08 +2.606200000e+02 +2.606200000e+02 +9.6873e-02 +3.8377e+00
439 0 +1.174402087e-08 +2.606200000e+02 +2.606200000e+02 +9.6750e-02 +3.8377e+00
441 0 +3.129855486e-09 +2.606200000e+02 +2.606200000e+02 +9.6750e-02 +3.8376e+00
482 0 +7.958078641e-13 +2.606200000e+02 +2.606200000e+02 +9.6800e-02 +3.8376e+00
493 0 +0.000000000e+00 +2.606200000e+02 +2.606200000e+02 +9.6800e-02 +3.8376e+00
20000 0 +0.000000000e+00 +2.606200000e+02 +2.606200000e+02 +9.6800e-02 +3.8376e+00
% f evaluations | g evaluations | best noise-free fitness - Fopt (-3.553300000000e+02) + sum g_i+ | measured fitness | best measured fitness or single-digit g-values | x1 | x2...
1 0 +3.309414400e+00 -3.520205856e+02 -3.520205856e+02 +0.0000e+00 +0.0000e+00
2 0 +1.101011701e+00 -3.542289883e+02 -3.542289883e+02 -2.5466e+00 -1.3049e+00
9 0 +5.811257183e-01 -3.547488743e+02 -3.547488743e+02 -2.3609e+00 -1.0441e+00
11 0 +5.016624125e-01 -3.548283376e+02 -3.548283376e+02 -1.3913e+00 -8.7389e-02
17 0 +2.460432349e-01 -3.550839568e+02 -3.550839568e+02 -1.5147e+00 -2.6837e-01
240 0 +7.566100467e-02 -3.552543390e+02 -3.552543390e+02 -1.3934e+00 -8.0674e-01
244 0 +2.896149019e-02 -3.553010385e+02 -3.553010385e+02 -1.5450e+00 -6.1765e-01
314 0 +2.594819140e-02 -3.553040518e+02 -3.553040518e+02 -1.5132e+00 -6.7792e-01
359 0 +1.546990368e-02 -3.553145301e+02 -3.553145301e+02 -1.6641e+00 -6.1806e-01
361 0 +1.121614525e-05 -3.553299888e+02 -3.553299888e+02 -1.6641e+00 -7.4315e-01
384 0 +9.709737014e-07 -3.553299990e+02 -3.553299990e+02 -1.6602e+00 -7.4315e-01
395 0 +6.675280702e-07 -3.553299993e+02 -3.553299993e+02 -1.6611e+00 -7.4315e-01
398 0 +1.645948942e-07 -3.553299998e+02 -3.553299998e+02 -1.6611e+00 -7.4217e-01
404 0 +7.758950460e-08 -3.553299999e+02 -3.553299999e+02 -1.6606e+00 -7.4217e-01
411 0 +6.141016229e-08 -3.553299999e+02 -3.553299999e+02 -1.6609e+00 -7.4217e-01
413 0 +8.097288173e-09 -3.553300000e+02 -3.553300000e+02 -1.6609e+00 -7.4241e-01
466 0 +5.684341886e-13 -3.553300000e+02 -3.553300000e+02 -1.6608e+00 -7.4240e-01
487 0 +0.000000000e+00 -3.553300000e+02 -3.553300000e+02 -1.6608e+00 -7.4240e-01
20000 0 +0.000000000e+00 -3.553300000e+02 -3.553300000e+02 -1.6608e+00 -7.4240e-01
% f evaluations | g evaluations | best noise-free fitness - Fopt (2.257700000000e+02) + sum g_i+ | measured fitness | best measured fitness or single-digit g-values | x1 | x2...
1 0 +1.691318528e+01 +2.426831853e+02 +2.426831853e+02 +0.0000e+00 +0.0000e+00
19 0 +8.675632386e+00 +2.344456324e+02 +2.344456324e+02 +3.3113e+00 -1.3049e+00
21 0 +7.468479655e+00 +2.332384797e+02 +2.332384797e+02 +1.3715e+00 -1.0395e+00
29 0 +3.607244169e+00 +2.293772442e+02 +2.293772442e+02 +2.3876e+00 -1.9939e+00
36 0 +1.904712394e+00 +2.276747124e+02 +2.276747124e+02 +3.8233e-01 -4.2338e+00
43 0 +1.276746841e+00 +2.270467468e+02 +2.270467468e+02 +5.6807e-01 -3.9731e+00
45 0 +5.653129713e-01 +2.263353130e+02 +2.263353130e+02 +1.5376e+00 -3.0163e+00
51 0 +3.801954515e-01 +2.261501955e+02 +2.261501955e+02 +1.4142e+00 -3.1973e+00
240 0 +2.032796818e-02 +2.257903280e+02 +2.257903280e+02 +1.5356e+00 -3.7357e+00
247 0 +1.909152433e-02 +2.257890915e+02 +2.257890915e+02 +1.6063e+00 -3.6364e+00
309 0 +4.089266615e-03 +2.257740893e+02 +2.257740893e+02 +1.6740e+00 -3.6913e+00
357 0 +3.106685366e-03 +2.257731067e+02 +2.257731067e+02 +1.6401e+00 -3.7972e+00
368 0 +2.428867179e-03 +2.257724289e+02 +2.257724289e+02 +1.7027e+00 -3.7972e+00
370 0 +1.091877765e-03 +2.257710919e+02 +2.257710919e+02 +1.7027e+00 -3.7346e+00
375 0 +4.529561200e-04 +2.257704530e+02 +2.257704530e+02 +1.6714e+00 -3.7346e+00
377 0 +1.436200880e-04 +2.257701436e+02 +2.257701436e+02 +1.6714e+00 -3.7659e+00
386 0 +5.383041926e-05 +2.257700538e+02 +2.257700538e+02 +1.6714e+00 -3.7503e+00
392 0 +3.021756700e-05 +2.257700302e+02 +2.257700302e+02 +1.6792e+00 -3.7503e+00
393 0 +1.399798018e-05 +2.257700140e+02 +2.257700140e+02 +1.6792e+00 -3.7581e+00
399 0 +1.052580100e-05 +2.257700105e+02 +2.257700105e+02 +1.6753e+00 -3.7581e+00
402 0 +3.356989112e-06 +2.257700034e+02 +2.257700034e+02 +1.6753e+00 -3.7542e+00
408 0 +1.273427387e-06 +2.257700013e+02 +2.257700013e+02 +1.6772e+00 -3.7542e+00
409 0 +1.038182006e-06 +2.257700010e+02 +2.257700010e+02 +1.6772e+00 -3.7561e+00
418 0 +2.008918614e-07 +2.257700002e+02 +2.257700002e+02 +1.6772e+00 -3.7551e+00
423 0 +5.597684094e-09 +2.257700000e+02 +2.257700000e+02 +1.6768e+00 -3.7551e+00
480 0 +9.663381206e-13 +2.257700000e+02 +2.257700000e+02 +1.6768e+00 -3.7552e+00
487 0 +0.000000000e+00 +2.257700000e+02 +2.257700000e+02 +1.6768e+00 -3.7552e+00
20000 0 +0.000000000e+00 +2.257700000e+02 +2.257700000e+02 +1.6768e+00 -3.7552e+00
% f evaluations | g evaluations | best noise-free fitness - Fopt (1.004400000000e+02) + sum g_i+ | measured fitness | best measured fitness or single-digit g-values | x1 | x2...
1 0 +1.163411968e+01 +1.120741197e+02 +1.120741197e+02 +0.0000e+00 +0.0000e+00
21 0 +6.893166754e+00 +1.073331668e+02 +1.073331668e+02 +1.3715e+00 -1.0395e+00
36 0 +7.134482539e-01 +1.011534483e+02 +1.011534483e+02 +3.8233e-01 -4.2338e+00
39 0 +3.063984095e-02 +1.004706398e+02 +1.004706398e+02 +2.6126e-01 -3.5752e+00
352 0 +9.483055063e-03 +1.004494831e+02 +1.004494831e+02 +3.0550e-01 -3.4632e+00
363 0 +5.940496592e-03 +1.004459405e+02 +1.004459405e+02 +1.8042e-01 -3.4632e+00
372 0 +3.800452872e-03 +1.004438005e+02 +1.004438005e+02 +2.4296e-01 -3.4632e+00
374 0 +2.069930786e-04 +1.004402070e+02 +1.004402070e+02 +2.4296e-01 -3.4007e+00
383 0 +8.630954440e-06 +1.004400086e+02 +1.004400086e+02 +2.2733e-01 -3.4007e+00
397 0 +4.043112114e-06 +1.004400040e+02 +1.004400040e+02 +2.2733e-01 -3.4046e+00
404 0 +2.100818378e-06 +1.004400021e+02 +1.004400021e+02 +2.2928e-01 -3.4046e+00
406 0 +5.750882082e-07 +1.004400006e+02 +1.004400006e+02 +2.2928e-01 -3.4026e+00
413 0 +3.830404580e-07 +1.004400004e+02 +1.004400004e+02 +2.2928e-01 -3.4036e+00
419 0 +1.524292799e-07 +1.004400002e+02 +1.004400002e+02 +2.2879e-01 -3.4036e+00
422 0 +9.724942629e-09 +1.004400000e+02 +1.004400000e+02 +2.2879e-01 -3.4031e+00
480 0 +9.379164112e-13 +1.004400000e+02 +1.004400000e+02 +2.2880e-01 -3.4032e+00
496 0 +0.000000000e+00 +1.004400000e+02 +1.004400000e+02 +2.2880e-01 -3.4032e+00
20000 0 +0.000000000e+00 +1.004400000e+02 +1.004400000e+02 +2.2880e-01 -3.4032e+00
