% f evaluations | g evaluations | best noise-free fitness - Fopt (7.948000000000e+01) + sum g_i+ | measured fitness | best measured fitness or single-digit g-values | x1 | x2...
1 0 +1.926270080e+00 +8.140627008e+01 +8.140627008e+01 +0.0000e+00 +0.0000e+00 +0.0000e+00
40 0 +1.918419384e+00 +8.139841938e+01 +8.139841938e+01 +5.9773e-02 -1.9085e+00 +4.2320e-01
43 0 +1.494746109e+00 +8.097474611e+01 +8.097474611e+01 -6.9178e-01 -1.6869e+00 -1.5699e-01
51 0 +1.322495607e+00 +8.080249561e+01 +8.080249561e+01 +3.8384e-01 -1.3994e+00 +3.9245e-01
122 0 +3.641186062e-01 +7.984411861e+01 +7.984411861e+01 -3.2573e-01 -9.9587e-01 -6.6467e-01
330 0 +2.491569124e-01 +7.972915691e+01 +7.972915691e+01 -1.8228e-01 -1.3278e+00 -5.4904e-01
481 0 +6.124173697e-02 +7.954124174e+01 +7.954124174e+01 +1.4711e-01 -1.3713e+00 -6.6036e-01
482 0 +1.652288948e-02 +7.949652289e+01 +7.949652289e+01 +3.2625e-01 -1.2573e+00 -6.9181e-01
539 0 +1.045569348e-02 +7.949045569e+01 +7.949045569e+01 +3.0974e-01 -1.1637e+00 -8.0865e-01
542 0 +4.925596201e-03 +7.948492560e+01 +7.948492560e+01 +3.0974e-01 -1.1637e+00 -6.8357e-01
549 0 +1.714455538e-03 +7.948171446e+01 +7.948171446e+01 +2.4720e-01 -1.1637e+00 -6.8357e-01
553 0 +5.681812234e-04 +7.948056818e+01 +7.948056818e+01 +2.4720e-01 -1.1637e+00 -7.4611e-01
566 0 +1.634876416e-04 +7.948016349e+01 +7.948016349e+01 +2.4720e-01 -1.1637e+00 -7.1484e-01
577 0 +1.213767478e-04 +7.948012138e+01 +7.948012138e+01 +2.4720e-01 -1.1637e+00 -7.3047e-01
586 0 +9.496838244e-05 +7.948009497e+01 +7.948009497e+01 +2.5502e-01 -1.1637e+00 -7.3047e-01
588 0 +4.756928078e-05 +7.948004757e+01 +7.948004757e+01 +2.5502e-01 -1.1559e+00 -7.3047e-01
590 0 +7.510306531e-06 +7.948000751e+01 +7.948000751e+01 +2.5502e-01 -1.1559e+00 -7.2265e-01
597 0 +5.435883907e-06 +7.948000544e+01 +7.948000544e+01 +2.5111e-01 -1.1559e+00 -7.2265e-01
610 0 +2.653443900e-06 +7.948000265e+01 +7.948000265e+01 +2.5307e-01 -1.1559e+00 -7.2265e-01
613 0 +1.209233488e-06 +7.948000121e+01 +7.948000121e+01 +2.5307e-01 -1.1559e+00 -7.2461e-01
623 0 +4.497313739e-07 +7.948000045e+01 +7.948000045e+01 +2.5307e-01 -1.1569e+00 -7.2461e-01
626 0 +2.169237519e-07 +7.948000022e+01 +7.948000022e+01 +2.5307e-01 -1.1569e+00 -7.2363e-01
633 0 +1.963491343e-07 +7.948000020e+01 +7.948000020e+01 +2.5258e-01 -1.1569e+00 -7.2363e-01
637 0 +7.402474012e-08 +7.948000007e+01 +7.948000007e+01 +2.5258e-01 -1.1569e+00 -7.2412e-01
646 0 +2.462999760e-08 +7.948000002e+01 +7.948000002e+01 +2.5282e-01 -1.1569e+00 -7.2412e-01
660 0 +1.512417214e-08 +7.948000002e+01 +7.948000002e+01 +2.5282e-01 -1.1568e+00 -7.2412e-01
662 0 +9.437286508e-10 +7.948000000e+01 +7.948000000e+01 +2.5282e-01 -1.1568e+00 -7.2400e-01
738 0 +6.679101716e-13 +7.948000000e+01 +7.948000000e+01 +2.5280e-01 -1.1568e+00 -7.2400e-01
770 0 +0.000000000e+00 +7.948000000e+01 +7.948000000e+01 +2.5280e-01 -1.1568e+00 -7.2400e-01
30101 0 +0.000000000e+00 +7.948000000e+01 +7.948000000e+01 +2.5280e-01 -1.1568e+00 -7.2400e-01
% f evaluations | g evaluations | best noise-free fitness - Fopt (3.944800000000e+02) + sum g_i+ | measured fitness | best measured fitness or single-digit g-values | x1 | x2...
1 0 +3.801018048e+01 +4.324901805e+02 +4.324901805e+02 +0.0000e+00 +0.0000e+00 +0.0000e+00
2 0 +2.653938407e+01 +4.210193841e+02 +4.210193841e+02 -2.5673e+00 -1.2343e+00 +8.9066e-01
3 0 +1.328845061e+01 +4.077684506e+02 +4.077684506e+02 -2.2666e+00 -1.3739e+00 -9.1695e-01
104 0 +1.044160085e+01 +4.049216008e+02 +4.049216008e+02 -1.8610e+00 -8.9470e-01 -2.2833e+00
105 0 +8.719615620e+00 +4.031996156e+02 +4.031996156e+02 -1.6430e+00 -9.9587e-01 -3.5936e+00
206 0 +7.007181810e+00 +4.014871818e+02 +4.014871818e+02 -3.4721e+00 -6.4855e-01 -2.4609e+00
207 0 +5.197309526e+00 +3.996773095e+02 +3.996773095e+02 -3.3141e+00 -7.2188e-01 -3.4107e+00
208 0 +4.854514396e+00 +3.993345144e+02 +3.993345144e+02 -3.2812e+00 -9.4217e-01 -2.9790e+00
245 0 +3.914291663e+00 +3.983942917e+02 +3.983942917e+02 -2.8019e+00 -1.2477e+00 -3.6864e+00
308 0 +2.883295397e+00 +3.973632954e+02 +3.973632954e+02 -3.1009e+00 -2.0091e+00 -2.5897e+00
309 0 +1.792350435e+00 +3.962723504e+02 +3.962723504e+02 -2.9864e+00 -2.0623e+00 -3.2782e+00
411 0 +1.330932440e+00 +3.958109324e+02 +3.958109324e+02 -3.8645e+00 -1.9183e+00 -3.1821e+00
445 0 +1.121447728e+00 +3.956014477e+02 +3.956014477e+02 -3.0558e+00 -2.7269e+00 -3.1821e+00
449 0 +8.021016215e-01 +3.952821016e+02 +3.952821016e+02 -3.5953e+00 -2.1946e+00 -3.3269e+00
517 0 +3.420579583e-01 +3.948220580e+02 +3.948220580e+02 -4.2393e+00 -3.3483e+00 -3.9296e+00
526 0 +2.512372627e-01 +3.947312373e+02 +3.947312373e+02 -3.7390e+00 -3.3483e+00 -3.9296e+00
528 0 +4.338518887e-02 +3.945233852e+02 +3.945233852e+02 -3.7390e+00 -2.8480e+00 -3.9296e+00
537 0 +2.621436941e-02 +3.945062144e+02 +3.945062144e+02 -3.9892e+00 -2.8480e+00 -3.9296e+00
550 0 +1.810371828e-02 +3.944981037e+02 +3.944981037e+02 -3.8641e+00 -2.8480e+00 -3.6794e+00
553 0 +2.983810976e-03 +3.944829838e+02 +3.944829838e+02 -3.8641e+00 -2.8480e+00 -3.8045e+00
561 0 +2.602429067e-03 +3.944826024e+02 +3.944826024e+02 -3.9266e+00 -2.8480e+00 -3.8045e+00
563 0 +1.204677604e-03 +3.944812047e+02 +3.944812047e+02 -3.9266e+00 -2.9105e+00 -3.8045e+00
574 0 +4.175378193e-04 +3.944804175e+02 +3.944804175e+02 -3.8954e+00 -2.9105e+00 -3.8045e+00
576 0 +1.385828121e-04 +3.944801386e+02 +3.944801386e+02 -3.8954e+00 -2.8792e+00 -3.8045e+00
587 0 +3.360263099e-05 +3.944800336e+02 +3.944800336e+02 -3.8954e+00 -2.8949e+00 -3.8045e+00
600 0 +2.497830036e-05 +3.944800250e+02 +3.944800250e+02 -3.8954e+00 -2.8870e+00 -3.8045e+00
609 0 +1.642053633e-05 +3.944800164e+02 +3.944800164e+02 -3.8993e+00 -2.8870e+00 -3.8045e+00
611 0 +5.454096367e-06 +3.944800055e+02 +3.944800055e+02 -3.8993e+00 -2.8910e+00 -3.8045e+00
614 0 +4.314435444e-06 +3.944800043e+02 +3.944800043e+02 -3.8993e+00 -2.8910e+00 -3.8006e+00
625 0 +1.064614594e-06 +3.944800011e+02 +3.944800011e+02 -3.8993e+00 -2.8910e+00 -3.8025e+00
634 0 +3.393170687e-07 +3.944800003e+02 +3.944800003e+02 -3.8983e+00 -2.8910e+00 -3.8025e+00
636 0 +2.161885959e-07 +3.944800002e+02 +3.944800002e+02 -3.8983e+00 -2.8900e+00 -3.8025e+00
647 0 +3.902465551e-08 +3.944800000e+02 +3.944800000e+02 -3.8983e+00 -2.8905e+00 -3.8025e+00
662 0 +2.747788130e-08 +3.944800000e+02 +3.944800000e+02 -3.8983e+00 -2.8905e+00 -3.8023e+00
669 0 +1.369647862e-08 +3.944800000e+02 +3.944800000e+02 -3.8984e+00 -2.8905e+00 -3.8023e+00
673 0 +4.078799520e-09 +3.944800000e+02 +3.944800000e+02 -3.8984e+00 -2.8903e+00 -3.8024e+00
748 0 +5.684341886e-13 +3.944800000e+02 +3.944800000e+02 -3.8984e+00 -2.8904e+00 -3.8024e+00
769 0 +0.000000000e+00 +3.944800000e+02 +3.944800000e+02 -3.8984e+00 -2.8904e+00 -3.8024e+00
30101 0 +0.000000000e+00 +3.944800000e+02 +3.944800000e+02 -3.8984e+00 -2.8904e+00 -3.8024e+00
% f evaluations | g evaluations | best noise-free fitness - Fopt (-2.471100000000e+02) + sum g_i+ | measured fitness | best measured fitness or single-digit g-values | x1 | x2...
1 0 +1.494689024e+01 -2.321631098e+02 -2.321631098e+02 +0.0000e+00 +0.0000e+00 +0.0000e+00
2 0 +6.084286108e+00 -2.410257139e+02 -2.410257139e+02 -2.5673e+00 -1.2343e+00 +8.9066e-01
3 0 +4.884408076e+00 -2.422255919e+02 -2.422255919e+02 -2.2666e+00 -1.3739e+00 -9.1695e-01
5 0 +1.750621067e+00 -2.453593789e+02 -2.453593789e+02 -3.5180e+00 +6.0727e-01 +5.3710e-01
7 0 +8.646485196e-01 -2.462453515e+02 -2.462453515e+02 -4.2207e+00 +5.5435e-01 -1.4415e+00
466 0 +5.259423103e-01 -2.465840577e+02 -2.465840577e+02 -3.5953e+00 -4.2825e-01 -3.9799e-01
517 0 +3.368924600e-01 -2.467731075e+02 -2.467731075e+02 -4.2393e+00 +4.1935e-01 -1.0006e+00
526 0 +1.460068516e-01 -2.469639931e+02 -2.469639931e+02 -3.7390e+00 +4.1935e-01 -1.0006e+00
530 0 +8.668152118e-02 -2.470233185e+02 -2.470233185e+02 -3.7390e+00 +4.1935e-01 -5.0032e-01
539 0 +4.111886859e-02 -2.470688811e+02 -2.470688811e+02 -3.7390e+00 +1.6919e-01 -5.0032e-01
541 0 +8.200366516e-03 -2.471017996e+02 -2.471017996e+02 -3.7390e+00 +1.6919e-01 -7.5049e-01
555 0 +4.681806880e-03 -2.471053182e+02 -2.471053182e+02 -3.8015e+00 +1.6919e-01 -7.5049e-01
558 0 +4.338501164e-03 -2.471056615e+02 -2.471056615e+02 -3.8015e+00 +2.3173e-01 -7.5049e-01
560 0 +8.341578151e-04 -2.471091658e+02 -2.471091658e+02 -3.8015e+00 +2.3173e-01 -6.8795e-01
569 0 +2.797993452e-05 -2.471099720e+02 -2.471099720e+02 -3.8015e+00 +2.0046e-01 -6.8795e-01
592 0 +1.871083234e-05 -2.471099813e+02 -2.471099813e+02 -3.7976e+00 +2.0046e-01 -6.8795e-01
594 0 +1.253283034e-05 -2.471099875e+02 -2.471099875e+02 -3.7976e+00 +2.0436e-01 -6.8795e-01
595 0 +2.375210215e-06 -2.471099976e+02 -2.471099976e+02 -3.7976e+00 +2.0436e-01 -6.9186e-01
605 0 +1.644559887e-06 -2.471099984e+02 -2.471099984e+02 -3.7976e+00 +2.0241e-01 -6.9186e-01
615 0 +1.097096941e-06 -2.471099989e+02 -2.471099989e+02 -3.7986e+00 +2.0241e-01 -6.9186e-01
618 0 +5.075092702e-07 -2.471099995e+02 -2.471099995e+02 -3.7986e+00 +2.0339e-01 -6.9186e-01
620 0 +1.821757962e-07 -2.471099998e+02 -2.471099998e+02 -3.7986e+00 +2.0339e-01 -6.9088e-01
631 0 +1.061143280e-07 -2.471099999e+02 -2.471099999e+02 -3.7986e+00 +2.0339e-01 -6.9137e-01
640 0 +6.393392482e-08 -2.471099999e+02 -2.471099999e+02 -3.7984e+00 +2.0339e-01 -6.9137e-01
641 0 +3.228467449e-08 -2.471100000e+02 -2.471100000e+02 -3.7984e+00 +2.0314e-01 -6.9137e-01
644 0 +1.063335731e-08 -2.471100000e+02 -2.471100000e+02 -3.7984e+00 +2.0314e-01 -6.9112e-01
655 0 +6.538499520e-09 -2.471100000e+02 -2.471100000e+02 -3.7984e+00 +2.0314e-01 -6.9124e-01
727 0 +3.694822226e-13 -2.471100000e+02 -2.471100000e+02 -3.7984e+00 +2.0320e-01 -6.9120e-01
762 0 +0.000000000e+00 -2.471100000e+02 -2.471100000e+02 -3.7984e+00 +2.0320e-01 -6.9120e-01
30101 0 +0.000000000e+00 -2.471100000e+02 -2.471100000e+02 -3.7984e+00 +2.0320e-01 -6.9120e-01
% f evaluations | g evaluations | best noise-free fitness - Fopt (-1.520400000000e+02) + sum g_i+ | measured fitness | best measured fitness or single-digit g-values | x1 | x2...
1 0 +1.750322688e+01 -1.345367731e+02 -1.345367731e+02 +0.0000e+00 +0.0000e+00 +0.0000e+00
8 0 +1.595332551e+01 -1.360866745e+02 -1.360866745e+02 -1.2266e+00 -9.6753e-02 -3.5825e-01
12 0 +1.562023486e+01 -1.364197651e+02 -1.364197651e+02 -9.5129e-01 -3.7529e-01 -4.7302e-01
24 0 +1.054946215e+01 -1.414905379e+02 -1.414905379e+02 +1.6371e+00 +5.5435e-01 -1.4415e+00
54 0 +9.928339288e+00 -1.421116607e+02 -1.421116607e+02 +6.6231e-01 +1.5551e+00 -9.1695e-01
71 0 +8.698196780e+00 -1.433418032e+02 -1.433418032e+02 +6.6231e-01 -1.3739e+00 -3.8459e+00
73 0 +3.120650733e+00 -1.489193493e+02 -1.489193493e+02 -5.8907e-01 +6.0727e-01 -2.3918e+00
74 0 +2.283556262e+00 -1.497564437e+02 -1.497564437e+02 +5.9773e-02 +1.0204e+00 -2.5057e+00
75 0 +2.004691888e+00 -1.500353081e+02 -1.500353081e+02 -1.2918e+00 +5.5435e-01 -4.3704e+00
77 0 +9.170968987e-01 -1.511229031e+02 -1.511229031e+02 -6.9178e-01 +1.2420e+00 -3.0859e+00
156 0 +7.562058530e-01 -1.512837941e+02 -1.512837941e+02 +4.8009e-01 +1.1272e+00 -3.5936e+00
167 0 +5.972543618e-01 -1.514427456e+02 -1.514427456e+02 -4.7371e-02 +1.7738e+00 -3.2717e+00
265 0 +4.750482423e-01 -1.515649518e+02 -1.515649518e+02 -3.8534e-01 +1.2222e+00 -4.5732e+00
393 0 +3.973948544e-01 -1.516426051e+02 -1.516426051e+02 +1.3774e-01 +1.0689e+00 -3.5972e+00
396 0 +1.589551104e-01 -1.518810449e+02 -1.518810449e+02 -2.2436e-01 +1.7703e+00 -3.7319e+00
401 0 +1.258244208e-01 -1.519141756e+02 -1.519141756e+02 -2.7932e-01 +1.3094e+00 -3.5893e+00
405 0 +1.001873208e-01 -1.519398127e+02 -1.519398127e+02 -2.4891e-02 +1.3555e+00 -4.1166e+00
409 0 +8.475328245e-02 -1.519552467e+02 -1.519552467e+02 +0.0000e+00 +1.5390e+00 -3.9365e+00
416 0 +2.512289428e-02 -1.520148771e+02 -1.520148771e+02 -3.3864e-01 +1.5123e+00 -4.0354e+00
420 0 +2.038914405e-02 -1.520196109e+02 -1.520196109e+02 -2.6264e-01 +1.4354e+00 -4.0671e+00
525 0 +1.504846513e-02 -1.520249515e+02 -1.520249515e+02 -3.0832e-01 +1.5390e+00 -3.9365e+00
545 0 +1.929151382e-03 -1.520380708e+02 -1.520380708e+02 -3.0832e-01 +1.4139e+00 -3.9365e+00
556 0 +6.968818852e-04 -1.520393031e+02 -1.520393031e+02 -2.4578e-01 +1.4139e+00 -3.9365e+00
567 0 +3.351858946e-04 -1.520396648e+02 -1.520396648e+02 -2.7705e-01 +1.4139e+00 -3.9365e+00
580 0 +2.715762052e-04 -1.520397284e+02 -1.520397284e+02 -2.6142e-01 +1.4139e+00 -3.9365e+00
582 0 +2.002866308e-04 -1.520397997e+02 -1.520397997e+02 -2.6142e-01 +1.4295e+00 -3.9365e+00
584 0 +7.984264059e-05 -1.520399202e+02 -1.520399202e+02 -2.6142e-01 +1.4295e+00 -3.9208e+00
591 0 +5.053306415e-05 -1.520399495e+02 -1.520399495e+02 -2.6923e-01 +1.4295e+00 -3.9208e+00
593 0 +2.506343014e-05 -1.520399749e+02 -1.520399749e+02 -2.6923e-01 +1.4217e+00 -3.9208e+00
606 0 +2.100339873e-05 -1.520399790e+02 -1.520399790e+02 -2.6533e-01 +1.4256e+00 -3.9287e+00
608 0 +6.171006447e-06 -1.520399938e+02 -1.520399938e+02 -2.6533e-01 +1.4256e+00 -3.9247e+00
615 0 +2.663263672e-06 -1.520399973e+02 -1.520399973e+02 -2.6728e-01 +1.4256e+00 -3.9247e+00
617 0 +1.155065092e-07 -1.520399999e+02 -1.520399999e+02 -2.6728e-01 +1.4237e+00 -3.9247e+00
636 0 +3.626115586e-08 -1.520400000e+02 -1.520400000e+02 -2.6728e-01 +1.4242e+00 -3.9247e+00
647 0 +1.620176704e-08 -1.520400000e+02 -1.520400000e+02 -2.6728e-01 +1.4239e+00 -3.9247e+00
658 0 +1.162800345e-08 -1.520400000e+02 -1.520400000e+02 -2.6716e-01 +1.4239e+00 -3.9247e+00
660 0 +6.737195690e-09 -1.520400000e+02 -1.520400000e+02 -2.6716e-01 +1.4240e+00 -3.9247e+00
738 0 +1.705302566e-13 -1.520400000e+02 -1.520400000e+02 -2.6720e-01 +1.4240e+00 -3.9248e+00
772 0 +0.000000000e+00 -1.520400000e+02 -1.520400000e+02 -2.6720e-01 +1.4240e+00 -3.9248e+00
30101 0 +0.000000000e+00 -1.520400000e+02 -1.520400000e+02 -2.6720e-01 +1.4240e+00 -3.9248e+00
% f evaluations | g evaluations | best noise-free fitness - Fopt (-2.525000000000e+01) + sum g_i+ | measured fitness | best measured fitness or single-digit g-values | x1 | x2...
1 0 +1.548831296e+01 -9.761687040e+00 -9.761687040e+00 +0.0000e+00 +0.0000e+00 +0.0000e+00
19 0 +8.946374930e+00 -1.630362507e+01 -1.630362507e+01 +3.2906e+00 -1.2343e+00 +8.9066e-01
20 0 +4.291496456e+00 -2.095850354e+01 -2.095850354e+01 +3.5912e+00 -1.3739e+00 -9.1695e-01
23 0 +3.943175978e+00 -2.130682402e+01 -2.130682402e+01 +2.9887e+00 +1.0204e+00 +4.2320e-01
25 0 +2.700571530e+00 -2.254942847e+01 -2.254942847e+01 +4.6313e+00 -9.6753e-02 -3.5825e-01
241 0 +2.191401887e+00 -2.305859811e+01 -2.305859811e+01 +2.4711e+00 +6.6807e-01 -4.8180e-01
250 0 +1.891373484e+00 -2.335862652e+01 -2.335862652e+01 +3.1622e+00 +1.1928e+00 -2.4854e-01
326 0 +1.218765910e+00 -2.403123409e+01 -2.403123409e+01 +3.4909e+00 +8.6668e-01 -3.4925e-01
386 0 +9.348681643e-01 -2.431513184e+01 -2.431513184e+01 +2.8764e+00 +1.2470e+00 -1.2957e+00
427 0 +8.156613146e-01 -2.443433869e+01 -2.443433869e+01 +3.0316e+00 +1.0492e+00 -8.6967e-01
428 0 +3.935425058e-01 -2.485645749e+01 -2.485645749e+01 +3.1146e+00 +1.0106e+00 -1.3687e+00
515 0 +2.552472992e-01 -2.499475270e+01 -2.499475270e+01 +3.9324e+00 +3.8930e-01 -1.1156e+00
525 0 +1.873637948e-01 -2.506263621e+01 -2.506263621e+01 +3.4321e+00 +3.8930e-01 -1.1156e+00
529 0 +1.314587324e-01 -2.511854127e+01 -2.511854127e+01 +3.4321e+00 +3.8930e-01 -1.6159e+00
538 0 +1.028193173e-01 -2.514718068e+01 -2.514718068e+01 +3.6822e+00 +3.8930e-01 -1.6159e+00
540 0 +4.237031280e-02 -2.520762969e+01 -2.520762969e+01 +3.6822e+00 +6.3946e-01 -1.6159e+00
542 0 +7.741676714e-03 -2.524225832e+01 -2.524225832e+01 +3.6822e+00 +6.3946e-01 -1.3657e+00
549 0 +6.416092427e-03 -2.524358391e+01 -2.524358391e+01 +3.5572e+00 +6.3946e-01 -1.3657e+00
562 0 +3.167561615e-03 -2.524683244e+01 -2.524683244e+01 +3.6197e+00 +6.3946e-01 -1.3657e+00
565 0 +9.075177129e-05 -2.524990925e+01 -2.524990925e+01 +3.6197e+00 +6.3946e-01 -1.4283e+00
585 0 +6.901717454e-05 -2.524993098e+01 -2.524993098e+01 +3.6119e+00 +6.3946e-01 -1.4283e+00
590 0 +2.030179061e-05 -2.524997970e+01 -2.524997970e+01 +3.6119e+00 +6.3164e-01 -1.4205e+00
598 0 +1.589048368e-05 -2.524998411e+01 -2.524998411e+01 +3.6158e+00 +6.3164e-01 -1.4205e+00
600 0 +3.369711489e-06 -2.524999663e+01 -2.524999663e+01 +3.6158e+00 +6.3555e-01 -1.4205e+00
609 0 +1.755713626e-06 -2.524999824e+01 -2.524999824e+01 +3.6138e+00 +6.3555e-01 -1.4205e+00
613 0 +1.096689090e-06 -2.524999890e+01 -2.524999890e+01 +3.6138e+00 +6.3555e-01 -1.4224e+00
622 0 +9.487751882e-07 -2.524999905e+01 -2.524999905e+01 +3.6148e+00 +6.3555e-01 -1.4224e+00
626 0 +3.233746284e-07 -2.524999968e+01 -2.524999968e+01 +3.6148e+00 +6.3555e-01 -1.4214e+00
633 0 +1.586033704e-07 -2.524999984e+01 -2.524999984e+01 +3.6143e+00 +6.3555e-01 -1.4214e+00
635 0 +5.260243796e-08 -2.524999995e+01 -2.524999995e+01 +3.6143e+00 +6.3506e-01 -1.4214e+00
648 0 +4.592085290e-08 -2.524999995e+01 -2.524999995e+01 +3.6143e+00 +6.3531e-01 -1.4214e+00
649 0 +2.322483894e-08 -2.524999998e+01 -2.524999998e+01 +3.6143e+00 +6.3531e-01 -1.4217e+00
658 0 +1.965611318e-08 -2.524999998e+01 -2.524999998e+01 +3.6144e+00 +6.3531e-01 -1.4217e+00
659 0 +8.076394664e-09 -2.524999999e+01 -2.524999999e+01 +3.6144e+00 +6.3519e-01 -1.4217e+00
713 0 +9.521272659e-13 -2.525000000e+01 -2.525000000e+01 +3.6144e+00 +6.3520e-01 -1.4216e+00
1281 0 +0.000000000e+00 -2.525000000e+01 -2.525000000e+01 +3.6144e+00 +6.3520e-01 -1.4216e+00
30101 0 +0.000000000e+00 -2.525000000e+01 -2.525000000e+01 +3.6144e+00 +6.3520e-01 -1.4216e+00
% f evaluations | g evaluations | best noise-free fitness - Fopt (-2.365000000000e+01) + sum g_i+ | measured fitness | best measured fitness or single-digit g-values | x1 | x2...
1 0 +4.551196800e+00 -1.909880320e+01 -1.909880320e+01 +0.0000e+00 +0.0000e+00 +0.0000e+00
22 0 +3.132830628e+00 -2.051716937e+01 -2.051716937e+01 +2.3399e+00 +6.0727e-01 +5.3710e-01
26 0 +2.030782913e+00 -2.161921709e+01 -2.161921709e+01 +2.2372e+00 +1.2420e+00 -1.5699e-01
33 0 +1.497266197e+00 -2.215273380e+01 -2.215273380e+01 +1.2021e+00 +6.0240e-01 +3.0277e-01
53 0 +7.405018878e-01 -2.290949811e+01 -2.290949811e+01 +3.6165e-01 +1.6946e+00 +8.9066e-01
119 0 +5.094176698e-01 -2.314058233e+01 -2.314058233e+01 +1.0841e+00 +1.1087e+00 +2.8448e-01
260 0 +3.237161172e-01 -2.332628388e+01 -2.332628388e+01 +4.9631e-01 +1.8581e+00 +2.8222e-01
261 0 +1.436522203e-01 -2.350634778e+01 -2.350634778e+01 +8.3723e-01 +2.0751e+00 +2.2237e-01
266 0 +1.368403221e-01 -2.351315968e+01 -2.351315968e+01 +1.2724e+00 +2.0659e+00 +5.5001e-01
339 0 +1.230657290e-01 -2.352693427e+01 -2.352693427e+01 +1.2637e+00 +1.7684e+00 +1.1532e-01
482 0 +5.417644056e-02 -2.359582356e+01 -2.359582356e+01 +8.2233e-01 +1.8207e+00 +4.2376e-01
487 0 +4.159299791e-02 -2.360840700e+01 -2.360840700e+01 +1.0510e+00 +1.8159e+00 +5.9592e-01
491 0 +3.605125098e-02 -2.361394875e+01 -2.361394875e+01 +1.1081e+00 +1.8843e+00 +5.5930e-01
533 0 +7.846374242e-03 -2.364215363e+01 -2.364215363e+01 +1.0560e+00 +1.7891e+00 +3.0692e-01
548 0 +2.208437423e-03 -2.364779156e+01 -2.364779156e+01 +1.0560e+00 +1.7891e+00 +4.3200e-01
559 0 +1.116082877e-03 -2.364888392e+01 -2.364888392e+01 +1.0560e+00 +1.7891e+00 +3.6946e-01
570 0 +5.645505729e-04 -2.364943545e+01 -2.364943545e+01 +1.0560e+00 +1.8204e+00 +3.6946e-01
572 0 +1.328971072e-04 -2.364986710e+01 -2.364986710e+01 +1.0560e+00 +1.8204e+00 +4.0073e-01
583 0 +1.042661553e-04 -2.364989573e+01 -2.364989573e+01 +1.0560e+00 +1.8204e+00 +3.8510e-01
593 0 +5.880596784e-05 -2.364994119e+01 -2.364994119e+01 +1.0560e+00 +1.8126e+00 +3.8510e-01
596 0 +1.200702259e-05 -2.364998799e+01 -2.364998799e+01 +1.0560e+00 +1.8126e+00 +3.9292e-01
603 0 +2.359632123e-06 -2.364999764e+01 -2.364999764e+01 +1.0521e+00 +1.8126e+00 +3.9292e-01
628 0 +1.812834146e-06 -2.364999819e+01 -2.364999819e+01 +1.0531e+00 +1.8146e+00 +3.9292e-01
629 0 +9.048748666e-07 -2.364999910e+01 -2.364999910e+01 +1.0531e+00 +1.8136e+00 +3.9292e-01
631 0 +7.035320593e-08 -2.364999993e+01 -2.364999993e+01 +1.0531e+00 +1.8136e+00 +3.9194e-01
639 0 +5.807043379e-08 -2.364999994e+01 -2.364999994e+01 +1.0526e+00 +1.8136e+00 +3.9194e-01
652 0 +4.529766784e-09 -2.365000000e+01 -2.365000000e+01 +1.0528e+00 +1.8136e+00 +3.9194e-01
748 0 +9.237055565e-13 -2.365000000e+01 -2.365000000e+01 +1.0528e+00 +1.8136e+00 +3.9200e-01
2382 0 +0.000000000e+00 -2.365000000e+01 -2.365000000e+01 +1.0528e+00 +1.8136e+00 +3.9200e-01
30101 0 +0.000000000e+00 -2.365000000e+01 -2.365000000e+01 +1.0528e+00 +1.8136e+00 +3.9200e-01
% f evaluations | g evaluations | best noise-free fitness - Fopt (1.000000000000e+03) + sum g_i+ | measured fitness | best measured fitness or single-digit g-values | x1 | x2...
1 0 +1.897220416e+01 +1.018972204e+03 +1.018972204e+03 +0.0000e+00 +0.0000e+00 +0.0000e+00
19 0 +1.490678455e+01 +1.014906785e+03 +1.014906785e+03 +3.2906e+00 -1.2343e+00 +8.9066e-01
20 0 +5.388782891e+00 +1.005388783e+03 +1.005388783e+03 +3.5912e+00 -1.3739e+00 -9.1695e-01
76 0 +3.071185094e+00 +1.003071185e+03 +1.003071185e+03 +1.7024e+00 -9.6753e-02 -3.2872e+00
80 0 +2.505887862e+00 +1.002505888e+03 +1.002505888e+03 +1.9776e+00 -3.7529e-01 -3.4019e+00
121 0 +2.032839759e+00 +1.002032840e+03 +1.002032840e+03 +2.3853e+00 -8.9470e-01 -2.2833e+00
125 0 +1.984529977e+00 +1.001984530e+03 +1.001984530e+03 +2.1664e+00 +7.3967e-01 -2.6222e+00
127 0 +1.919939982e-01 +1.000191994e+03 +1.000191994e+03 +3.3571e+00 -7.0134e-02 -3.1886e+00
226 0 +1.025741006e-01 +1.000102574e+03 +1.000102574e+03 +3.3526e+00 +3.1908e-01 -2.6467e+00
430 0 +5.358254932e-02 +1.000053583e+03 +1.000053583e+03 +3.1925e+00 +1.6766e-01 -2.7806e+00
443 0 +2.914638171e-02 +1.000029146e+03 +1.000029146e+03 +3.3552e+00 +0.0000e+00 -2.9289e+00
530 0 +7.206625660e-03 +1.000007207e+03 +1.000007207e+03 +3.3552e+00 +0.0000e+00 -2.6788e+00
541 0 +2.531211866e-03 +1.000002531e+03 +1.000002531e+03 +3.3552e+00 +0.0000e+00 -2.8039e+00
554 0 +9.575958073e-04 +1.000000958e+03 +1.000000958e+03 +3.3552e+00 +0.0000e+00 -2.7413e+00
564 0 +6.846151366e-04 +1.000000685e+03 +1.000000685e+03 +3.3552e+00 +3.1270e-02 -2.7413e+00
565 0 +4.935924269e-04 +1.000000494e+03 +1.000000494e+03 +3.3552e+00 +3.1270e-02 -2.7726e+00
574 0 +2.867412105e-04 +1.000000287e+03 +1.000000287e+03 +3.3708e+00 +3.1270e-02 -2.7726e+00
575 0 +1.787738612e-04 +1.000000179e+03 +1.000000179e+03 +3.3708e+00 +1.5635e-02 -2.7726e+00
578 0 +2.982753131e-05 +1.000000030e+03 +1.000000030e+03 +3.3708e+00 +1.5635e-02 -2.7569e+00
588 0 +2.269678487e-05 +1.000000023e+03 +1.000000023e+03 +3.3708e+00 +2.3453e-02 -2.7569e+00
599 0 +1.098355278e-05 +1.000000011e+03 +1.000000011e+03 +3.3708e+00 +1.9544e-02 -2.7569e+00
601 0 +2.384319373e-06 +1.000000002e+03 +1.000000002e+03 +3.3708e+00 +1.9544e-02 -2.7609e+00
609 0 +1.503162139e-06 +1.000000002e+03 +1.000000002e+03 +3.3688e+00 +1.9544e-02 -2.7609e+00
622 0 +9.888279919e-07 +1.000000001e+03 +1.000000001e+03 +3.3698e+00 +1.9544e-02 -2.7609e+00
626 0 +2.738978537e-07 +1.000000000e+03 +1.000000000e+03 +3.3698e+00 +1.9544e-02 -2.7599e+00
636 0 +6.695438515e-08 +1.000000000e+03 +1.000000000e+03 +3.3698e+00 +2.0033e-02 -2.7599e+00
645 0 +1.649175374e-08 +1.000000000e+03 +1.000000000e+03 +3.3696e+00 +2.0033e-02 -2.7599e+00
662 0 +1.414377948e-09 +1.000000000e+03 +1.000000000e+03 +3.3696e+00 +2.0033e-02 -2.7600e+00
726 0 +4.547473509e-13 +1.000000000e+03 +1.000000000e+03 +3.3696e+00 +2.0000e-02 -2.7600e+00
1264 0 +0.000000000e+00 +1.000000000e+03 +1.000000000e+03 +3.3696e+00 +2.0000e-02 -2.7600e+00
30000 0 +0.000000000e+00 +1.000000000e+03 +1.000000000e+03 +3.3696e+00 +2.0000e-02 -2.7600e+00
% f evaluations | g evaluations | best noise-free fitness - Fopt (-2.390000000000e+00) + sum g_i+ | measured fitness | best measured fitness or single-digit g-values | x1 | x2...
1 0 +3.875457920e+00 +1.485457920e+00 +1.485457920e+00 +0.0000e+00 +0.0000e+00 +0.0000e+00
33 0 +3.319594229e+00 +9.295942293e-01 +9.295942293e-01 +1.2021e+00 +6.0240e-01 +3.0277e-01
53 0 +5.716839792e-01 -1.818316021e+00 -1.818316021e+00 +3.6165e-01 +1.6946e+00 +8.9066e-01
260 0 +2.828283846e-01 -2.107171615e+00 -2.107171615e+00 +4.9631e-01 +1.8581e+00 +2.8222e-01
271 0 +3.175986298e-02 -2.358240137e+00 -2.358240137e+00 -1.0152e-01 +1.8555e+00 +1.5909e-01
317 0 +1.487884949e-02 -2.375121151e+00 -2.375121151e+00 +2.8447e-02 +1.9209e+00 +3.9869e-01
535 0 +1.270381572e-02 -2.377296184e+00 -2.377296184e+00 -5.9580e-02 +1.8473e+00 +2.5016e-01
546 0 +3.559483679e-03 -2.386440516e+00 -2.386440516e+00 -5.9580e-02 +1.9724e+00 +2.5016e-01
556 0 +3.520686173e-03 -2.386479314e+00 -2.386479314e+00 +2.9601e-03 +1.9724e+00 +2.5016e-01
560 0 +1.998769788e-03 -2.388001230e+00 -2.388001230e+00 +2.9601e-03 +1.9724e+00 +3.1270e-01
567 0 +1.040337802e-03 -2.388959662e+00 -2.388959662e+00 -2.8310e-02 +1.9724e+00 +3.1270e-01
569 0 +3.929285971e-04 -2.389607071e+00 -2.389607071e+00 -2.8310e-02 +1.9411e+00 +3.1270e-01
571 0 +1.760560506e-04 -2.389823944e+00 -2.389823944e+00 -2.8310e-02 +1.9411e+00 +2.8143e-01
584 0 +4.003463910e-05 -2.389959965e+00 -2.389959965e+00 -2.8310e-02 +1.9411e+00 +2.9707e-01
594 0 +1.854367687e-05 -2.389981456e+00 -2.389981456e+00 -2.8310e-02 +1.9489e+00 +2.9707e-01
605 0 +1.401055269e-05 -2.389985989e+00 -2.389985989e+00 -2.8310e-02 +1.9450e+00 +2.9707e-01
607 0 +2.180089673e-06 -2.389997820e+00 -2.389997820e+00 -2.8310e-02 +1.9450e+00 +2.9316e-01
618 0 +6.270004405e-07 -2.389999373e+00 -2.389999373e+00 -2.8310e-02 +1.9470e+00 +2.9316e-01
629 0 +4.486322256e-07 -2.389999551e+00 -2.389999551e+00 -2.8310e-02 +1.9460e+00 +2.9316e-01
640 0 +3.842549190e-07 -2.389999616e+00 -2.389999616e+00 -2.7822e-02 +1.9460e+00 +2.9316e-01
642 0 +2.347108188e-07 -2.389999765e+00 -2.389999765e+00 -2.7822e-02 +1.9465e+00 +2.9316e-01
644 0 +4.242124207e-08 -2.389999958e+00 -2.389999958e+00 -2.7822e-02 +1.9465e+00 +2.9365e-01
651 0 +1.492784341e-08 -2.389999985e+00 -2.389999985e+00 -2.8066e-02 +1.9465e+00 +2.9365e-01
664 0 +1.375402947e-08 -2.389999986e+00 -2.389999986e+00 -2.7944e-02 +1.9465e+00 +2.9365e-01
665 0 +6.378515938e-09 -2.389999994e+00 -2.389999994e+00 -2.7944e-02 +1.9464e+00 +2.9365e-01
747 0 +1.585398479e-13 -2.390000000e+00 -2.390000000e+00 -2.8000e-02 +1.9464e+00 +2.9360e-01
821 0 +0.000000000e+00 -2.390000000e+00 -2.390000000e+00 -2.8000e-02 +1.9464e+00 +2.9360e-01
30000 0 +0.000000000e+00 -2.390000000e+00 -2.390000000e+00 -2.8000e-02 +1.9464e+00 +2.9360e-01
% f evaluations | g evaluations | best noise-free fitness - Fopt (1.000000000000e+03) + sum g_i+ | measured fitness | best measured fitness or single-digit g-values | x1 | x2...
1 0 +4.981616640e+00 +1.004981617e+03 +1.004981617e+03 +0.0000e+00 +0.0000e+00 +0.0000e+00
2 0 +4.768463343e+00 +1.004768463e+03 +1.004768463e+03 -2.5673e+00 -1.2343e+00 +8.9066e-01
6 0 +3.120450544e+00 +1.003120451e+03 +1.003120451e+03 -2.8692e+00 +1.0204e+00 +4.2320e-01
11 0 +6.296495341e-01 +1.000629650e+03 +1.000629650e+03 -2.0410e+00 +1.0028e+00 +1.0468e+00
92 0 +6.289910869e-02 +1.000062899e+03 +1.000062899e+03 -1.2918e+00 +5.5435e-01 +1.4874e+00
530 0 +2.041541024e-02 +1.000020415e+03 +1.000020415e+03 -1.5390e+00 +5.0314e-01 +1.6159e+00
546 0 +1.383253198e-02 +1.000013833e+03 +1.000013833e+03 -1.5390e+00 +6.2823e-01 +1.6159e+00
547 0 +1.486294144e-03 +1.000001486e+03 +1.000001486e+03 -1.5390e+00 +6.2823e-01 +1.4908e+00
557 0 +8.664103168e-04 +1.000000866e+03 +1.000000866e+03 -1.5390e+00 +5.6569e-01 +1.4908e+00
570 0 +1.985214917e-04 +1.000000199e+03 +1.000000199e+03 -1.5390e+00 +5.9696e-01 +1.4908e+00
584 0 +3.059742835e-05 +1.000000031e+03 +1.000000031e+03 -1.5390e+00 +5.9696e-01 +1.5064e+00
593 0 +1.422637115e-05 +1.000000014e+03 +1.000000014e+03 -1.5390e+00 +5.8914e-01 +1.5064e+00
606 0 +7.133294503e-06 +1.000000007e+03 +1.000000007e+03 -1.5390e+00 +5.9305e-01 +1.5064e+00
607 0 +3.278494432e-06 +1.000000003e+03 +1.000000003e+03 -1.5390e+00 +5.9305e-01 +1.5025e+00
617 0 +3.005381473e-06 +1.000000003e+03 +1.000000003e+03 -1.5390e+00 +5.9109e-01 +1.5025e+00
620 0 +1.113130111e-06 +1.000000001e+03 +1.000000001e+03 -1.5390e+00 +5.9109e-01 +1.5045e+00
630 0 +2.947738267e-07 +1.000000000e+03 +1.000000000e+03 -1.5390e+00 +5.9207e-01 +1.5045e+00
644 0 +5.165202310e-08 +1.000000000e+03 +1.000000000e+03 -1.5390e+00 +5.9207e-01 +1.5040e+00
651 0 +5.690822036e-09 +1.000000000e+03 +1.000000000e+03 -1.5392e+00 +5.9207e-01 +1.5040e+00
750 0 +6.821210263e-13 +1.000000000e+03 +1.000000000e+03 -1.5392e+00 +5.9200e-01 +1.5040e+00
776 0 +0.000000000e+00 +1.000000000e+03 +1.000000000e+03 -1.5392e+00 +5.9200e-01 +1.5040e+00
30000 0 +0.000000000e+00 +1.000000000e+03 +1.000000000e+03 -1.5392e+00 +5.9200e-01 +1.5040e+00
% f evaluations | g evaluations | best noise-free fitness - Fopt (-2.304000000000e+01) + sum g_i+ | measured fitness | best measured fitness or single-digit g-values | x1 | x2...
1 0 +2.341756160e+01 +3.775616000e-01 +3.775616000e-01 +0.0000e+00 +0.0000e+00 +0.0000e+00
20 0 +1.454322662e+01 -8.496773375e+00 -8.496773375e+00 +3.5912e+00 -1.3739e+00 -9.1695e-01
23 0 +1.344256914e+01 -9.597430858e+00 -9.597430858e+00 +2.9887e+00 +1.0204e+00 +4.2320e-01
24 0 +6.849416969e+00 -1.619058303e+01 -1.619058303e+01 +1.6371e+00 +5.5435e-01 -1.4415e+00
76 0 +5.543706342e+00 -1.749629366e+01 -1.749629366e+01 +1.7024e+00 -9.6753e-02 -3.2872e+00
124 0 +4.333594237e+00 -1.870640576e+01 -1.870640576e+01 +1.6961e+00 +4.4019e-01 -2.5396e+00
125 0 +2.348614274e+00 -2.069138573e+01 -2.069138573e+01 +2.1664e+00 +7.3967e-01 -2.6222e+00
130 0 +2.143888671e+00 -2.089611133e+01 -2.089611133e+01 +2.7667e+00 +7.2692e-01 -2.1702e+00
134 0 +1.529120935e+00 -2.151087906e+01 -2.151087906e+01 +2.9168e+00 +9.0671e-01 -2.2663e+00
136 0 +1.315949817e+00 -2.172405018e+01 -2.172405018e+01 +2.4013e+00 +1.1087e+00 -2.6445e+00
230 0 +1.085159692e+00 -2.195484031e+01 -2.195484031e+01 +3.2986e+00 +6.5261e-01 -3.0114e+00
263 0 +9.097559891e-02 -2.294902440e+01 -2.294902440e+01 +3.0176e+00 +1.4881e+00 -3.1172e+00
341 0 +8.016049630e-02 -2.295983950e+01 -2.295983950e+01 +3.2387e+00 +1.5390e+00 -2.9289e+00
529 0 +2.385670441e-02 -2.301614330e+01 -2.301614330e+01 +3.2387e+00 +1.5390e+00 -3.2373e+00
540 0 +1.588399450e-02 -2.302411601e+01 -2.302411601e+01 +3.2387e+00 +1.7891e+00 -3.2373e+00
551 0 +4.225057636e-03 -2.303577494e+01 -2.303577494e+01 +3.2387e+00 +1.6641e+00 -3.2373e+00
565 0 +2.745012520e-04 -2.303972550e+01 -2.303972550e+01 +3.2387e+00 +1.6641e+00 -3.1747e+00
587 0 +2.066456751e-05 -2.303997934e+01 -2.303997934e+01 +3.2387e+00 +1.6797e+00 -3.1747e+00
598 0 +1.102893602e-05 -2.303998897e+01 -2.303998897e+01 +3.2465e+00 +1.6797e+00 -3.1747e+00
609 0 +5.681464685e-07 -2.303999943e+01 -2.303999943e+01 +3.2426e+00 +1.6797e+00 -3.1747e+00
628 0 +3.186053661e-07 -2.303999968e+01 -2.303999968e+01 +3.2436e+00 +1.6797e+00 -3.1747e+00
639 0 +2.046477086e-07 -2.303999980e+01 -2.303999980e+01 +3.2431e+00 +1.6797e+00 -3.1747e+00
642 0 +1.502821760e-07 -2.303999985e+01 -2.303999985e+01 +3.2431e+00 +1.6802e+00 -3.1747e+00
644 0 +8.249922345e-08 -2.303999992e+01 -2.303999992e+01 +3.2431e+00 +1.6802e+00 -3.1742e+00
653 0 +4.729671232e-08 -2.303999995e+01 -2.303999995e+01 +3.2433e+00 +1.6799e+00 -3.1742e+00
655 0 +2.150613909e-08 -2.303999998e+01 -2.303999998e+01 +3.2433e+00 +1.6799e+00 -3.1745e+00
663 0 +7.937238422e-09 -2.303999999e+01 -2.303999999e+01 +3.2432e+00 +1.6799e+00 -3.1745e+00
731 0 +5.471179065e-13 -2.304000000e+01 -2.304000000e+01 +3.2432e+00 +1.6800e+00 -3.1744e+00
4116 0 +0.000000000e+00 -2.304000000e+01 -2.304000000e+01 +3.2432e+00 +1.6800e+00 -3.1744e+00
30000 0 +0.000000000e+00 -2.304000000e+01 -2.304000000e+01 +3.2432e+00 +1.6800e+00 -3.1744e+00
% f evaluations | g evaluations | best noise-free fitness - Fopt (1.084500000000e+02) + sum g_i+ | measured fitness | best measured fitness or single-digit g-values | x1 | x2...
1 0 +1.968835648e+01 +1.281383565e+02 +1.281383565e+02 +0.0000e+00 +0.0000e+00 +0.0000e+00
19 0 +1.303548845e+01 +1.214854884e+02 +1.214854884e+02 +3.2906e+00 -1.2343e+00 +8.9066e-01
20 0 +9.157551891e+00 +1.176075519e+02 +1.176075519e+02 +3.5912e+00 -1.3739e+00 -9.1695e-01
21 0 +8.529648307e+00 +1.169796483e+02 +1.169796483e+02 +3.6538e+00 -1.7931e+00 -9.5263e-02
36 0 +6.544023615e+00 +1.149940236e+02 +1.149940236e+02 +3.6165e-01 -4.1632e+00 +8.9066e-01
37 0 +1.722389819e+00 +1.101723898e+02 +1.101723898e+02 +6.6231e-01 -4.3028e+00 -9.1695e-01
42 0 +1.342319105e+00 +1.097923191e+02 +1.097923191e+02 +1.7024e+00 -3.0257e+00 -3.5825e-01
46 0 +7.712828303e-01 +1.092212828e+02 +1.092212828e+02 +1.9776e+00 -3.3042e+00 -4.7302e-01
517 0 +5.955476958e-01 +1.090455477e+02 +1.090455477e+02 +1.3104e+00 -3.3483e+00 -1.0006e+00
520 0 +4.696989314e-01 +1.089196989e+02 +1.089196989e+02 +2.3110e+00 -3.3483e+00 -1.0006e+00
531 0 +2.706992888e-01 +1.087206993e+02 +1.087206993e+02 +1.8107e+00 -4.3489e+00 -1.0006e+00
534 0 +2.617429749e-02 +1.084761743e+02 +1.084761743e+02 +1.8107e+00 -3.8486e+00 -1.0006e+00
547 0 +1.423168452e-02 +1.084642317e+02 +1.084642317e+02 +1.8107e+00 -3.8486e+00 -1.2508e+00
560 0 +4.471895449e-03 +1.084544719e+02 +1.084544719e+02 +1.9358e+00 -3.8486e+00 -1.1257e+00
567 0 +6.034743593e-04 +1.084506035e+02 +1.084506035e+02 +1.8733e+00 -3.8486e+00 -1.1257e+00
583 0 +8.847847657e-05 +1.084500885e+02 +1.084500885e+02 +1.8733e+00 -3.8486e+00 -1.1570e+00
599 0 +5.897293239e-05 +1.084500590e+02 +1.084500590e+02 +1.8733e+00 -3.8564e+00 -1.1570e+00
602 0 +4.378639545e-06 +1.084500044e+02 +1.084500044e+02 +1.8733e+00 -3.8564e+00 -1.1492e+00
612 0 +3.852806344e-06 +1.084500039e+02 +1.084500039e+02 +1.8733e+00 -3.8525e+00 -1.1492e+00
623 0 +2.960716188e-07 +1.084500003e+02 +1.084500003e+02 +1.8733e+00 -3.8545e+00 -1.1492e+00
640 0 +1.996289996e-07 +1.084500002e+02 +1.084500002e+02 +1.8737e+00 -3.8545e+00 -1.1492e+00
643 0 +3.084919342e-08 +1.084500000e+02 +1.084500000e+02 +1.8737e+00 -3.8545e+00 -1.1497e+00
651 0 +1.938845173e-08 +1.084500000e+02 +1.084500000e+02 +1.8735e+00 -3.8545e+00 -1.1497e+00
664 0 +1.019830620e-08 +1.084500000e+02 +1.084500000e+02 +1.8736e+00 -3.8545e+00 -1.1497e+00
666 0 +8.686527053e-09 +1.084500000e+02 +1.084500000e+02 +1.8736e+00 -3.8543e+00 -1.1497e+00
751 0 +3.694822226e-13 +1.084500000e+02 +1.084500000e+02 +1.8736e+00 -3.8544e+00 -1.1496e+00
762 0 +0.000000000e+00 +1.084500000e+02 +1.084500000e+02 +1.8736e+00 -3.8544e+00 -1.1496e+00
30000 0 +0.000000000e+00 +1.084500000e+02 +1.084500000e+02 +1.8736e+00 -3.8544e+00 -1.1496e+00
% f evaluations | g evaluations | best noise-free fitness - Fopt (2.606200000000e+02) + sum g_i+ | measured fitness | best measured fitness or single-digit g-values | x1 | x2...
1 0 +2.185476800e+01 +2.824747680e+02 +2.824747680e+02 +0.0000e+00 +0.0000e+00 +0.0000e+00
6 0 +2.177259404e+01 +2.823925940e+02 +2.823925940e+02 -2.8692e+00 +1.0204e+00 +4.2320e-01
11 0 +1.523464468e+01 +2.758546447e+02 +2.758546447e+02 -2.0410e+00 +1.0028e+00 +1.0468e+00
15 0 +1.349545018e+01 +2.741154502e+02 +2.741154502e+02 -1.8340e+00 +1.2509e+00 +9.1410e-01
53 0 +7.821334435e+00 +2.684413344e+02 +2.684413344e+02 +3.6165e-01 +1.6946e+00 +8.9066e-01
56 0 +5.101981173e+00 +2.657219812e+02 +2.657219812e+02 -5.8907e-01 +3.5362e+00 +5.3710e-01
62 0 +3.263134726e+00 +2.638831347e+02 +2.638831347e+02 +8.8792e-01 +3.9317e+00 +1.0468e+00
516 0 +2.504585452e+00 +2.631245855e+02 +2.631245855e+02 +3.8930e-01 +3.9324e+00 +1.1156e+00
518 0 +3.990065202e-01 +2.610190065e+02 +2.610190065e+02 +3.8930e-01 +3.9324e+00 +2.1162e+00
524 0 +2.960249415e-01 +2.609160249e+02 +2.609160249e+02 +3.8930e-01 +3.9324e+00 +3.1169e+00
531 0 +2.536604639e-01 +2.608736605e+02 +2.608736605e+02 -1.1103e-01 +3.9324e+00 +3.1169e+00
535 0 +5.482658412e-02 +2.606748266e+02 +2.606748266e+02 -1.1103e-01 +3.9324e+00 +2.6165e+00
544 0 +1.342765563e-02 +2.606334277e+02 +2.606334277e+02 +1.3914e-01 +3.9324e+00 +2.6165e+00
557 0 +5.357125380e-03 +2.606253571e+02 +2.606253571e+02 +1.3914e-01 +3.8073e+00 +2.6165e+00
567 0 +3.972888634e-03 +2.606239729e+02 +2.606239729e+02 +7.6596e-02 +3.8073e+00 +2.6165e+00
572 0 +1.447862925e-03 +2.606214479e+02 +2.606214479e+02 +7.6596e-02 +3.8073e+00 +2.6791e+00
580 0 +1.162150558e-03 +2.606211622e+02 +2.606211622e+02 +1.0787e-01 +3.8073e+00 +2.6791e+00
582 0 +2.462909050e-04 +2.606202463e+02 +2.606202463e+02 +1.0787e-01 +3.8386e+00 +2.6791e+00
591 0 +1.446894034e-04 +2.606201447e+02 +2.606201447e+02 +9.2232e-02 +3.8386e+00 +2.6791e+00
595 0 +4.257277669e-05 +2.606200426e+02 +2.606200426e+02 +9.2232e-02 +3.8386e+00 +2.6634e+00
604 0 +3.225910632e-05 +2.606200323e+02 +2.606200323e+02 +1.0005e-01 +3.8386e+00 +2.6634e+00
608 0 +2.220299854e-05 +2.606200222e+02 +2.606200222e+02 +1.0005e-01 +3.8386e+00 +2.6713e+00
615 0 +1.208122842e-05 +2.606200121e+02 +2.606200121e+02 +9.6140e-02 +3.8386e+00 +2.6713e+00
619 0 +1.830677036e-06 +2.606200018e+02 +2.606200018e+02 +9.6140e-02 +3.8386e+00 +2.6674e+00
629 0 +1.777135481e-06 +2.606200018e+02 +2.606200018e+02 +9.6140e-02 +3.8366e+00 +2.6674e+00
640 0 +1.442839562e-06 +2.606200014e+02 +2.606200014e+02 +9.7118e-02 +3.8366e+00 +2.6674e+00
642 0 +5.146974900e-07 +2.606200005e+02 +2.606200005e+02 +9.7118e-02 +3.8376e+00 +2.6674e+00
644 0 +2.125968308e-07 +2.606200002e+02 +2.606200002e+02 +9.7118e-02 +3.8376e+00 +2.6683e+00
651 0 +1.410165851e-07 +2.606200001e+02 +2.606200001e+02 +9.6629e-02 +3.8376e+00 +2.6683e+00
655 0 +5.333868103e-08 +2.606200001e+02 +2.606200001e+02 +9.6629e-02 +3.8376e+00 +2.6678e+00
664 0 +2.944676680e-08 +2.606200000e+02 +2.606200000e+02 +9.6873e-02 +3.8376e+00 +2.6678e+00
668 0 +1.360365331e-08 +2.606200000e+02 +2.606200000e+02 +9.6873e-02 +3.8376e+00 +2.6681e+00
675 0 +1.062909405e-08 +2.606200000e+02 +2.606200000e+02 +9.6751e-02 +3.8376e+00 +2.6681e+00
679 0 +3.630134415e-09 +2.606200000e+02 +2.606200000e+02 +9.6751e-02 +3.8376e+00 +2.6680e+00
746 0 +6.252776075e-13 +2.606200000e+02 +2.606200000e+02 +9.6801e-02 +3.8376e+00 +2.6680e+00
778 0 +0.000000000e+00 +2.606200000e+02 +2.606200000e+02 +9.6800e-02 +3.8376e+00 +2.6680e+00
30101 0 +0.000000000e+00 +2.606200000e+02 +2.606200000e+02 +9.6800e-02 +3.8376e+00 +2.6680e+00
% f evaluations | g evaluations | best noise-free fitness - Fopt (-3.553300000000e+02) + sum g_i+ | measured fitness | best measured fitness or single-digit g-values | x1 | x2...
1 0 +1.011525184e+01 -3.452147482e+02 -3.452147482e+02 +0.0000e+00 +0.0000e+00 +0.0000e+00
3 0 +3.628104658e+00 -3.517018953e+02 -3.517018953e+02 -2.2666e+00 -1.3739e+00 -9.1695e-01
73 0 +3.017285717e+00 -3.523127143e+02 -3.523127143e+02 -5.8907e-01 +6.0727e-01 -2.3918e+00
78 0 +1.229192777e+00 -3.541008072e+02 -3.541008072e+02 -7.3336e-01 -6.0290e-01 -2.0175e+00
104 0 +1.691975807e-01 -3.551608024e+02 -3.551608024e+02 -1.8610e+00 -8.9470e-01 -2.2833e+00
249 0 +1.255815453e-01 -3.552044185e+02 -3.552044185e+02 -1.6566e+00 -1.0121e+00 -2.3789e+00
253 0 +5.783961975e-02 -3.552721604e+02 -3.552721604e+02 -1.5478e+00 -8.8173e-01 -2.4486e+00
435 0 +4.865690833e-02 -3.552813431e+02 -3.552813431e+02 -1.5169e+00 -5.8987e-01 -2.6773e+00
535 0 +1.888264180e-02 -3.553111174e+02 -3.553111174e+02 -1.5646e+00 -6.7358e-01 -2.6788e+00
543 0 +1.046774668e-02 -3.553195323e+02 -3.553195323e+02 -1.6897e+00 -6.7358e-01 -2.6788e+00
545 0 +8.896155635e-03 -3.553211038e+02 -3.553211038e+02 -1.6897e+00 -7.9866e-01 -2.6788e+00
548 0 +7.037616049e-03 -3.553229624e+02 -3.553229624e+02 -1.6897e+00 -7.9866e-01 -2.5537e+00
558 0 +3.912088615e-03 -3.553260879e+02 -3.553260879e+02 -1.6897e+00 -7.3612e-01 -2.5537e+00
559 0 +9.300354528e-04 -3.553290700e+02 -3.553290700e+02 -1.6897e+00 -7.3612e-01 -2.6162e+00
568 0 +1.002670164e-04 -3.553298997e+02 -3.553298997e+02 -1.6584e+00 -7.3612e-01 -2.6162e+00
587 0 +6.315699738e-05 -3.553299368e+02 -3.553299368e+02 -1.6584e+00 -7.4394e-01 -2.6162e+00
590 0 +8.112694445e-06 -3.553299919e+02 -3.553299919e+02 -1.6584e+00 -7.4394e-01 -2.6084e+00
597 0 +4.883511906e-06 -3.553299951e+02 -3.553299951e+02 -1.6623e+00 -7.4394e-01 -2.6084e+00
610 0 +2.678451835e-06 -3.553299973e+02 -3.553299973e+02 -1.6604e+00 -7.4394e-01 -2.6084e+00
612 0 +4.970026453e-07 -3.553299995e+02 -3.553299995e+02 -1.6604e+00 -7.4198e-01 -2.6084e+00
627 0 +3.320830047e-07 -3.553299997e+02 -3.553299997e+02 -1.6609e+00 -7.4198e-01 -2.6084e+00
629 0 +1.612606866e-07 -3.553299998e+02 -3.553299998e+02 -1.6609e+00 -7.4247e-01 -2.6084e+00
631 0 +2.060653514e-08 -3.553300000e+02 -3.553300000e+02 -1.6609e+00 -7.4247e-01 -2.6089e+00
646 0 +1.707491037e-08 -3.553300000e+02 -3.553300000e+02 -1.6608e+00 -7.4247e-01 -2.6089e+00
648 0 +1.501894076e-08 -3.553300000e+02 -3.553300000e+02 -1.6608e+00 -7.4235e-01 -2.6089e+00
650 0 +5.420929483e-09 -3.553300000e+02 -3.553300000e+02 -1.6608e+00 -7.4235e-01 -2.6088e+00
726 0 +6.821210263e-13 -3.553300000e+02 -3.553300000e+02 -1.6608e+00 -7.4240e-01 -2.6088e+00
2300 0 +0.000000000e+00 -3.553300000e+02 -3.553300000e+02 -1.6608e+00 -7.4240e-01 -2.6088e+00
30000 0 +0.000000000e+00 -3.553300000e+02 -3.553300000e+02 -1.6608e+00 -7.4240e-01 -2.6088e+00
% f evaluations | g evaluations | best noise-free fitness - Fopt (2.257700000000e+02) + sum g_i+ | measured fitness | best measured fitness or single-digit g-values | x1 | x2...
1 0 +1.693039872e+01 +2.427003987e+02 +2.427003987e+02 +0.0000e+00 +0.0000e+00 +0.0000e+00
19 0 +9.536073842e+00 +2.353060738e+02 +2.353060738e+02 +3.2906e+00 -1.2343e+00 +8.9066e-01
21 0 +7.809599849e+00 +2.335795998e+02 +2.335795998e+02 +3.6538e+00 -1.7931e+00 -9.5263e-02
36 0 +2.472881447e+00 +2.282428814e+02 +2.282428814e+02 +3.6165e-01 -4.1632e+00 +8.9066e-01
38 0 +1.892249582e+00 +2.276622496e+02 +2.276622496e+02 +7.2486e-01 -4.7220e+00 -9.5263e-02
42 0 +7.724080262e-01 +2.265424080e+02 +2.265424080e+02 +1.7024e+00 -3.0257e+00 -3.5825e-01
46 0 +6.589652235e-01 +2.264289652e+02 +2.264289652e+02 +1.9776e+00 -3.3042e+00 -4.7302e-01
515 0 +3.170526317e-01 +2.260870526e+02 +2.260870526e+02 +1.3104e+00 -3.3483e+00 +0.0000e+00
526 0 +2.007313286e-01 +2.259707313e+02 +2.259707313e+02 +1.8107e+00 -3.3483e+00 +0.0000e+00
527 0 +4.387137517e-02 +2.258138714e+02 +2.258138714e+02 +1.8107e+00 -3.8486e+00 +0.0000e+00
537 0 +3.945085940e-02 +2.258094509e+02 +2.258094509e+02 +1.5606e+00 -3.8486e+00 +0.0000e+00
550 0 +2.295440998e-02 +2.257929544e+02 +2.257929544e+02 +1.6856e+00 -3.8486e+00 +2.5016e-01
552 0 +1.523352288e-02 +2.257852335e+02 +2.257852335e+02 +1.6856e+00 -3.7235e+00 +2.5016e-01
553 0 +1.118938802e-03 +2.257711189e+02 +2.257711189e+02 +1.6856e+00 -3.7235e+00 +1.2508e-01
576 0 +1.156683595e-04 +2.257701157e+02 +2.257701157e+02 +1.6856e+00 -3.7548e+00 +1.2508e-01
585 0 +8.384380885e-05 +2.257700838e+02 +2.257700838e+02 +1.6700e+00 -3.7548e+00 +1.2508e-01
598 0 +3.864166302e-05 +2.257700386e+02 +2.257700386e+02 +1.6778e+00 -3.7548e+00 +1.2508e-01
602 0 +4.086850311e-06 +2.257700041e+02 +2.257700041e+02 +1.6778e+00 -3.7548e+00 +1.3290e-01
615 0 +3.928432790e-06 +2.257700039e+02 +2.257700039e+02 +1.6759e+00 -3.7548e+00 +1.3290e-01
619 0 +1.108182005e-06 +2.257700011e+02 +2.257700011e+02 +1.6759e+00 -3.7548e+00 +1.3094e-01
628 0 +2.324779302e-07 +2.257700002e+02 +2.257700002e+02 +1.6768e+00 -3.7548e+00 +1.3094e-01
641 0 +7.371076549e-08 +2.257700001e+02 +2.257700001e+02 +1.6768e+00 -3.7553e+00 +1.3094e-01
644 0 +6.258883900e-08 +2.257700001e+02 +2.257700001e+02 +1.6768e+00 -3.7553e+00 +1.3143e-01
655 0 +8.467765156e-09 +2.257700000e+02 +2.257700000e+02 +1.6768e+00 -3.7553e+00 +1.3119e-01
738 0 +2.557953849e-13 +2.257700000e+02 +2.257700000e+02 +1.6768e+00 -3.7552e+00 +1.3120e-01
767 0 +0.000000000e+00 +2.257700000e+02 +2.257700000e+02 +1.6768e+00 -3.7552e+00 +1.3120e-01
30101 0 +0.000000000e+00 +2.257700000e+02 +2.257700000e+02 +1.6768e+00 -3.7552e+00 +1.3120e-01
% f evaluations | g evaluations | best noise-free fitness - Fopt (1.004400000000e+02) + sum g_i+ | measured fitness | best measured fitness or single-digit g-values | x1 | x2...
1 0 +1.443237952e+01 +1.148723795e+02 +1.148723795e+02 +0.0000e+00 +0.0000e+00 +0.0000e+00
3 0 +1.091667992e+01 +1.113566799e+02 +1.113566799e+02 -2.2666e+00 -1.3739e+00 -9.1695e-01
36 0 +7.166595455e+00 +1.076065955e+02 +1.076065955e+02 +3.6165e-01 -4.1632e+00 +8.9066e-01
37 0 +1.568494220e+00 +1.020084942e+02 +1.020084942e+02 +6.6231e-01 -4.3028e+00 -9.1695e-01
428 0 +1.297314241e+00 +1.017373142e+02 +1.017373142e+02 -3.9844e-01 -2.5024e+00 -1.3687e+00
515 0 +4.249041904e-01 +1.008649042e+02 +1.008649042e+02 +4.1935e-01 -3.1238e+00 -1.1156e+00
517 0 +3.110172822e-01 +1.007510173e+02 +1.007510173e+02 +4.1935e-01 -3.1238e+00 -2.1162e+00
527 0 +2.817156959e-01 +1.007217157e+02 +1.007217157e+02 +4.1935e-01 -3.6241e+00 -2.1162e+00
530 0 +8.833448085e-02 +1.005283345e+02 +1.005283345e+02 +4.1935e-01 -3.6241e+00 -1.6159e+00
537 0 +5.558013709e-02 +1.004955801e+02 +1.004955801e+02 +1.6919e-01 -3.6241e+00 -1.6159e+00
540 0 +7.649762964e-03 +1.004476498e+02 +1.004476498e+02 +1.6919e-01 -3.3739e+00 -1.6159e+00
556 0 +4.104380039e-03 +1.004441044e+02 +1.004441044e+02 +2.3173e-01 -3.3739e+00 -1.6159e+00
559 0 +8.977712316e-04 +1.004408978e+02 +1.004408978e+02 +2.3173e-01 -3.3739e+00 -1.6784e+00
569 0 +4.425282489e-05 +1.004400443e+02 +1.004400443e+02 +2.3173e-01 -3.4052e+00 -1.6784e+00
590 0 +1.727797763e-05 +1.004400173e+02 +1.004400173e+02 +2.3173e-01 -3.4052e+00 -1.6706e+00
597 0 +9.685331008e-06 +1.004400097e+02 +1.004400097e+02 +2.2782e-01 -3.4052e+00 -1.6706e+00
601 0 +7.633713125e-06 +1.004400076e+02 +1.004400076e+02 +2.2782e-01 -3.4013e+00 -1.6745e+00
611 0 +3.920951897e-06 +1.004400039e+02 +1.004400039e+02 +2.2977e-01 -3.4032e+00 -1.6745e+00
614 0 +9.968914014e-07 +1.004400010e+02 +1.004400010e+02 +2.2977e-01 -3.4032e+00 -1.6726e+00
621 0 +5.364258016e-08 +1.004400001e+02 +1.004400001e+02 +2.2879e-01 -3.4032e+00 -1.6726e+00
643 0 +1.375781267e-09 +1.004400000e+02 +1.004400000e+02 +2.2879e-01 -3.4032e+00 -1.6728e+00
719 0 +8.242295735e-13 +1.004400000e+02 +1.004400000e+02 +2.2880e-01 -3.4032e+00 -1.6728e+00
1280 0 +0.000000000e+00 +1.004400000e+02 +1.004400000e+02 +2.2880e-01 -3.4032e+00 -1.6728e+00
30101 0 +0.000000000e+00 +1.004400000e+02 +1.004400000e+02 +2.2880e-01 -3.4032e+00 -1.6728e+00
