% f evaluations | g evaluations | best noise-free fitness - Fopt (7.948000000000e+01) + sum g_i+ | measured fitness | best measured fitness or single-digit g-values | x1 | x2...
1 0 +2.503646976e+01 +1.045164698e+02 +1.045164698e+02
51 0 +2.383958641e+01 +1.033195864e+02 +1.033195864e+02
90 0 +2.232279653e+01 +1.018027965e+02 +1.018027965e+02
120 0 +1.956591181e+01 +9.904591181e+01 +9.904591181e+01
142 0 +1.621588638e+01 +9.569588638e+01 +9.569588638e+01
510 0 +1.257977703e+01 +9.205977703e+01 +9.205977703e+01
1172 0 +1.010245631e+01 +8.958245631e+01 +8.958245631e+01
1225 0 +7.147615870e+00 +8.662761587e+01 +8.662761587e+01
1810 0 +5.810255133e+00 +8.529025513e+01 +8.529025513e+01
1875 0 +4.631716673e+00 +8.411171667e+01 +8.411171667e+01
3072 0 +3.722044364e+00 +8.320204436e+01 +8.320204436e+01
3110 0 +2.220251515e+00 +8.170025151e+01 +8.170025151e+01
4085 0 +1.969736598e+00 +8.144973660e+01 +8.144973660e+01
4995 0 +1.626594605e+00 +8.110659461e+01 +8.110659461e+01
5335 0 +1.539411979e+00 +8.101941198e+01 +8.101941198e+01
5340 0 +1.322334729e+00 +8.080233473e+01 +8.080233473e+01
5347 0 +1.062944260e+00 +8.054294426e+01 +8.054294426e+01
5385 0 +8.834816692e-01 +8.036348167e+01 +8.036348167e+01
6552 0 +6.154582571e-01 +8.009545826e+01 +8.009545826e+01
6554 0 +4.262978294e-01 +7.990629783e+01 +7.990629783e+01
6560 0 +1.976937651e-01 +7.967769377e+01 +7.967769377e+01
6583 0 +1.364323129e-01 +7.961643231e+01 +7.961643231e+01
6586 0 +1.228785041e-01 +7.960287850e+01 +7.960287850e+01
6587 0 +7.354935632e-02 +7.955354936e+01 +7.955354936e+01
6625 0 +6.468096893e-02 +7.954468097e+01 +7.954468097e+01
6629 0 +5.208085103e-02 +7.953208085e+01 +7.953208085e+01
6635 0 +3.850718833e-02 +7.951850719e+01 +7.951850719e+01
6638 0 +2.413300632e-02 +7.950413301e+01 +7.950413301e+01
6641 0 +9.191503325e-03 +7.948919150e+01 +7.948919150e+01
6671 0 +5.926993283e-03 +7.948592699e+01 +7.948592699e+01
6673 0 +2.192786058e-03 +7.948219279e+01 +7.948219279e+01
6706 0 +1.476390690e-03 +7.948147639e+01 +7.948147639e+01
6708 0 +7.977189885e-04 +7.948079772e+01 +7.948079772e+01
6719 0 +4.180119265e-04 +7.948041801e+01 +7.948041801e+01
6750 0 +2.818228702e-04 +7.948028182e+01 +7.948028182e+01
6760 0 +2.127227616e-04 +7.948021272e+01 +7.948021272e+01
6787 0 +1.948030019e-04 +7.948019480e+01 +7.948019480e+01
6792 0 +1.750658089e-04 +7.948017507e+01 +7.948017507e+01
6795 0 +1.211993652e-04 +7.948012120e+01 +7.948012120e+01
6797 0 +1.028694229e-04 +7.948010287e+01 +7.948010287e+01
6799 0 +6.905707859e-05 +7.948006906e+01 +7.948006906e+01
6826 0 +5.055874007e-05 +7.948005056e+01 +7.948005056e+01
6828 0 +4.211780384e-05 +7.948004212e+01 +7.948004212e+01
6829 0 +3.032925203e-05 +7.948003033e+01 +7.948003033e+01
6831 0 +2.491924322e-05 +7.948002492e+01 +7.948002492e+01
6838 0 +1.880560905e-05 +7.948001881e+01 +7.948001881e+01
6842 0 +1.209081360e-05 +7.948001209e+01 +7.948001209e+01
6863 0 +1.094213430e-05 +7.948001094e+01 +7.948001094e+01
6872 0 +9.827487375e-06 +7.948000983e+01 +7.948000983e+01
6874 0 +8.112272127e-06 +7.948000811e+01 +7.948000811e+01
6877 0 +7.349437894e-06 +7.948000735e+01 +7.948000735e+01
6880 0 +4.343569998e-06 +7.948000434e+01 +7.948000434e+01
6881 0 +3.881316402e-06 +7.948000388e+01 +7.948000388e+01
6904 0 +3.500743219e-06 +7.948000350e+01 +7.948000350e+01
6907 0 +2.746238792e-06 +7.948000275e+01 +7.948000275e+01
6911 0 +2.348649417e-06 +7.948000235e+01 +7.948000235e+01
6918 0 +1.677848502e-06 +7.948000168e+01 +7.948000168e+01
6922 0 +9.540624717e-07 +7.948000095e+01 +7.948000095e+01
6945 0 +8.790727009e-07 +7.948000088e+01 +7.948000088e+01
6950 0 +6.815442219e-07 +7.948000068e+01 +7.948000068e+01
6954 0 +4.515351009e-07 +7.948000045e+01 +7.948000045e+01
6956 0 +2.372647145e-07 +7.948000024e+01 +7.948000024e+01
6984 0 +2.018034735e-07 +7.948000020e+01 +7.948000020e+01
6986 0 +1.553954974e-07 +7.948000016e+01 +7.948000016e+01
6991 0 +1.156802085e-07 +7.948000012e+01 +7.948000012e+01
6997 0 +8.000797891e-08 +7.948000008e+01 +7.948000008e+01
6999 0 +3.796709791e-08 +7.948000004e+01 +7.948000004e+01
7028 0 +2.783656328e-08 +7.948000003e+01 +7.948000003e+01
7041 0 +1.386622728e-08 +7.948000001e+01 +7.948000001e+01
7063 0 +1.154114670e-08 +7.948000001e+01 +7.948000001e+01
7069 0 +1.012131179e-08 +7.948000001e+01 +7.948000001e+01
7072 0 +8.859757372e-09 +7.948000001e+01 +7.948000001e+01
7312 0 +7.815970093e-13 +7.948000000e+01 +7.948000000e+01
100000 0 +1.421085472e-14 +7.948000000e+01 +7.948000000e+01
% f evaluations | g evaluations | best noise-free fitness - Fopt (3.944800000000e+02) + sum g_i+ | measured fitness | best measured fitness or single-digit g-values | x1 | x2...
1 0 +8.939697536e+01 +4.838769754e+02 +4.838769754e+02
2 0 +6.672583940e+01 +4.612058394e+02 +4.612058394e+02
14 0 +6.279605068e+01 +4.572760507e+02 +4.572760507e+02
1302 0 +5.503468575e+01 +4.495146858e+02 +4.495146858e+02
2602 0 +4.881851796e+01 +4.432985180e+02 +4.432985180e+02
4044 0 +4.380902715e+01 +4.382890271e+02 +4.382890271e+02
5344 0 +3.951371191e+01 +4.339937119e+02 +4.339937119e+02
6505 0 +3.348412632e+01 +4.279641263e+02 +4.279641263e+02
6510 0 +3.017135196e+01 +4.246513520e+02 +4.246513520e+02
6513 0 +2.464106268e+01 +4.191210627e+02 +4.191210627e+02
6516 0 +2.036663217e+01 +4.148466322e+02 +4.148466322e+02
6519 0 +1.940250499e+01 +4.138825050e+02 +4.138825050e+02
6521 0 +1.516114056e+01 +4.096411406e+02 +4.096411406e+02
6523 0 +1.344314104e+01 +4.079231410e+02 +4.079231410e+02
6525 0 +1.066248459e+01 +4.051424846e+02 +4.051424846e+02
6533 0 +7.289603369e+00 +4.017696034e+02 +4.017696034e+02
6536 0 +5.017770219e+00 +3.994977702e+02 +3.994977702e+02
6541 0 +2.779003142e+00 +3.972590031e+02 +3.972590031e+02
6545 0 +2.000944048e+00 +3.964809440e+02 +3.964809440e+02
6553 0 +1.194066259e+00 +3.956740663e+02 +3.956740663e+02
6556 0 +9.248304622e-01 +3.954048305e+02 +3.954048305e+02
6561 0 +6.886607388e-01 +3.951686607e+02 +3.951686607e+02
6583 0 +5.806349820e-01 +3.950606350e+02 +3.950606350e+02
6595 0 +4.649282114e-01 +3.949449282e+02 +3.949449282e+02
6598 0 +3.143436805e-01 +3.947943437e+02 +3.947943437e+02
6602 0 +1.821038731e-01 +3.946621039e+02 +3.946621039e+02
6624 0 +1.735355842e-01 +3.946535356e+02 +3.946535356e+02
6629 0 +1.255928328e-01 +3.946055928e+02 +3.946055928e+02
6663 0 +1.013145976e-01 +3.945813146e+02 +3.945813146e+02
6666 0 +8.905494163e-02 +3.945690549e+02 +3.945690549e+02
6667 0 +7.393503432e-02 +3.945539350e+02 +3.945539350e+02
6672 0 +6.238439539e-02 +3.945423844e+02 +3.945423844e+02
6674 0 +5.372707625e-02 +3.945337271e+02 +3.945337271e+02
6675 0 +4.044567542e-02 +3.945204457e+02 +3.945204457e+02
6677 0 +3.115593267e-02 +3.945111559e+02 +3.945111559e+02
6680 0 +1.721975290e-02 +3.944972198e+02 +3.944972198e+02
6681 0 +3.343829286e-03 +3.944833438e+02 +3.944833438e+02
6749 0 +2.267306541e-03 +3.944822673e+02 +3.944822673e+02
6751 0 +2.221474057e-03 +3.944822215e+02 +3.944822215e+02
6753 0 +1.452311627e-03 +3.944814523e+02 +3.944814523e+02
6758 0 +8.412550971e-04 +3.944808413e+02 +3.944808413e+02
6783 0 +6.434000995e-04 +3.944806434e+02 +3.944806434e+02
6785 0 +4.646533070e-04 +3.944804647e+02 +3.944804647e+02
6792 0 +2.431118643e-04 +3.944802431e+02 +3.944802431e+02
6796 0 +1.920831754e-04 +3.944801921e+02 +3.944801921e+02
6835 0 +1.564830987e-04 +3.944801565e+02 +3.944801565e+02
6837 0 +1.259039676e-04 +3.944801259e+02 +3.944801259e+02
6839 0 +8.019888571e-05 +3.944800802e+02 +3.944800802e+02
6842 0 +3.072779367e-05 +3.944800307e+02 +3.944800307e+02
6874 0 +1.763408170e-05 +3.944800176e+02 +3.944800176e+02
6904 0 +1.562839719e-05 +3.944800156e+02 +3.944800156e+02
6905 0 +1.238330475e-05 +3.944800124e+02 +3.944800124e+02
6907 0 +9.133483843e-06 +3.944800091e+02 +3.944800091e+02
6916 0 +6.574549047e-06 +3.944800066e+02 +3.944800066e+02
6918 0 +2.760377868e-06 +3.944800028e+02 +3.944800028e+02
6951 0 +2.250342050e-06 +3.944800023e+02 +3.944800023e+02
6953 0 +2.086836901e-06 +3.944800021e+02 +3.944800021e+02
6959 0 +1.148265824e-06 +3.944800011e+02 +3.944800011e+02
6961 0 +6.477624765e-07 +3.944800006e+02 +3.944800006e+02
6983 0 +4.329990020e-07 +3.944800004e+02 +3.944800004e+02
6994 0 +2.759713311e-07 +3.944800003e+02 +3.944800003e+02
6995 0 +1.995204002e-07 +3.944800002e+02 +3.944800002e+02
7028 0 +1.758358508e-07 +3.944800002e+02 +3.944800002e+02
7031 0 +1.161798195e-07 +3.944800001e+02 +3.944800001e+02
7036 0 +9.472324791e-08 +3.944800001e+02 +3.944800001e+02
7042 0 +4.080288818e-08 +3.944800000e+02 +3.944800000e+02
7065 0 +3.195128784e-08 +3.944800000e+02 +3.944800000e+02
7067 0 +2.280415856e-08 +3.944800000e+02 +3.944800000e+02
7070 0 +1.629251756e-08 +3.944800000e+02 +3.944800000e+02
7073 0 +1.077489742e-08 +3.944800000e+02 +3.944800000e+02
7075 0 +6.582638434e-09 +3.944800000e+02 +3.944800000e+02
7360 0 +6.252776075e-13 +3.944800000e+02 +3.944800000e+02
100000 0 +5.684341886e-14 +3.944800000e+02 +3.944800000e+02
% f evaluations | g evaluations | best noise-free fitness - Fopt (-2.471100000000e+02) + sum g_i+ | measured fitness | best measured fitness or single-digit g-values | x1 | x2...
1 0 +7.721891776e+01 -1.698910822e+02 -1.698910822e+02
2 0 +6.996077373e+01 -1.771492263e+02 -1.771492263e+02
5 0 +5.868170026e+01 -1.884282997e+02 -1.884282997e+02
10 0 +5.551438538e+01 -1.915956146e+02 -1.915956146e+02
19 0 +4.394239528e+01 -2.031676047e+02 -2.031676047e+02
929 0 +3.952520072e+01 -2.075847993e+02 -2.075847993e+02
1319 0 +3.509286808e+01 -2.120171319e+02 -2.120171319e+02
4309 0 +3.161095981e+01 -2.154990402e+02 -2.154990402e+02
5739 0 +2.731593577e+01 -2.197940642e+02 -2.197940642e+02
6511 0 +2.232366093e+01 -2.247863391e+02 -2.247863391e+02
6514 0 +1.868835180e+01 -2.284216482e+02 -2.284216482e+02
6516 0 +1.547805624e+01 -2.316319438e+02 -2.316319438e+02
6522 0 +9.856772304e+00 -2.372532277e+02 -2.372532277e+02
6529 0 +8.204574869e+00 -2.389054251e+02 -2.389054251e+02
6531 0 +6.624390396e+00 -2.404856096e+02 -2.404856096e+02
6534 0 +4.991678628e+00 -2.421183214e+02 -2.421183214e+02
6536 0 +3.783980413e+00 -2.433260196e+02 -2.433260196e+02
6542 0 +1.139412247e+00 -2.459705878e+02 -2.459705878e+02
6562 0 +4.974414342e-01 -2.466125586e+02 -2.466125586e+02
6584 0 +4.215502174e-01 -2.466884498e+02 -2.466884498e+02
6588 0 +3.622248870e-01 -2.467477751e+02 -2.467477751e+02
6591 0 +3.231066578e-01 -2.467868933e+02 -2.467868933e+02
6594 0 +2.577247813e-01 -2.468522752e+02 -2.468522752e+02
6623 0 +2.330892224e-01 -2.468769108e+02 -2.468769108e+02
6626 0 +1.940044383e-01 -2.469159956e+02 -2.469159956e+02
6627 0 +1.610859362e-01 -2.469489141e+02 -2.469489141e+02
6629 0 +1.481591402e-01 -2.469618409e+02 -2.469618409e+02
6632 0 +1.051370875e-01 -2.470048629e+02 -2.470048629e+02
6633 0 +7.524685845e-02 -2.470347531e+02 -2.470347531e+02
6641 0 +4.799605975e-02 -2.470620039e+02 -2.470620039e+02
6670 0 +3.548665359e-02 -2.470745133e+02 -2.470745133e+02
6674 0 +3.478647628e-02 -2.470752135e+02 -2.470752135e+02
6676 0 +2.463182573e-02 -2.470853682e+02 -2.470853682e+02
6682 0 +2.044567061e-02 -2.470895543e+02 -2.470895543e+02
6703 0 +1.819810384e-02 -2.470918019e+02 -2.470918019e+02
6705 0 +1.623533099e-02 -2.470937647e+02 -2.470937647e+02
6708 0 +1.273098764e-02 -2.470972690e+02 -2.470972690e+02
6711 0 +1.175253195e-02 -2.470982475e+02 -2.470982475e+02
6713 0 +8.191297652e-03 -2.471018087e+02 -2.471018087e+02
6720 0 +5.363106022e-03 -2.471046369e+02 -2.471046369e+02
6721 0 +2.461729301e-03 -2.471075383e+02 -2.471075383e+02
6749 0 +1.823710534e-03 -2.471081763e+02 -2.471081763e+02
6752 0 +1.335107641e-03 -2.471086649e+02 -2.471086649e+02
6755 0 +9.402780605e-04 -2.471090597e+02 -2.471090597e+02
6784 0 +7.687967001e-04 -2.471092312e+02 -2.471092312e+02
6786 0 +5.261168575e-04 -2.471094739e+02 -2.471094739e+02
6796 0 +4.789177248e-04 -2.471095211e+02 -2.471095211e+02
6798 0 +2.986837924e-04 -2.471097013e+02 -2.471097013e+02
6799 0 +2.723586458e-04 -2.471097276e+02 -2.471097276e+02
6830 0 +2.404912001e-04 -2.471097595e+02 -2.471097595e+02
6832 0 +1.794548980e-04 -2.471098205e+02 -2.471098205e+02
6835 0 +1.418619242e-04 -2.471098581e+02 -2.471098581e+02
6840 0 +9.391007626e-05 -2.471099061e+02 -2.471099061e+02
6841 0 +3.681009207e-05 -2.471099632e+02 -2.471099632e+02
6863 0 +3.384461630e-05 -2.471099662e+02 -2.471099662e+02
6867 0 +2.368699617e-05 -2.471099763e+02 -2.471099763e+02
6869 0 +2.032767674e-05 -2.471099797e+02 -2.471099797e+02
6874 0 +1.372574101e-05 -2.471099863e+02 -2.471099863e+02
6904 0 +1.061149479e-05 -2.471099894e+02 -2.471099894e+02
6910 0 +8.471503179e-06 -2.471099915e+02 -2.471099915e+02
6916 0 +5.892109215e-06 -2.471099941e+02 -2.471099941e+02
6918 0 +2.461124296e-06 -2.471099975e+02 -2.471099975e+02
6948 0 +2.135790822e-06 -2.471099979e+02 -2.471099979e+02
6954 0 +1.440219734e-06 -2.471099986e+02 -2.471099986e+02
6959 0 +7.498109085e-07 -2.471099993e+02 -2.471099993e+02
6983 0 +6.178546244e-07 -2.471099994e+02 -2.471099994e+02
6987 0 +5.417931561e-07 -2.471099995e+02 -2.471099995e+02
6989 0 +3.606064354e-07 -2.471099996e+02 -2.471099996e+02
6995 0 +1.595994377e-07 -2.471099998e+02 -2.471099998e+02
7002 0 +1.474253395e-07 -2.471099999e+02 -2.471099999e+02
7028 0 +1.257740223e-07 -2.471099999e+02 -2.471099999e+02
7041 0 +6.058169788e-08 -2.471099999e+02 -2.471099999e+02
7064 0 +4.880922688e-08 -2.471100000e+02 -2.471100000e+02
7074 0 +3.237053647e-08 -2.471100000e+02 -2.471100000e+02
7077 0 +2.299941571e-08 -2.471100000e+02 -2.471100000e+02
7079 0 +1.130086957e-08 -2.471100000e+02 -2.471100000e+02
7105 0 +8.086288972e-09 -2.471100000e+02 -2.471100000e+02
7361 0 +9.379164112e-13 -2.471100000e+02 -2.471100000e+02
100000 0 +2.842170943e-14 -2.471100000e+02 -2.471100000e+02
% f evaluations | g evaluations | best noise-free fitness - Fopt (-1.520400000000e+02) + sum g_i+ | measured fitness | best measured fitness or single-digit g-values | x1 | x2...
1 0 +4.987594176e+01 -1.021640582e+02 -1.021640582e+02
3 0 +4.485572883e+01 -1.071842712e+02 -1.071842712e+02
20 0 +4.364917774e+01 -1.083908223e+02 -1.083908223e+02
211 0 +3.815930450e+01 -1.138806955e+02 -1.138806955e+02
263 0 +2.747262397e+01 -1.245673760e+02 -1.245673760e+02
289 0 +2.203390356e+01 -1.300060964e+02 -1.300060964e+02
1784 0 +1.901970960e+01 -1.330202904e+02 -1.330202904e+02
2564 0 +1.527867947e+01 -1.367613205e+02 -1.367613205e+02
3058 0 +1.368902235e+01 -1.383509776e+02 -1.383509776e+02
3084 0 +1.168876687e+01 -1.403512331e+02 -1.403512331e+02
4488 0 +1.068170222e+01 -1.413582978e+02 -1.413582978e+02
4514 0 +9.646407341e+00 -1.423935927e+02 -1.423935927e+02
5684 0 +8.854939733e+00 -1.431850603e+02 -1.431850603e+02
6510 0 +7.331409116e+00 -1.447085909e+02 -1.447085909e+02
6512 0 +5.723753190e+00 -1.463162468e+02 -1.463162468e+02
6515 0 +4.967111479e+00 -1.470728885e+02 -1.470728885e+02
6520 0 +2.565251632e+00 -1.494747484e+02 -1.494747484e+02
6522 0 +8.493997001e-01 -1.511906003e+02 -1.511906003e+02
6546 0 +6.590499103e-01 -1.513809501e+02 -1.513809501e+02
6552 0 +6.061959548e-01 -1.514338040e+02 -1.514338040e+02
6558 0 +5.564768560e-01 -1.514835231e+02 -1.514835231e+02
6560 0 +3.071265103e-01 -1.517328735e+02 -1.517328735e+02
6562 0 +2.001745517e-01 -1.518398254e+02 -1.518398254e+02
6584 0 +1.461177733e-01 -1.518938822e+02 -1.518938822e+02
6591 0 +1.099635837e-01 -1.519300364e+02 -1.519300364e+02
6594 0 +9.729593663e-02 -1.519427041e+02 -1.519427041e+02
6597 0 +5.957431875e-02 -1.519804257e+02 -1.519804257e+02
6601 0 +5.046913078e-02 -1.519895309e+02 -1.519895309e+02
6625 0 +4.685850831e-02 -1.519931415e+02 -1.519931415e+02
6633 0 +3.754704004e-02 -1.520024530e+02 -1.520024530e+02
6636 0 +2.261021114e-02 -1.520173898e+02 -1.520173898e+02
6642 0 +1.151751331e-02 -1.520284825e+02 -1.520284825e+02
6666 0 +9.411501584e-03 -1.520305885e+02 -1.520305885e+02
6669 0 +6.883707354e-03 -1.520331163e+02 -1.520331163e+02
6672 0 +4.188285870e-03 -1.520358117e+02 -1.520358117e+02
6678 0 +1.884721474e-03 -1.520381153e+02 -1.520381153e+02
6714 0 +1.191378454e-03 -1.520388086e+02 -1.520388086e+02
6721 0 +1.031060696e-03 -1.520389689e+02 -1.520389689e+02
6744 0 +8.304619467e-04 -1.520391695e+02 -1.520391695e+02
6745 0 +6.235918230e-04 -1.520393764e+02 -1.520393764e+02
6750 0 +5.221673263e-04 -1.520394778e+02 -1.520394778e+02
6751 0 +4.626496432e-04 -1.520395374e+02 -1.520395374e+02
6757 0 +3.051676880e-04 -1.520396948e+02 -1.520396948e+02
6762 0 +1.408688820e-04 -1.520398591e+02 -1.520398591e+02
6789 0 +1.168245768e-04 -1.520398832e+02 -1.520398832e+02
6792 0 +8.546899721e-05 -1.520399145e+02 -1.520399145e+02
6793 0 +5.353202116e-05 -1.520399465e+02 -1.520399465e+02
6827 0 +4.507448202e-05 -1.520399549e+02 -1.520399549e+02
6830 0 +3.499696314e-05 -1.520399650e+02 -1.520399650e+02
6835 0 +2.813610215e-05 -1.520399719e+02 -1.520399719e+02
6838 0 +2.167077508e-05 -1.520399783e+02 -1.520399783e+02
6841 0 +1.690966070e-05 -1.520399831e+02 -1.520399831e+02
6863 0 +1.524694511e-05 -1.520399848e+02 -1.520399848e+02
6871 0 +1.074809225e-05 -1.520399893e+02 -1.520399893e+02
6874 0 +7.273382295e-06 -1.520399927e+02 -1.520399927e+02
6876 0 +6.884161451e-06 -1.520399931e+02 -1.520399931e+02
6877 0 +6.297173655e-06 -1.520399937e+02 -1.520399937e+02
6882 0 +4.858079535e-06 -1.520399951e+02 -1.520399951e+02
6905 0 +4.219008559e-06 -1.520399958e+02 -1.520399958e+02
6908 0 +3.468654853e-06 -1.520399965e+02 -1.520399965e+02
6909 0 +3.123296096e-06 -1.520399969e+02 -1.520399969e+02
6915 0 +2.362993683e-06 -1.520399976e+02 -1.520399976e+02
6918 0 +1.701574746e-06 -1.520399983e+02 -1.520399983e+02
6919 0 +7.535120687e-07 -1.520399992e+02 -1.520399992e+02
6921 0 +5.181462939e-07 -1.520399995e+02 -1.520399995e+02
6943 0 +3.411956015e-07 -1.520399997e+02 -1.520399997e+02
6950 0 +2.751467889e-07 -1.520399997e+02 -1.520399997e+02
6962 0 +1.541014569e-07 -1.520399998e+02 -1.520399998e+02
6986 0 +1.039342976e-07 -1.520399999e+02 -1.520399999e+02
6989 0 +7.727663842e-08 -1.520399999e+02 -1.520399999e+02
6997 0 +6.358521887e-08 -1.520399999e+02 -1.520399999e+02
7024 0 +6.306134992e-08 -1.520399999e+02 -1.520399999e+02
7027 0 +5.241199119e-08 -1.520399999e+02 -1.520399999e+02
7033 0 +4.418197364e-08 -1.520400000e+02 -1.520400000e+02
7036 0 +3.477617838e-08 -1.520400000e+02 -1.520400000e+02
7038 0 +2.670137178e-08 -1.520400000e+02 -1.520400000e+02
7041 0 +1.220115564e-08 -1.520400000e+02 -1.520400000e+02
7063 0 +8.732968126e-09 -1.520400000e+02 -1.520400000e+02
7345 0 +9.663381206e-13 -1.520400000e+02 -1.520400000e+02
100000 0 +2.842170943e-14 -1.520400000e+02 -1.520400000e+02
% f evaluations | g evaluations | best noise-free fitness - Fopt (-2.525000000000e+01) + sum g_i+ | measured fitness | best measured fitness or single-digit g-values | x1 | x2...
1 0 +4.929094336e+01 +2.404094336e+01 +2.404094336e+01
68 0 +3.667730609e+01 +1.142730609e+01 +1.142730609e+01
70 0 +3.441502829e+01 +9.165028294e+00 +9.165028294e+00
78 0 +2.968433463e+01 +4.434334635e+00 +4.434334635e+00
91 0 +2.677878675e+01 +1.528786748e+00 +1.528786748e+00
1376 0 +2.112946615e+01 -4.120533850e+00 -4.120533850e+00
3001 0 +1.836747073e+01 -6.882529275e+00 -6.882529275e+00
3393 0 +1.762104053e+01 -7.628959470e+00 -7.628959470e+00
4301 0 +1.506232234e+01 -1.018767766e+01 -1.018767766e+01
4745 0 +1.396151889e+01 -1.128848111e+01 -1.128848111e+01
5625 0 +1.258800129e+01 -1.266199871e+01 -1.266199871e+01
6507 0 +1.065641347e+01 -1.459358653e+01 -1.459358653e+01
6509 0 +8.967660309e+00 -1.628233969e+01 -1.628233969e+01
6515 0 +7.247931680e+00 -1.800206832e+01 -1.800206832e+01
6517 0 +4.616473764e+00 -2.063352624e+01 -2.063352624e+01
6520 0 +2.990468091e+00 -2.225953191e+01 -2.225953191e+01
6521 0 +1.722662351e+00 -2.352733765e+01 -2.352733765e+01
6537 0 +1.093801788e+00 -2.415619821e+01 -2.415619821e+01
6564 0 +8.531631061e-01 -2.439683689e+01 -2.439683689e+01
6565 0 +7.378014246e-01 -2.451219858e+01 -2.451219858e+01
6567 0 +5.669019705e-01 -2.468309803e+01 -2.468309803e+01
6569 0 +4.734993991e-01 -2.477650060e+01 -2.477650060e+01
6572 0 +3.557174632e-01 -2.489428254e+01 -2.489428254e+01
6575 0 +2.468271566e-01 -2.500317284e+01 -2.500317284e+01
6580 0 +1.847983276e-01 -2.506520167e+01 -2.506520167e+01
6610 0 +1.640181195e-01 -2.508598188e+01 -2.508598188e+01
6616 0 +1.521919062e-01 -2.509780809e+01 -2.509780809e+01
6618 0 +1.216635451e-01 -2.512833645e+01 -2.512833645e+01
6619 0 +9.009679231e-02 -2.515990321e+01 -2.515990321e+01
6621 0 +8.605119375e-02 -2.516394881e+01 -2.516394881e+01
6645 0 +7.285606517e-02 -2.517714393e+01 -2.517714393e+01
6648 0 +6.864505323e-02 -2.518135495e+01 -2.518135495e+01
6649 0 +6.093970220e-02 -2.518906030e+01 -2.518906030e+01
6652 0 +4.713951006e-02 -2.520286049e+01 -2.520286049e+01
6653 0 +3.736831404e-02 -2.521263169e+01 -2.521263169e+01
6655 0 +2.579102919e-02 -2.522420897e+01 -2.522420897e+01
6662 0 +1.178742537e-02 -2.523821257e+01 -2.523821257e+01
6687 0 +9.981608386e-03 -2.524001839e+01 -2.524001839e+01
6698 0 +6.202193629e-03 -2.524379781e+01 -2.524379781e+01
6700 0 +2.359912959e-03 -2.524764009e+01 -2.524764009e+01
6729 0 +1.336483695e-03 -2.524866352e+01 -2.524866352e+01
6734 0 +8.457904833e-04 -2.524915421e+01 -2.524915421e+01
6763 0 +7.483900667e-04 -2.524925161e+01 -2.524925161e+01
6766 0 +6.865773454e-04 -2.524931342e+01 -2.524931342e+01
6767 0 +4.795807843e-04 -2.524952042e+01 -2.524952042e+01
6775 0 +2.547086023e-04 -2.524974529e+01 -2.524974529e+01
6781 0 +2.463163770e-04 -2.524975368e+01 -2.524975368e+01
6804 0 +2.143166613e-04 -2.524978568e+01 -2.524978568e+01
6805 0 +1.841086008e-04 -2.524981589e+01 -2.524981589e+01
6811 0 +1.299042923e-04 -2.524987010e+01 -2.524987010e+01
6813 0 +6.923433170e-05 -2.524993077e+01 -2.524993077e+01
6822 0 +1.231602320e-05 -2.524998768e+01 -2.524998768e+01
6883 0 +8.682423093e-06 -2.524999132e+01 -2.524999132e+01
6885 0 +4.950059289e-06 -2.524999505e+01 -2.524999505e+01
6888 0 +4.087070163e-06 -2.524999591e+01 -2.524999591e+01
6897 0 +1.951857691e-06 -2.524999805e+01 -2.524999805e+01
6927 0 +1.428439422e-06 -2.524999857e+01 -2.524999857e+01
6936 0 +1.159258332e-06 -2.524999884e+01 -2.524999884e+01
6939 0 +1.035385445e-06 -2.524999896e+01 -2.524999896e+01
6970 0 +8.159305018e-07 -2.524999918e+01 -2.524999918e+01
6972 0 +6.227766676e-07 -2.524999938e+01 -2.524999938e+01
6975 0 +5.186390055e-07 -2.524999948e+01 -2.524999948e+01
6978 0 +3.362575001e-07 -2.524999966e+01 -2.524999966e+01
6980 0 +1.594657384e-07 -2.524999984e+01 -2.524999984e+01
6981 0 +1.359369044e-07 -2.524999986e+01 -2.524999986e+01
7008 0 +8.774531324e-08 -2.524999991e+01 -2.524999991e+01
7022 0 +3.221445866e-08 -2.524999997e+01 -2.524999997e+01
7044 0 +2.459583115e-08 -2.524999998e+01 -2.524999998e+01
7055 0 +1.348192669e-08 -2.524999999e+01 -2.524999999e+01
7091 0 +1.095166269e-08 -2.524999999e+01 -2.524999999e+01
7097 0 +7.638451649e-09 -2.524999999e+01 -2.524999999e+01
7342 0 +9.805489753e-13 -2.525000000e+01 -2.525000000e+01
100000 0 +3.552713679e-15 -2.525000000e+01 -2.525000000e+01
% f evaluations | g evaluations | best noise-free fitness - Fopt (-2.365000000000e+01) + sum g_i+ | measured fitness | best measured fitness or single-digit g-values | x1 | x2...
1 0 +5.655075328e+01 +3.290075328e+01 +3.290075328e+01
67 0 +5.398218945e+01 +3.033218945e+01 +3.033218945e+01
87 0 +4.913830438e+01 +2.548830438e+01 +2.548830438e+01
120 0 +4.248178455e+01 +1.883178455e+01 +1.883178455e+01
250 0 +3.602000558e+01 +1.237000558e+01 +1.237000558e+01
474 0 +3.522794313e+01 +1.157794313e+01 +1.157794313e+01
507 0 +3.072907226e+01 +7.079072262e+00 +7.079072262e+00
510 0 +2.811942695e+01 +4.469426946e+00 +4.469426946e+00
1844 0 +2.437012983e+01 +7.201298347e-01 +7.201298347e-01
2850 0 +2.067955004e+01 -2.970449960e+00 -2.970449960e+00
3664 0 +1.870092986e+01 -4.949070139e+00 -4.949070139e+00
4118 0 +1.689218884e+01 -6.757811162e+00 -6.757811162e+00
5418 0 +1.568658079e+01 -7.963419213e+00 -7.963419213e+00
6511 0 +1.240830213e+01 -1.124169787e+01 -1.124169787e+01
6516 0 +9.033749136e+00 -1.461625086e+01 -1.461625086e+01
6518 0 +6.394286026e+00 -1.725571397e+01 -1.725571397e+01
6519 0 +3.823234863e+00 -1.982676514e+01 -1.982676514e+01
6521 0 +2.378146552e+00 -2.127185345e+01 -2.127185345e+01
6536 0 +1.781306761e+00 -2.186869324e+01 -2.186869324e+01
6538 0 +1.144441005e+00 -2.250555900e+01 -2.250555900e+01
6539 0 +5.759871942e-01 -2.307401281e+01 -2.307401281e+01
6568 0 +4.340574053e-01 -2.321594259e+01 -2.321594259e+01
6571 0 +2.006233970e-01 -2.344937660e+01 -2.344937660e+01
6615 0 +1.620898429e-01 -2.348791016e+01 -2.348791016e+01
6617 0 +1.335627800e-01 -2.351643722e+01 -2.351643722e+01
6620 0 +8.793273084e-02 -2.356206727e+01 -2.356206727e+01
6621 0 +3.956648962e-02 -2.361043351e+01 -2.361043351e+01
6647 0 +2.811306138e-02 -2.362188694e+01 -2.362188694e+01
6653 0 +1.548550009e-02 -2.363451450e+01 -2.363451450e+01
6658 0 +1.410373968e-02 -2.363589626e+01 -2.363589626e+01
6684 0 +1.149197202e-02 -2.363850803e+01 -2.363850803e+01
6690 0 +8.396414030e-03 -2.364160359e+01 -2.364160359e+01
6696 0 +6.295833689e-03 -2.364370417e+01 -2.364370417e+01
6697 0 +3.075390939e-03 -2.364692461e+01 -2.364692461e+01
6699 0 +2.748934374e-03 -2.364725107e+01 -2.364725107e+01
6740 0 +1.786361202e-03 -2.364821364e+01 -2.364821364e+01
6742 0 +9.873261824e-04 -2.364901267e+01 -2.364901267e+01
6767 0 +6.975049375e-04 -2.364930250e+01 -2.364930250e+01
6771 0 +4.919650329e-04 -2.364950803e+01 -2.364950803e+01
6774 0 +3.592064004e-04 -2.364964079e+01 -2.364964079e+01
6775 0 +1.509784317e-04 -2.364984902e+01 -2.364984902e+01
6804 0 +1.300795794e-04 -2.364986992e+01 -2.364986992e+01
6806 0 +1.238962436e-04 -2.364987610e+01 -2.364987610e+01
6809 0 +8.304004367e-05 -2.364991696e+01 -2.364991696e+01
6818 0 +5.779443918e-05 -2.364994221e+01 -2.364994221e+01
6843 0 +5.296526002e-05 -2.364994703e+01 -2.364994703e+01
6845 0 +4.077832262e-05 -2.364995922e+01 -2.364995922e+01
6853 0 +2.813216486e-05 -2.364997187e+01 -2.364997187e+01
6859 0 +2.035143183e-05 -2.364997965e+01 -2.364997965e+01
6861 0 +1.328057224e-05 -2.364998672e+01 -2.364998672e+01
6884 0 +1.187551049e-05 -2.364998812e+01 -2.364998812e+01
6890 0 +1.006681063e-05 -2.364998993e+01 -2.364998993e+01
6892 0 +9.021739444e-06 -2.364999098e+01 -2.364999098e+01
6896 0 +8.312676268e-06 -2.364999169e+01 -2.364999169e+01
6898 0 +5.820926472e-06 -2.364999418e+01 -2.364999418e+01
6900 0 +4.563740134e-06 -2.364999544e+01 -2.364999544e+01
6902 0 +4.279518610e-06 -2.364999572e+01 -2.364999572e+01
6927 0 +3.354121755e-06 -2.364999665e+01 -2.364999665e+01
6929 0 +3.021660920e-06 -2.364999698e+01 -2.364999698e+01
6931 0 +2.589283682e-06 -2.364999741e+01 -2.364999741e+01
6935 0 +1.988902437e-06 -2.364999801e+01 -2.364999801e+01
6939 0 +1.662582775e-06 -2.364999834e+01 -2.364999834e+01
6941 0 +8.497807080e-07 -2.364999915e+01 -2.364999915e+01
6964 0 +7.372434787e-07 -2.364999926e+01 -2.364999926e+01
6966 0 +5.895131991e-07 -2.364999941e+01 -2.364999941e+01
6970 0 +5.170154118e-07 -2.364999948e+01 -2.364999948e+01
6972 0 +4.944758238e-07 -2.364999951e+01 -2.364999951e+01
6974 0 +4.041480892e-07 -2.364999960e+01 -2.364999960e+01
6977 0 +3.109009157e-07 -2.364999969e+01 -2.364999969e+01
6980 0 +2.353325392e-07 -2.364999976e+01 -2.364999976e+01
7008 0 +2.211266690e-07 -2.364999978e+01 -2.364999978e+01
7009 0 +1.976935096e-07 -2.364999980e+01 -2.364999980e+01
7011 0 +1.492812522e-07 -2.364999985e+01 -2.364999985e+01
7013 0 +1.347630665e-07 -2.364999987e+01 -2.364999987e+01
7016 0 +1.058122230e-07 -2.364999989e+01 -2.364999989e+01
7018 0 +9.275375845e-08 -2.364999991e+01 -2.364999991e+01
7019 0 +7.085589360e-08 -2.364999993e+01 -2.364999993e+01
7044 0 +5.764210087e-08 -2.364999994e+01 -2.364999994e+01
7045 0 +4.981313140e-08 -2.364999995e+01 -2.364999995e+01
7047 0 +4.028883538e-08 -2.364999996e+01 -2.364999996e+01
7050 0 +3.708489871e-08 -2.364999996e+01 -2.364999996e+01
7054 0 +2.942347876e-08 -2.364999997e+01 -2.364999997e+01
7057 0 +2.058710891e-08 -2.364999998e+01 -2.364999998e+01
7060 0 +1.661552673e-08 -2.364999998e+01 -2.364999998e+01
7062 0 +1.377219405e-08 -2.364999999e+01 -2.364999999e+01
7089 0 +1.164403329e-08 -2.364999999e+01 -2.364999999e+01
7096 0 +8.136449736e-09 -2.364999999e+01 -2.364999999e+01
7339 0 +4.192202141e-13 -2.365000000e+01 -2.365000000e+01
100000 0 +3.552713679e-15 -2.365000000e+01 -2.365000000e+01
% f evaluations | g evaluations | best noise-free fitness - Fopt (1.000000000000e+03) + sum g_i+ | measured fitness | best measured fitness or single-digit g-values | x1 | x2...
1 0 +8.168058368e+01 +1.081680584e+03 +1.081680584e+03
67 0 +7.171481753e+01 +1.071714818e+03 +1.071714818e+03
68 0 +6.253859783e+01 +1.062538598e+03 +1.062538598e+03
114 0 +5.283994203e+01 +1.052839942e+03 +1.052839942e+03
880 0 +4.950028685e+01 +1.049500287e+03 +1.049500287e+03
2180 0 +4.123560175e+01 +1.041235602e+03 +1.041235602e+03
2700 0 +3.858630931e+01 +1.038586309e+03 +1.038586309e+03
5170 0 +3.522358514e+01 +1.035223585e+03 +1.035223585e+03
6507 0 +3.023600938e+01 +1.030236009e+03 +1.030236009e+03
6509 0 +2.705539522e+01 +1.027055395e+03 +1.027055395e+03
6511 0 +2.510918183e+01 +1.025109182e+03 +1.025109182e+03
6513 0 +2.144474704e+01 +1.021444747e+03 +1.021444747e+03
6516 0 +1.914131394e+01 +1.019141314e+03 +1.019141314e+03
6520 0 +1.425810880e+01 +1.014258109e+03 +1.014258109e+03
6522 0 +1.092293222e+01 +1.010922932e+03 +1.010922932e+03
6527 0 +7.743532055e+00 +1.007743532e+03 +1.007743532e+03
6529 0 +6.565515251e+00 +1.006565515e+03 +1.006565515e+03
6533 0 +4.903677809e+00 +1.004903678e+03 +1.004903678e+03
6540 0 +2.653124650e+00 +1.002653125e+03 +1.002653125e+03
6542 0 +1.320545424e+00 +1.001320545e+03 +1.001320545e+03
6547 0 +8.034556222e-01 +1.000803456e+03 +1.000803456e+03
6591 0 +5.813229328e-01 +1.000581323e+03 +1.000581323e+03
6593 0 +5.013782192e-01 +1.000501378e+03 +1.000501378e+03
6595 0 +4.014714234e-01 +1.000401471e+03 +1.000401471e+03
6600 0 +1.775867251e-01 +1.000177587e+03 +1.000177587e+03
6623 0 +1.547714760e-01 +1.000154771e+03 +1.000154771e+03
6628 0 +9.630042449e-02 +1.000096300e+03 +1.000096300e+03
6634 0 +7.369161400e-02 +1.000073692e+03 +1.000073692e+03
6636 0 +6.106384461e-02 +1.000061064e+03 +1.000061064e+03
6642 0 +4.082487438e-02 +1.000040825e+03 +1.000040825e+03
6664 0 +3.658720711e-02 +1.000036587e+03 +1.000036587e+03
6669 0 +3.014273295e-02 +1.000030143e+03 +1.000030143e+03
6673 0 +2.580184638e-02 +1.000025802e+03 +1.000025802e+03
6675 0 +1.647043925e-02 +1.000016470e+03 +1.000016470e+03
6681 0 +1.094463255e-02 +1.000010945e+03 +1.000010945e+03
6703 0 +9.152143229e-03 +1.000009152e+03 +1.000009152e+03
6710 0 +8.463057349e-03 +1.000008463e+03 +1.000008463e+03
6714 0 +6.722177681e-03 +1.000006722e+03 +1.000006722e+03
6718 0 +6.232981523e-03 +1.000006233e+03 +1.000006233e+03
6722 0 +5.084561921e-03 +1.000005085e+03 +1.000005085e+03
6744 0 +5.002975842e-03 +1.000005003e+03 +1.000005003e+03
6749 0 +4.096707372e-03 +1.000004097e+03 +1.000004097e+03
6752 0 +3.312539378e-03 +1.000003313e+03 +1.000003313e+03
6756 0 +2.604508039e-03 +1.000002605e+03 +1.000002605e+03
6757 0 +1.871275378e-03 +1.000001871e+03 +1.000001871e+03
6759 0 +1.196607943e-03 +1.000001197e+03 +1.000001197e+03
6761 0 +7.929870048e-04 +1.000000793e+03 +1.000000793e+03
6783 0 +5.893223597e-04 +1.000000589e+03 +1.000000589e+03
6785 0 +4.813550104e-04 +1.000000481e+03 +1.000000481e+03
6794 0 +2.781682250e-04 +1.000000278e+03 +1.000000278e+03
6802 0 +2.355210092e-04 +1.000000236e+03 +1.000000236e+03
6828 0 +1.734881180e-04 +1.000000173e+03 +1.000000173e+03
6830 0 +1.484668041e-04 +1.000000148e+03 +1.000000148e+03
6835 0 +1.152836493e-04 +1.000000115e+03 +1.000000115e+03
6840 0 +1.005721463e-04 +1.000000101e+03 +1.000000101e+03
6841 0 +6.078133299e-05 +1.000000061e+03 +1.000000061e+03
6865 0 +4.906810091e-05 +1.000000049e+03 +1.000000049e+03
6871 0 +3.737091481e-05 +1.000000037e+03 +1.000000037e+03
6877 0 +2.210985872e-05 +1.000000022e+03 +1.000000022e+03
6879 0 +1.416945577e-05 +1.000000014e+03 +1.000000014e+03
6904 0 +1.288997703e-05 +1.000000013e+03 +1.000000013e+03
6910 0 +1.045429997e-05 +1.000000010e+03 +1.000000010e+03
6913 0 +7.562019732e-06 +1.000000008e+03 +1.000000008e+03
6916 0 +4.398854458e-06 +1.000000004e+03 +1.000000004e+03
6922 0 +2.887603841e-06 +1.000000003e+03 +1.000000003e+03
6943 0 +2.572430276e-06 +1.000000003e+03 +1.000000003e+03
6952 0 +1.940001312e-06 +1.000000002e+03 +1.000000002e+03
6960 0 +1.060363502e-06 +1.000000001e+03 +1.000000001e+03
6961 0 +8.610760460e-07 +1.000000001e+03 +1.000000001e+03
6984 0 +7.799345667e-07 +1.000000001e+03 +1.000000001e+03
6986 0 +5.729910981e-07 +1.000000001e+03 +1.000000001e+03
6987 0 +4.234520929e-07 +1.000000000e+03 +1.000000000e+03
6989 0 +3.161867426e-07 +1.000000000e+03 +1.000000000e+03
7002 0 +1.771022653e-07 +1.000000000e+03 +1.000000000e+03
7023 0 +1.579909394e-07 +1.000000000e+03 +1.000000000e+03
7031 0 +1.310025937e-07 +1.000000000e+03 +1.000000000e+03
7034 0 +7.476330666e-08 +1.000000000e+03 +1.000000000e+03
7035 0 +5.238462109e-08 +1.000000000e+03 +1.000000000e+03
7064 0 +4.701973921e-08 +1.000000000e+03 +1.000000000e+03
7068 0 +3.964294137e-08 +1.000000000e+03 +1.000000000e+03
7069 0 +2.774720542e-08 +1.000000000e+03 +1.000000000e+03
7072 0 +2.329613835e-08 +1.000000000e+03 +1.000000000e+03
7076 0 +1.956493634e-08 +1.000000000e+03 +1.000000000e+03
7081 0 +9.574478099e-09 +1.000000000e+03 +1.000000000e+03
7361 0 +5.684341886e-13 +1.000000000e+03 +1.000000000e+03
100000 0 +1.136868377e-13 +1.000000000e+03 +1.000000000e+03
% f evaluations | g evaluations | best noise-free fitness - Fopt (-2.390000000000e+00) + sum g_i+ | measured fitness | best measured fitness or single-digit g-values | x1 | x2...
1 0 +2.869432256e+01 +2.630432256e+01 +2.630432256e+01
20 0 +2.542846177e+01 +2.303846177e+01 +2.303846177e+01
118 0 +2.440975637e+01 +2.201975637e+01 +2.201975637e+01
205 0 +2.176127797e+01 +1.937127797e+01 +1.937127797e+01
210 0 +1.929407060e+01 +1.690407060e+01 +1.690407060e+01
244 0 +1.600105778e+01 +1.361105778e+01 +1.361105778e+01
764 0 +1.435672787e+01 +1.196672787e+01 +1.196672787e+01
1125 0 +1.399000140e+01 +1.160000140e+01 +1.160000140e+01
1273 0 +1.129142285e+01 +8.901422853e+00 +8.901422853e+00
1274 0 +5.582163913e+00 +3.192163913e+00 +3.192163913e+00
2834 0 +4.933088180e+00 +2.543088180e+00 +2.543088180e+00
4813 0 +3.721151945e+00 +1.331151945e+00 +1.331151945e+00
4849 0 +3.477389699e+00 +1.087389699e+00 +1.087389699e+00
6112 0 +3.103419794e+00 +7.134197944e-01 +7.134197944e-01
6113 0 +1.799275031e+00 -5.907249693e-01 -5.907249693e-01
6149 0 +1.627759360e+00 -7.622406404e-01 -7.622406404e-01
6517 0 +1.452086709e+00 -9.379132911e-01 -9.379132911e-01
6520 0 +7.954477139e-01 -1.594552286e+00 -1.594552286e+00
6522 0 +6.874911856e-01 -1.702508814e+00 -1.702508814e+00
6546 0 +5.301351728e-01 -1.859864827e+00 -1.859864827e+00
6548 0 +4.866692581e-01 -1.903330742e+00 -1.903330742e+00
6556 0 +4.367991890e-01 -1.953200811e+00 -1.953200811e+00
6561 0 +2.404527839e-01 -2.149547216e+00 -2.149547216e+00
6587 0 +1.996045740e-01 -2.190395426e+00 -2.190395426e+00
6590 0 +1.377049898e-01 -2.252295010e+00 -2.252295010e+00
6592 0 +1.202342269e-01 -2.269765773e+00 -2.269765773e+00
6594 0 +1.103213730e-01 -2.279678627e+00 -2.279678627e+00
6595 0 +7.267524026e-02 -2.317324760e+00 -2.317324760e+00
6599 0 +4.909148716e-02 -2.340908513e+00 -2.340908513e+00
6625 0 +4.149461490e-02 -2.348505385e+00 -2.348505385e+00
6631 0 +3.458470454e-02 -2.355415295e+00 -2.355415295e+00
6633 0 +2.389583967e-02 -2.366104160e+00 -2.366104160e+00
6637 0 +1.845138483e-02 -2.371548615e+00 -2.371548615e+00
6640 0 +1.459796956e-02 -2.375402030e+00 -2.375402030e+00
6668 0 +1.296316635e-02 -2.377036834e+00 -2.377036834e+00
6672 0 +1.250679857e-02 -2.377493201e+00 -2.377493201e+00
6676 0 +1.018436289e-02 -2.379815637e+00 -2.379815637e+00
6678 0 +8.995267352e-03 -2.381004733e+00 -2.381004733e+00
6679 0 +7.010652032e-03 -2.382989348e+00 -2.382989348e+00
6682 0 +4.174691973e-03 -2.385825308e+00 -2.385825308e+00
6703 0 +3.401386738e-03 -2.386598613e+00 -2.386598613e+00
6705 0 +2.479999413e-03 -2.387520001e+00 -2.387520001e+00
6711 0 +1.513480015e-03 -2.388486520e+00 -2.388486520e+00
6714 0 +1.252204015e-03 -2.388747796e+00 -2.388747796e+00
6717 0 +8.689210438e-04 -2.389131079e+00 -2.389131079e+00
6748 0 +7.328996323e-04 -2.389267100e+00 -2.389267100e+00
6753 0 +6.190799476e-04 -2.389380920e+00 -2.389380920e+00
6755 0 +4.663158152e-04 -2.389533684e+00 -2.389533684e+00
6758 0 +4.134996163e-04 -2.389586500e+00 -2.389586500e+00
6760 0 +1.762803922e-04 -2.389823720e+00 -2.389823720e+00
6761 0 +1.518973528e-04 -2.389848103e+00 -2.389848103e+00
6797 0 +1.129864522e-04 -2.389887014e+00 -2.389887014e+00
6802 0 +6.406355075e-05 -2.389935936e+00 -2.389935936e+00
6824 0 +5.377646800e-05 -2.389946224e+00 -2.389946224e+00
6827 0 +4.194600498e-05 -2.389958054e+00 -2.389958054e+00
6832 0 +2.870162432e-05 -2.389971298e+00 -2.389971298e+00
6833 0 +1.552530844e-05 -2.389984475e+00 -2.389984475e+00
6836 0 +7.880525665e-06 -2.389992119e+00 -2.389992119e+00
6869 0 +6.375309035e-06 -2.389993625e+00 -2.389993625e+00
6878 0 +3.592935499e-06 -2.389996407e+00 -2.389996407e+00
6903 0 +3.299967695e-06 -2.389996700e+00 -2.389996700e+00
6906 0 +2.491023847e-06 -2.389997509e+00 -2.389997509e+00
6915 0 +1.335176531e-06 -2.389998665e+00 -2.389998665e+00
6921 0 +7.661493986e-07 -2.389999234e+00 -2.389999234e+00
6944 0 +6.739050931e-07 -2.389999326e+00 -2.389999326e+00
6948 0 +4.816155164e-07 -2.389999518e+00 -2.389999518e+00
6949 0 +3.440395666e-07 -2.389999656e+00 -2.389999656e+00
6954 0 +3.044317261e-07 -2.389999696e+00 -2.389999696e+00
6983 0 +2.702805877e-07 -2.389999730e+00 -2.389999730e+00
6992 0 +2.183734717e-07 -2.389999782e+00 -2.389999782e+00
6993 0 +1.707204040e-07 -2.389999829e+00 -2.389999829e+00
6998 0 +1.213339718e-07 -2.389999879e+00 -2.389999879e+00
6999 0 +6.791507667e-08 -2.389999932e+00 -2.389999932e+00
7002 0 +3.112570379e-08 -2.389999969e+00 -2.389999969e+00
7024 0 +2.298514046e-08 -2.389999977e+00 -2.389999977e+00
7025 0 +1.965953045e-08 -2.389999980e+00 -2.389999980e+00
7030 0 +9.291979186e-09 -2.389999991e+00 -2.389999991e+00
7322 0 +6.910028105e-13 -2.390000000e+00 -2.390000000e+00
100000 0 +8.881784197e-16 -2.390000000e+00 -2.390000000e+00
% f evaluations | g evaluations | best noise-free fitness - Fopt (1.000000000000e+03) + sum g_i+ | measured fitness | best measured fitness or single-digit g-values | x1 | x2...
1 0 +3.830748352e+01 +1.038307484e+03 +1.038307484e+03
13 0 +3.452960377e+01 +1.034529604e+03 +1.034529604e+03
18 0 +2.893708632e+01 +1.028937086e+03 +1.028937086e+03
42 0 +2.790204726e+01 +1.027902047e+03 +1.027902047e+03
408 0 +1.967749372e+01 +1.019677494e+03 +1.019677494e+03
668 0 +1.572246955e+01 +1.015722470e+03 +1.015722470e+03
1704 0 +1.375233785e+01 +1.013752338e+03 +1.013752338e+03
1708 0 +1.074866842e+01 +1.010748668e+03 +1.010748668e+03
1732 0 +9.680083786e+00 +1.009680084e+03 +1.009680084e+03
3227 0 +8.151731985e+00 +1.008151732e+03 +1.008151732e+03
3942 0 +7.185748388e+00 +1.007185748e+03 +1.007185748e+03
5218 0 +6.475209975e+00 +1.006475210e+03 +1.006475210e+03
5242 0 +6.247998133e+00 +1.006247998e+03 +1.006247998e+03
6508 0 +3.991153434e+00 +1.003991153e+03 +1.003991153e+03
6509 0 +3.178287275e+00 +1.003178287e+03 +1.003178287e+03
6513 0 +2.524376583e+00 +1.002524377e+03 +1.002524377e+03
6516 0 +2.200015295e+00 +1.002200015e+03 +1.002200015e+03
6519 0 +1.577553848e+00 +1.001577554e+03 +1.001577554e+03
6521 0 +1.292355809e+00 +1.001292356e+03 +1.001292356e+03
6523 0 +1.215853564e+00 +1.001215854e+03 +1.001215854e+03
6564 0 +9.977234711e-01 +1.000997723e+03 +1.000997723e+03
6565 0 +8.391337473e-01 +1.000839134e+03 +1.000839134e+03
6567 0 +5.918373512e-01 +1.000591837e+03 +1.000591837e+03
6572 0 +4.352818576e-01 +1.000435282e+03 +1.000435282e+03
6575 0 +3.471378323e-01 +1.000347138e+03 +1.000347138e+03
6578 0 +2.820578964e-01 +1.000282058e+03 +1.000282058e+03
6582 0 +1.743322467e-01 +1.000174332e+03 +1.000174332e+03
6614 0 +1.500664179e-01 +1.000150066e+03 +1.000150066e+03
6616 0 +1.315572633e-01 +1.000131557e+03 +1.000131557e+03
6617 0 +1.015160640e-01 +1.000101516e+03 +1.000101516e+03
6620 0 +6.938792391e-02 +1.000069388e+03 +1.000069388e+03
6621 0 +6.066958148e-02 +1.000060670e+03 +1.000060670e+03
6646 0 +5.338113699e-02 +1.000053381e+03 +1.000053381e+03
6650 0 +4.547236416e-02 +1.000045472e+03 +1.000045472e+03
6651 0 +3.767536208e-02 +1.000037675e+03 +1.000037675e+03
6653 0 +3.416298465e-02 +1.000034163e+03 +1.000034163e+03
6655 0 +2.777227015e-02 +1.000027772e+03 +1.000027772e+03
6662 0 +1.586145739e-02 +1.000015861e+03 +1.000015861e+03
6683 0 +1.499139006e-02 +1.000014991e+03 +1.000014991e+03
6694 0 +1.255633319e-02 +1.000012556e+03 +1.000012556e+03
6697 0 +8.241390604e-03 +1.000008241e+03 +1.000008241e+03
6699 0 +4.539456749e-03 +1.000004539e+03 +1.000004539e+03
6724 0 +3.996659679e-03 +1.000003997e+03 +1.000003997e+03
6726 0 +3.152379294e-03 +1.000003152e+03 +1.000003152e+03
6729 0 +2.196080285e-03 +1.000002196e+03 +1.000002196e+03
6731 0 +1.224660503e-03 +1.000001225e+03 +1.000001225e+03
6735 0 +6.048126161e-04 +1.000000605e+03 +1.000000605e+03
6741 0 +4.928505514e-04 +1.000000493e+03 +1.000000493e+03
6773 0 +2.982610581e-04 +1.000000298e+03 +1.000000298e+03
6782 0 +1.097844057e-04 +1.000000110e+03 +1.000000110e+03
6803 0 +6.214040968e-05 +1.000000062e+03 +1.000000062e+03
6816 0 +3.375911808e-05 +1.000000034e+03 +1.000000034e+03
6848 0 +2.396415107e-05 +1.000000024e+03 +1.000000024e+03
6858 0 +1.863316731e-05 +1.000000019e+03 +1.000000019e+03
6886 0 +1.552111053e-05 +1.000000016e+03 +1.000000016e+03
6894 0 +1.310723792e-05 +1.000000013e+03 +1.000000013e+03
6896 0 +9.831566331e-06 +1.000000010e+03 +1.000000010e+03
6897 0 +8.133427173e-06 +1.000000008e+03 +1.000000008e+03
6900 0 +5.409669029e-06 +1.000000005e+03 +1.000000005e+03
6901 0 +2.231691383e-06 +1.000000002e+03 +1.000000002e+03
6924 0 +1.502801069e-06 +1.000000002e+03 +1.000000002e+03
6927 0 +7.330070275e-07 +1.000000001e+03 +1.000000001e+03
6938 0 +6.271637858e-07 +1.000000001e+03 +1.000000001e+03
6970 0 +5.294587027e-07 +1.000000001e+03 +1.000000001e+03
6973 0 +4.167422958e-07 +1.000000000e+03 +1.000000000e+03
6977 0 +2.309357114e-07 +1.000000000e+03 +1.000000000e+03
6979 0 +1.956905180e-07 +1.000000000e+03 +1.000000000e+03
7005 0 +1.669233143e-07 +1.000000000e+03 +1.000000000e+03
7009 0 +1.560937335e-07 +1.000000000e+03 +1.000000000e+03
7020 0 +1.023950063e-07 +1.000000000e+03 +1.000000000e+03
7022 0 +8.186793821e-08 +1.000000000e+03 +1.000000000e+03
7043 0 +6.853554169e-08 +1.000000000e+03 +1.000000000e+03
7048 0 +5.977938144e-08 +1.000000000e+03 +1.000000000e+03
7050 0 +5.027357020e-08 +1.000000000e+03 +1.000000000e+03
7052 0 +4.015134891e-08 +1.000000000e+03 +1.000000000e+03
7053 0 +2.689273515e-08 +1.000000000e+03 +1.000000000e+03
7056 0 +1.612988854e-08 +1.000000000e+03 +1.000000000e+03
7061 0 +1.147293460e-08 +1.000000000e+03 +1.000000000e+03
7085 0 +8.011284081e-09 +1.000000000e+03 +1.000000000e+03
7338 0 +5.684341886e-13 +1.000000000e+03 +1.000000000e+03
100000 0 +2.273736754e-13 +1.000000000e+03 +1.000000000e+03
% f evaluations | g evaluations | best noise-free fitness - Fopt (-2.304000000000e+01) + sum g_i+ | measured fitness | best measured fitness or single-digit g-values | x1 | x2...
1 0 +5.895343488e+01 +3.591343488e+01 +3.591343488e+01
68 0 +5.867445293e+01 +3.563445293e+01 +3.563445293e+01
70 0 +4.087619397e+01 +1.783619397e+01 +1.783619397e+01
75 0 +3.972159973e+01 +1.668159973e+01 +1.668159973e+01
325 0 +3.348740093e+01 +1.044740093e+01 +1.044740093e+01
1580 0 +3.122715450e+01 +8.187154496e+00 +8.187154496e+00
2685 0 +2.716360331e+01 +4.123603308e+00 +4.123603308e+00
4700 0 +2.348340794e+01 +4.434079371e-01 +4.434079371e-01
5740 0 +2.223499584e+01 -8.050041551e-01 -8.050041551e-01
6506 0 +1.985511662e+01 -3.184883380e+00 -3.184883380e+00
6511 0 +1.600092666e+01 -7.039073338e+00 -7.039073338e+00
6514 0 +1.373930866e+01 -9.300691337e+00 -9.300691337e+00
6515 0 +1.126388981e+01 -1.177611019e+01 -1.177611019e+01
6517 0 +8.359948356e+00 -1.468005164e+01 -1.468005164e+01
6519 0 +7.275093731e+00 -1.576490627e+01 -1.576490627e+01
6522 0 +4.424293526e+00 -1.861570647e+01 -1.861570647e+01
6526 0 +3.659259575e+00 -1.938074042e+01 -1.938074042e+01
6531 0 +2.910321117e+00 -2.012967888e+01 -2.012967888e+01
6534 0 +2.651300471e+00 -2.038869953e+01 -2.038869953e+01
6535 0 +2.178478975e+00 -2.086152102e+01 -2.086152102e+01
6537 0 +1.277134870e+00 -2.176286513e+01 -2.176286513e+01
6542 0 +4.289320181e-01 -2.261106798e+01 -2.261106798e+01
6563 0 +3.819818048e-01 -2.265801820e+01 -2.265801820e+01
6565 0 +3.107996552e-01 -2.272920034e+01 -2.272920034e+01
6573 0 +1.899853088e-01 -2.285001469e+01 -2.285001469e+01
6576 0 +1.760713877e-01 -2.286392861e+01 -2.286392861e+01
6604 0 +1.369653271e-01 -2.290303467e+01 -2.290303467e+01
6606 0 +1.099752347e-01 -2.293002477e+01 -2.293002477e+01
6615 0 +5.166814655e-02 -2.298833185e+01 -2.298833185e+01
6645 0 +4.951790096e-02 -2.299048210e+01 -2.299048210e+01
6651 0 +3.412705276e-02 -2.300587295e+01 -2.300587295e+01
6653 0 +1.956875800e-02 -2.302043124e+01 -2.302043124e+01
6661 0 +1.607707173e-02 -2.302392293e+01 -2.302392293e+01
6683 0 +1.411961802e-02 -2.302588038e+01 -2.302588038e+01
6686 0 +1.128341786e-02 -2.302871658e+01 -2.302871658e+01
6687 0 +8.860023927e-03 -2.303113998e+01 -2.303113998e+01
6689 0 +7.784635487e-03 -2.303221536e+01 -2.303221536e+01
6698 0 +5.448797722e-03 -2.303455120e+01 -2.303455120e+01
6699 0 +4.137873922e-03 -2.303586213e+01 -2.303586213e+01
6702 0 +1.972394099e-03 -2.303802761e+01 -2.303802761e+01
6730 0 +1.532257580e-03 -2.303846774e+01 -2.303846774e+01
6740 0 +1.209888741e-03 -2.303879011e+01 -2.303879011e+01
6764 0 +9.658791149e-04 -2.303903412e+01 -2.303903412e+01
6768 0 +8.140315295e-04 -2.303918597e+01 -2.303918597e+01
6769 0 +7.896421042e-04 -2.303921036e+01 -2.303921036e+01
6776 0 +5.992897563e-04 -2.303940071e+01 -2.303940071e+01
6777 0 +4.498761435e-04 -2.303955012e+01 -2.303955012e+01
6779 0 +3.666028784e-04 -2.303963340e+01 -2.303963340e+01
6781 0 +1.745997802e-04 -2.303982540e+01 -2.303982540e+01
6806 0 +1.256468658e-04 -2.303987435e+01 -2.303987435e+01
6810 0 +7.672715727e-05 -2.303992327e+01 -2.303992327e+01
6814 0 +6.990426268e-05 -2.303993010e+01 -2.303993010e+01
6820 0 +5.042647407e-05 -2.303994957e+01 -2.303994957e+01
6847 0 +3.647180114e-05 -2.303996353e+01 -2.303996353e+01
6853 0 +2.460464314e-05 -2.303997540e+01 -2.303997540e+01
6858 0 +1.612223046e-05 -2.303998388e+01 -2.303998388e+01
6859 0 +1.058251947e-05 -2.303998942e+01 -2.303998942e+01
6895 0 +7.482973377e-06 -2.303999252e+01 -2.303999252e+01
6900 0 +6.433177550e-06 -2.303999357e+01 -2.303999357e+01
6902 0 +3.696005564e-06 -2.303999630e+01 -2.303999630e+01
6925 0 +3.130730040e-06 -2.303999687e+01 -2.303999687e+01
6929 0 +2.561303791e-06 -2.303999744e+01 -2.303999744e+01
6931 0 +1.684406115e-06 -2.303999832e+01 -2.303999832e+01
6937 0 +9.402707946e-07 -2.303999906e+01 -2.303999906e+01
6939 0 +5.102558767e-07 -2.303999949e+01 -2.303999949e+01
6974 0 +3.225531735e-07 -2.303999968e+01 -2.303999968e+01
6980 0 +2.988324219e-07 -2.303999970e+01 -2.303999970e+01
6981 0 +2.669407948e-07 -2.303999973e+01 -2.303999973e+01
7006 0 +2.292135193e-07 -2.303999977e+01 -2.303999977e+01
7008 0 +2.061497995e-07 -2.303999979e+01 -2.303999979e+01
7010 0 +1.694602076e-07 -2.303999983e+01 -2.303999983e+01
7016 0 +1.196253159e-07 -2.303999988e+01 -2.303999988e+01
7019 0 +7.180364037e-08 -2.303999993e+01 -2.303999993e+01
7022 0 +2.806740085e-08 -2.303999997e+01 -2.303999997e+01
7047 0 +2.467874793e-08 -2.303999998e+01 -2.303999998e+01
7058 0 +1.325207322e-08 -2.303999999e+01 -2.303999999e+01
7085 0 +1.149350481e-08 -2.303999999e+01 -2.303999999e+01
7088 0 +9.457703953e-09 -2.303999999e+01 -2.303999999e+01
7337 0 +7.283063042e-13 -2.304000000e+01 -2.304000000e+01
100000 0 +7.105427358e-15 -2.304000000e+01 -2.304000000e+01
% f evaluations | g evaluations | best noise-free fitness - Fopt (1.084500000000e+02) + sum g_i+ | measured fitness | best measured fitness or single-digit g-values | x1 | x2...
1 0 +7.517628160e+01 +1.836262816e+02 +1.836262816e+02
10 0 +7.480101352e+01 +1.832510135e+02 +1.832510135e+02
23 0 +6.842961388e+01 +1.768796139e+02 +1.768796139e+02
74 0 +5.724495027e+01 +1.656949503e+02 +1.656949503e+02
88 0 +5.513770505e+01 +1.635877050e+02 +1.635877050e+02
140 0 +4.782570238e+01 +1.562757024e+02 +1.562757024e+02
178 0 +4.297546980e+01 +1.514254698e+02 +1.514254698e+02
1440 0 +3.785271792e+01 +1.463027179e+02 +1.463027179e+02
3130 0 +3.331496630e+01 +1.417649663e+02 +1.417649663e+02
4443 0 +3.133807872e+01 +1.397880787e+02 +1.397880787e+02
5275 0 +2.775102047e+01 +1.362010205e+02 +1.362010205e+02
6505 0 +2.445555654e+01 +1.329055565e+02 +1.329055565e+02
6511 0 +1.973015696e+01 +1.281801570e+02 +1.281801570e+02
6514 0 +1.677048613e+01 +1.252204861e+02 +1.252204861e+02
6515 0 +1.434396116e+01 +1.227939612e+02 +1.227939612e+02
6518 0 +1.335223132e+01 +1.218022313e+02 +1.218022313e+02
6520 0 +1.005763644e+01 +1.185076364e+02 +1.185076364e+02
6521 0 +6.852143987e+00 +1.153021440e+02 +1.153021440e+02
6524 0 +6.106407606e+00 +1.145564076e+02 +1.145564076e+02
6531 0 +4.222059574e+00 +1.126720596e+02 +1.126720596e+02
6534 0 +3.264986097e+00 +1.117149861e+02 +1.117149861e+02
6535 0 +2.841058475e+00 +1.112910585e+02 +1.112910585e+02
6540 0 +1.549060950e+00 +1.099990610e+02 +1.099990610e+02
6541 0 +3.461658508e-01 +1.087961659e+02 +1.087961659e+02
6569 0 +3.020575337e-01 +1.087520575e+02 +1.087520575e+02
6576 0 +2.636966755e-01 +1.087136967e+02 +1.087136967e+02
6605 0 +2.097335344e-01 +1.086597335e+02 +1.086597335e+02
6607 0 +1.977909214e-01 +1.086477909e+02 +1.086477909e+02
6610 0 +1.473364799e-01 +1.085973365e+02 +1.085973365e+02
6611 0 +1.043902100e-01 +1.085543902e+02 +1.085543902e+02
6615 0 +6.098947185e-02 +1.085109895e+02 +1.085109895e+02
6620 0 +5.089592716e-02 +1.085008959e+02 +1.085008959e+02
6644 0 +3.590533862e-02 +1.084859053e+02 +1.084859053e+02
6648 0 +2.623135328e-02 +1.084762314e+02 +1.084762314e+02
6659 0 +1.563283380e-02 +1.084656328e+02 +1.084656328e+02
6661 0 +6.078572733e-03 +1.084560786e+02 +1.084560786e+02
6692 0 +5.081171336e-03 +1.084550812e+02 +1.084550812e+02
6696 0 +4.197387010e-03 +1.084541974e+02 +1.084541974e+02
6726 0 +3.934288650e-03 +1.084539343e+02 +1.084539343e+02
6727 0 +3.419292768e-03 +1.084534193e+02 +1.084534193e+02
6729 0 +2.881282789e-03 +1.084528813e+02 +1.084528813e+02
6731 0 +2.402152749e-03 +1.084524022e+02 +1.084524022e+02
6733 0 +1.997946001e-03 +1.084519979e+02 +1.084519979e+02
6735 0 +1.462007424e-03 +1.084514620e+02 +1.084514620e+02
6740 0 +1.178145078e-03 +1.084511781e+02 +1.084511781e+02
6742 0 +6.332181285e-04 +1.084506332e+02 +1.084506332e+02
6765 0 +5.203096239e-04 +1.084505203e+02 +1.084505203e+02
6774 0 +4.730626490e-04 +1.084504731e+02 +1.084504731e+02
6779 0 +3.705361376e-04 +1.084503705e+02 +1.084503705e+02
6808 0 +3.112816759e-04 +1.084503113e+02 +1.084503113e+02
6810 0 +2.624409069e-04 +1.084502624e+02 +1.084502624e+02
6811 0 +2.037728180e-04 +1.084502038e+02 +1.084502038e+02
6813 0 +1.638355520e-04 +1.084501638e+02 +1.084501638e+02
6816 0 +1.144769325e-04 +1.084501145e+02 +1.084501145e+02
6817 0 +1.008348002e-04 +1.084501008e+02 +1.084501008e+02
6820 0 +9.098363464e-05 +1.084500910e+02 +1.084500910e+02
6821 0 +4.387210839e-05 +1.084500439e+02 +1.084500439e+02
6843 0 +3.869123634e-05 +1.084500387e+02 +1.084500387e+02
6845 0 +2.574271548e-05 +1.084500257e+02 +1.084500257e+02
6858 0 +1.728517634e-05 +1.084500173e+02 +1.084500173e+02
6859 0 +6.932153809e-06 +1.084500069e+02 +1.084500069e+02
6884 0 +5.702938523e-06 +1.084500057e+02 +1.084500057e+02
6894 0 +4.228301037e-06 +1.084500042e+02 +1.084500042e+02
6923 0 +3.887995859e-06 +1.084500039e+02 +1.084500039e+02
6929 0 +3.308702162e-06 +1.084500033e+02 +1.084500033e+02
6933 0 +3.091108070e-06 +1.084500031e+02 +1.084500031e+02
6935 0 +2.576545697e-06 +1.084500026e+02 +1.084500026e+02
6937 0 +1.826191991e-06 +1.084500018e+02 +1.084500018e+02
6940 0 +1.549709125e-06 +1.084500015e+02 +1.084500015e+02
6942 0 +7.542600855e-07 +1.084500008e+02 +1.084500008e+02
6964 0 +6.856844834e-07 +1.084500007e+02 +1.084500007e+02
6967 0 +4.643723202e-07 +1.084500005e+02 +1.084500005e+02
6974 0 +3.344411539e-07 +1.084500003e+02 +1.084500003e+02
6979 0 +2.339543812e-07 +1.084500002e+02 +1.084500002e+02
7003 0 +2.085601380e-07 +1.084500002e+02 +1.084500002e+02
7005 0 +1.751442511e-07 +1.084500002e+02 +1.084500002e+02
7010 0 +1.409215145e-07 +1.084500001e+02 +1.084500001e+02
7012 0 +1.241556902e-07 +1.084500001e+02 +1.084500001e+02
7016 0 +7.375012956e-08 +1.084500001e+02 +1.084500001e+02
7020 0 +6.431146460e-08 +1.084500001e+02 +1.084500001e+02
7044 0 +6.208807690e-08 +1.084500001e+02 +1.084500001e+02
7051 0 +5.298389283e-08 +1.084500001e+02 +1.084500001e+02
7053 0 +4.070514592e-08 +1.084500000e+02 +1.084500000e+02
7058 0 +3.005575877e-08 +1.084500000e+02 +1.084500000e+02
7059 0 +1.985458198e-08 +1.084500000e+02 +1.084500000e+02
7061 0 +1.484211509e-08 +1.084500000e+02 +1.084500000e+02
7083 0 +1.222369406e-08 +1.084500000e+02 +1.084500000e+02
7086 0 +9.387278510e-09 +1.084500000e+02 +1.084500000e+02
7333 0 +9.237055565e-13 +1.084500000e+02 +1.084500000e+02
100000 0 +1.421085472e-14 +1.084500000e+02 +1.084500000e+02
% f evaluations | g evaluations | best noise-free fitness - Fopt (2.606200000000e+02) + sum g_i+ | measured fitness | best measured fitness or single-digit g-values | x1 | x2...
1 0 +7.068328576e+01 +3.313032858e+02 +3.313032858e+02
10 0 +6.792814762e+01 +3.285481476e+02 +3.285481476e+02
103 0 +6.151004058e+01 +3.221300406e+02 +3.221300406e+02
199 0 +4.894658729e+01 +3.095665873e+02 +3.095665873e+02
205 0 +4.367457479e+01 +3.042945748e+02 +3.042945748e+02
1635 0 +3.868594364e+01 +2.993059436e+02 +2.993059436e+02
2935 0 +3.206545467e+01 +2.926854547e+02 +2.926854547e+02
3135 0 +3.106892411e+01 +2.916889241e+02 +2.916889241e+02
4240 0 +2.803624123e+01 +2.886562412e+02 +2.886562412e+02
6508 0 +2.478182781e+01 +2.854018278e+02 +2.854018278e+02
6509 0 +2.086473590e+01 +2.814847359e+02 +2.814847359e+02
6511 0 +1.817520788e+01 +2.787952079e+02 +2.787952079e+02
6514 0 +1.579972804e+01 +2.764197280e+02 +2.764197280e+02
6518 0 +1.177601609e+01 +2.723960161e+02 +2.723960161e+02
6520 0 +9.332618010e+00 +2.699526180e+02 +2.699526180e+02
6522 0 +6.310506674e+00 +2.669305067e+02 +2.669305067e+02
6528 0 +5.593282009e+00 +2.662132820e+02 +2.662132820e+02
6529 0 +3.678787447e+00 +2.642987874e+02 +2.642987874e+02
6531 0 +2.991856779e+00 +2.636118568e+02 +2.636118568e+02
6534 0 +2.618974295e+00 +2.632389743e+02 +2.632389743e+02
6538 0 +1.975704385e+00 +2.625957044e+02 +2.625957044e+02
6540 0 +1.534903661e+00 +2.621549037e+02 +2.621549037e+02
6542 0 +5.153896781e-01 +2.611353897e+02 +2.611353897e+02
6569 0 +3.091164044e-01 +2.609291164e+02 +2.609291164e+02
6573 0 +2.452329772e-01 +2.608652330e+02 +2.608652330e+02
6579 0 +2.153086701e-01 +2.608353087e+02 +2.608353087e+02
6612 0 +1.908604996e-01 +2.608108605e+02 +2.608108605e+02
6614 0 +1.602210459e-01 +2.607802210e+02 +2.607802210e+02
6615 0 +1.286657101e-01 +2.607486657e+02 +2.607486657e+02
6617 0 +1.017396858e-01 +2.607217397e+02 +2.607217397e+02
6620 0 +5.412067210e-02 +2.606741207e+02 +2.606741207e+02
6644 0 +4.555025503e-02 +2.606655503e+02 +2.606655503e+02
6645 0 +3.818529102e-02 +2.606581853e+02 +2.606581853e+02
6648 0 +2.675866693e-02 +2.606467587e+02 +2.606467587e+02
6651 0 +1.911879262e-02 +2.606391188e+02 +2.606391188e+02
6658 0 +1.661094793e-02 +2.606366109e+02 +2.606366109e+02
6690 0 +1.478700551e-02 +2.606347870e+02 +2.606347870e+02
6694 0 +1.094707924e-02 +2.606309471e+02 +2.606309471e+02
6696 0 +7.101944344e-03 +2.606271019e+02 +2.606271019e+02
6697 0 +4.281761245e-03 +2.606242818e+02 +2.606242818e+02
6723 0 +3.490873295e-03 +2.606234909e+02 +2.606234909e+02
6725 0 +2.627463029e-03 +2.606226275e+02 +2.606226275e+02
6729 0 +2.370346834e-03 +2.606223703e+02 +2.606223703e+02
6731 0 +1.438208996e-03 +2.606214382e+02 +2.606214382e+02
6739 0 +5.457705419e-04 +2.606205458e+02 +2.606205458e+02
6768 0 +3.397309544e-04 +2.606203397e+02 +2.606203397e+02
6770 0 +1.854132704e-04 +2.606201854e+02 +2.606201854e+02
6778 0 +1.570859910e-04 +2.606201571e+02 +2.606201571e+02
6782 0 +1.169295201e-04 +2.606201169e+02 +2.606201169e+02
6817 0 +6.997873857e-05 +2.606200700e+02 +2.606200700e+02
6821 0 +2.894255289e-05 +2.606200289e+02 +2.606200289e+02
6844 0 +2.085330954e-05 +2.606200209e+02 +2.606200209e+02
6849 0 +1.359691470e-05 +2.606200136e+02 +2.606200136e+02
6886 0 +1.026528639e-05 +2.606200103e+02 +2.606200103e+02
6887 0 +9.282675535e-06 +2.606200093e+02 +2.606200093e+02
6893 0 +7.823920214e-06 +2.606200078e+02 +2.606200078e+02
6900 0 +6.306553757e-06 +2.606200063e+02 +2.606200063e+02
6902 0 +5.106646199e-06 +2.606200051e+02 +2.606200051e+02
6923 0 +4.264218546e-06 +2.606200043e+02 +2.606200043e+02
6928 0 +3.800611125e-06 +2.606200038e+02 +2.606200038e+02
6929 0 +2.941425237e-06 +2.606200029e+02 +2.606200029e+02
6932 0 +2.468434900e-06 +2.606200025e+02 +2.606200025e+02
6934 0 +2.147172779e-06 +2.606200021e+02 +2.606200021e+02
6938 0 +1.252355105e-06 +2.606200013e+02 +2.606200013e+02
6939 0 +1.056125484e-06 +2.606200011e+02 +2.606200011e+02
6941 0 +7.011664707e-07 +2.606200007e+02 +2.606200007e+02
6973 0 +6.139117659e-07 +2.606200006e+02 +2.606200006e+02
6976 0 +4.148213293e-07 +2.606200004e+02 +2.606200004e+02
6980 0 +2.742079346e-07 +2.606200003e+02 +2.606200003e+02
6982 0 +2.129592076e-07 +2.606200002e+02 +2.606200002e+02
7008 0 +1.554186042e-07 +2.606200002e+02 +2.606200002e+02
7012 0 +9.685305713e-08 +2.606200001e+02 +2.606200001e+02
7014 0 +7.621957820e-08 +2.606200001e+02 +2.606200001e+02
7021 0 +4.716190460e-08 +2.606200000e+02 +2.606200000e+02
7046 0 +3.290176664e-08 +2.606200000e+02 +2.606200000e+02
7053 0 +2.829801815e-08 +2.606200000e+02 +2.606200000e+02
7057 0 +2.579719194e-08 +2.606200000e+02 +2.606200000e+02
7059 0 +1.618900569e-08 +2.606200000e+02 +2.606200000e+02
7062 0 +1.579735454e-08 +2.606200000e+02 +2.606200000e+02
7084 0 +1.249713932e-08 +2.606200000e+02 +2.606200000e+02
7090 0 +1.024432095e-08 +2.606200000e+02 +2.606200000e+02
7094 0 +8.816073205e-09 +2.606200000e+02 +2.606200000e+02
7364 0 +9.663381206e-13 +2.606200000e+02 +2.606200000e+02
100000 0 +5.684341886e-14 +2.606200000e+02 +2.606200000e+02
% f evaluations | g evaluations | best noise-free fitness - Fopt (-3.553300000000e+02) + sum g_i+ | measured fitness | best measured fitness or single-digit g-values | x1 | x2...
1 0 +6.256778816e+01 -2.927622118e+02 -2.927622118e+02
2 0 +5.444997446e+01 -3.008800255e+02 -3.008800255e+02
11 0 +4.980959796e+01 -3.055204020e+02 -3.055204020e+02
279 0 +4.408116508e+01 -3.112488349e+02 -3.112488349e+02
565 0 +3.959431506e+01 -3.157356849e+02 -3.157356849e+02
929 0 +3.339416021e+01 -3.219358398e+02 -3.219358398e+02
1579 0 +3.112931410e+01 -3.242006859e+02 -3.242006859e+02
2879 0 +2.585017177e+01 -3.294798282e+02 -3.294798282e+02
3659 0 +2.433688298e+01 -3.309931170e+02 -3.309931170e+02
4179 0 +2.157368673e+01 -3.337563133e+02 -3.337563133e+02
5609 0 +1.952110675e+01 -3.358088932e+02 -3.358088932e+02
6507 0 +1.766847273e+01 -3.376615273e+02 -3.376615273e+02
6509 0 +1.502710160e+01 -3.403028984e+02 -3.403028984e+02
6511 0 +1.315434789e+01 -3.421756521e+02 -3.421756521e+02
6513 0 +1.203266938e+01 -3.432973306e+02 -3.432973306e+02
6516 0 +9.490869622e+00 -3.458391304e+02 -3.458391304e+02
6517 0 +8.443103433e+00 -3.468868966e+02 -3.468868966e+02
6519 0 +6.595721719e+00 -3.487342783e+02 -3.487342783e+02
6521 0 +3.488755337e+00 -3.518412447e+02 -3.518412447e+02
6529 0 +2.530121451e+00 -3.527998785e+02 -3.527998785e+02
6536 0 +1.990919049e+00 -3.533390810e+02 -3.533390810e+02
6541 0 +8.865500207e-01 -3.544434500e+02 -3.544434500e+02
6566 0 +7.880633128e-01 -3.545419367e+02 -3.545419367e+02
6567 0 +5.454862826e-01 -3.547845137e+02 -3.547845137e+02
6571 0 +3.600834324e-01 -3.549699166e+02 -3.549699166e+02
6579 0 +1.873665825e-01 -3.551426334e+02 -3.551426334e+02
6603 0 +1.699827217e-01 -3.551600173e+02 -3.551600173e+02
6605 0 +1.114476019e-01 -3.552185524e+02 -3.552185524e+02
6610 0 +8.339754355e-02 -3.552466025e+02 -3.552466025e+02
6615 0 +3.045464202e-02 -3.552995454e+02 -3.552995454e+02
6644 0 +2.350128062e-02 -3.553064987e+02 -3.553064987e+02
6649 0 +2.188101798e-02 -3.553081190e+02 -3.553081190e+02
6660 0 +1.753919208e-02 -3.553124608e+02 -3.553124608e+02
6690 0 +1.400335819e-02 -3.553159966e+02 -3.553159966e+02
6691 0 +1.038461669e-02 -3.553196154e+02 -3.553196154e+02
6693 0 +6.772199896e-03 -3.553232278e+02 -3.553232278e+02
6699 0 +4.739208435e-03 -3.553252608e+02 -3.553252608e+02
6701 0 +2.208634392e-03 -3.553277914e+02 -3.553277914e+02
6724 0 +1.448124780e-03 -3.553285519e+02 -3.553285519e+02
6736 0 +1.221172301e-03 -3.553287788e+02 -3.553287788e+02
6737 0 +7.468932801e-04 -3.553292531e+02 -3.553292531e+02
6775 0 +6.074915482e-04 -3.553293925e+02 -3.553293925e+02
6780 0 +3.750481849e-04 -3.553296250e+02 -3.553296250e+02
6782 0 +2.743186417e-04 -3.553297257e+02 -3.553297257e+02
6805 0 +2.174143640e-04 -3.553297826e+02 -3.553297826e+02
6808 0 +1.574719253e-04 -3.553298425e+02 -3.553298425e+02
6809 0 +1.173199317e-04 -3.553298827e+02 -3.553298827e+02
6817 0 +5.986459774e-05 -3.553299401e+02 -3.553299401e+02
6821 0 +4.911494818e-05 -3.553299509e+02 -3.553299509e+02
6843 0 +3.722841245e-05 -3.553299628e+02 -3.553299628e+02
6852 0 +3.422067698e-05 -3.553299658e+02 -3.553299658e+02
6854 0 +3.081764709e-05 -3.553299692e+02 -3.553299692e+02
6856 0 +1.772719241e-05 -3.553299823e+02 -3.553299823e+02
6862 0 +7.823411920e-06 -3.553299922e+02 -3.553299922e+02
6890 0 +6.402456336e-06 -3.553299936e+02 -3.553299936e+02
6891 0 +4.086672789e-06 -3.553299959e+02 -3.553299959e+02
6893 0 +1.968536367e-06 -3.553299980e+02 -3.553299980e+02
6929 0 +1.724101310e-06 -3.553299983e+02 -3.553299983e+02
6939 0 +1.470733139e-06 -3.553299985e+02 -3.553299985e+02
6941 0 +1.081939786e-06 -3.553299989e+02 -3.553299989e+02
6964 0 +8.966592873e-07 -3.553299991e+02 -3.553299991e+02
6966 0 +8.722535654e-07 -3.553299991e+02 -3.553299991e+02
6970 0 +7.557428603e-07 -3.553299992e+02 -3.553299992e+02
6972 0 +6.185041457e-07 -3.553299994e+02 -3.553299994e+02
6974 0 +4.318536071e-07 -3.553299996e+02 -3.553299996e+02
6975 0 +3.970629905e-07 -3.553299996e+02 -3.553299996e+02
6980 0 +2.850188707e-07 -3.553299997e+02 -3.553299997e+02
6982 0 +2.406873136e-07 -3.553299998e+02 -3.553299998e+02
7005 0 +1.932081659e-07 -3.553299998e+02 -3.553299998e+02
7016 0 +1.494947242e-07 -3.553299999e+02 -3.553299999e+02
7018 0 +9.483028407e-08 -3.553299999e+02 -3.553299999e+02
7021 0 +5.365399147e-08 -3.553299999e+02 -3.553299999e+02
7050 0 +3.605515531e-08 -3.553300000e+02 -3.553300000e+02
7051 0 +2.560329904e-08 -3.553300000e+02 -3.553300000e+02
7060 0 +1.251277126e-08 -3.553300000e+02 -3.553300000e+02
7083 0 +9.561915704e-09 -3.553300000e+02 -3.553300000e+02
7337 0 +6.821210263e-13 -3.553300000e+02 -3.553300000e+02
100000 0 +1.136868377e-13 -3.553300000e+02 -3.553300000e+02
% f evaluations | g evaluations | best noise-free fitness - Fopt (2.257700000000e+02) + sum g_i+ | measured fitness | best measured fitness or single-digit g-values | x1 | x2...
1 0 +4.417462336e+01 +2.699446234e+02 +2.699446234e+02
23 0 +4.416349356e+01 +2.699334936e+02 +2.699334936e+02
67 0 +3.831691373e+01 +2.640869137e+02 +2.640869137e+02
75 0 +3.333806861e+01 +2.591080686e+02 +2.591080686e+02
108 0 +2.714036544e+01 +2.529103654e+02 +2.529103654e+02
137 0 +2.362368241e+01 +2.493936824e+02 +2.493936824e+02
140 0 +2.236947452e+01 +2.481394745e+02 +2.481394745e+02
1420 0 +1.987232643e+01 +2.456423264e+02 +2.456423264e+02
1827 0 +1.695599618e+01 +2.427259962e+02 +2.427259962e+02
2285 0 +1.517364595e+01 +2.409436459e+02 +2.409436459e+02
3125 0 +1.254386652e+01 +2.383138665e+02 +2.383138665e+02
3140 0 +1.100466970e+01 +2.367746697e+02 +2.367746697e+02
3975 0 +9.880971859e+00 +2.356509719e+02 +2.356509719e+02
5275 0 +8.423092314e+00 +2.341930923e+02 +2.341930923e+02
5320 0 +7.646231454e+00 +2.334162315e+02 +2.334162315e+02
6511 0 +5.138878659e+00 +2.309088787e+02 +2.309088787e+02
6514 0 +3.392795091e+00 +2.291627951e+02 +2.291627951e+02
6518 0 +2.328565871e+00 +2.280985659e+02 +2.280985659e+02
6519 0 +1.166861393e+00 +2.269368614e+02 +2.269368614e+02
6522 0 +9.601142459e-01 +2.267301142e+02 +2.267301142e+02
6531 0 +7.310806194e-01 +2.265010806e+02 +2.265010806e+02
6572 0 +5.952727635e-01 +2.263652728e+02 +2.263652728e+02
6574 0 +4.732049868e-01 +2.262432050e+02 +2.262432050e+02
6575 0 +2.648320959e-01 +2.260348321e+02 +2.260348321e+02
6581 0 +1.178810004e-01 +2.258878810e+02 +2.258878810e+02
6606 0 +8.950520712e-02 +2.258595052e+02 +2.258595052e+02
6608 0 +8.644379163e-02 +2.258564438e+02 +2.258564438e+02
6644 0 +7.110607326e-02 +2.258411061e+02 +2.258411061e+02
6645 0 +6.779382566e-02 +2.258377938e+02 +2.258377938e+02
6647 0 +5.367924158e-02 +2.258236792e+02 +2.258236792e+02
6651 0 +4.069533009e-02 +2.258106953e+02 +2.258106953e+02
6654 0 +2.582367775e-02 +2.257958237e+02 +2.257958237e+02
6659 0 +2.141824443e-02 +2.257914182e+02 +2.257914182e+02
6662 0 +1.122014285e-02 +2.257812201e+02 +2.257812201e+02
6686 0 +8.964943693e-03 +2.257789649e+02 +2.257789649e+02
6690 0 +5.652721638e-03 +2.257756527e+02 +2.257756527e+02
6696 0 +4.320072319e-03 +2.257743201e+02 +2.257743201e+02
6700 0 +2.589629998e-03 +2.257725896e+02 +2.257725896e+02
6735 0 +2.278123918e-03 +2.257722781e+02 +2.257722781e+02
6737 0 +1.311211191e-03 +2.257713112e+02 +2.257713112e+02
6739 0 +1.187683601e-03 +2.257711877e+02 +2.257711877e+02
6741 0 +8.037167811e-04 +2.257708037e+02 +2.257708037e+02
6765 0 +6.341435161e-04 +2.257706341e+02 +2.257706341e+02
6772 0 +5.459286598e-04 +2.257705459e+02 +2.257705459e+02
6776 0 +4.572240148e-04 +2.257704572e+02 +2.257704572e+02
6780 0 +2.745301248e-04 +2.257702745e+02 +2.257702745e+02
6782 0 +2.220558502e-04 +2.257702221e+02 +2.257702221e+02
6803 0 +1.672419958e-04 +2.257701672e+02 +2.257701672e+02
6808 0 +1.326871831e-04 +2.257701327e+02 +2.257701327e+02
6809 0 +1.189139917e-04 +2.257701189e+02 +2.257701189e+02
6811 0 +1.019069986e-04 +2.257701019e+02 +2.257701019e+02
6815 0 +8.514489994e-05 +2.257700851e+02 +2.257700851e+02
6821 0 +5.026761605e-05 +2.257700503e+02 +2.257700503e+02
6846 0 +4.682511644e-05 +2.257700468e+02 +2.257700468e+02
6850 0 +3.843310685e-05 +2.257700384e+02 +2.257700384e+02
6852 0 +3.165799808e-05 +2.257700317e+02 +2.257700317e+02
6853 0 +2.276036963e-05 +2.257700228e+02 +2.257700228e+02
6856 0 +1.586281368e-05 +2.257700159e+02 +2.257700159e+02
6859 0 +1.570047030e-05 +2.257700157e+02 +2.257700157e+02
6885 0 +1.360206878e-05 +2.257700136e+02 +2.257700136e+02
6887 0 +1.078181799e-05 +2.257700108e+02 +2.257700108e+02
6895 0 +9.978847714e-06 +2.257700100e+02 +2.257700100e+02
6900 0 +6.240368094e-06 +2.257700062e+02 +2.257700062e+02
6902 0 +3.500735090e-06 +2.257700035e+02 +2.257700035e+02
6929 0 +2.733998997e-06 +2.257700027e+02 +2.257700027e+02
6932 0 +1.995134625e-06 +2.257700020e+02 +2.257700020e+02
6934 0 +1.354803231e-06 +2.257700014e+02 +2.257700014e+02
6936 0 +5.853270864e-07 +2.257700006e+02 +2.257700006e+02
6964 0 +4.302698642e-07 +2.257700004e+02 +2.257700004e+02
6966 0 +2.386856295e-07 +2.257700002e+02 +2.257700002e+02
6981 0 +1.962873171e-07 +2.257700002e+02 +2.257700002e+02
7007 0 +1.421662432e-07 +2.257700001e+02 +2.257700001e+02
7013 0 +1.232029092e-07 +2.257700001e+02 +2.257700001e+02
7018 0 +9.758801411e-08 +2.257700001e+02 +2.257700001e+02
7022 0 +5.354414156e-08 +2.257700001e+02 +2.257700001e+02
7043 0 +4.754690508e-08 +2.257700000e+02 +2.257700000e+02
7050 0 +3.894533052e-08 +2.257700000e+02 +2.257700000e+02
7051 0 +2.685979439e-08 +2.257700000e+02 +2.257700000e+02
7054 0 +2.142093081e-08 +2.257700000e+02 +2.257700000e+02
7055 0 +1.316186626e-08 +2.257700000e+02 +2.257700000e+02
7057 0 +1.104879743e-08 +2.257700000e+02 +2.257700000e+02
7085 0 +8.154415809e-09 +2.257700000e+02 +2.257700000e+02
7338 0 +7.958078641e-13 +2.257700000e+02 +2.257700000e+02
100000 0 +2.842170943e-14 +2.257700000e+02 +2.257700000e+02
% f evaluations | g evaluations | best noise-free fitness - Fopt (1.004400000000e+02) + sum g_i+ | measured fitness | best measured fitness or single-digit g-values | x1 | x2...
1 0 +6.880922304e+01 +1.692492230e+02 +1.692492230e+02
7 0 +6.654801480e+01 +1.669880148e+02 +1.669880148e+02
55 0 +5.889356541e+01 +1.593335654e+02 +1.593335654e+02
120 0 +5.370885665e+01 +1.541488567e+02 +1.541488567e+02
137 0 +4.375238804e+01 +1.441923880e+02 +1.441923880e+02
185 0 +3.962291775e+01 +1.400629177e+02 +1.400629177e+02
835 0 +3.532020871e+01 +1.357602087e+02 +1.357602087e+02
1485 0 +3.152496436e+01 +1.319649644e+02 +1.319649644e+02
2785 0 +2.756525730e+01 +1.280052573e+02 +1.280052573e+02
4410 0 +2.497821356e+01 +1.254182136e+02 +1.254182136e+02
5698 0 +2.215180048e+01 +1.225918005e+02 +1.225918005e+02
6510 0 +1.754866461e+01 +1.179886646e+02 +1.179886646e+02
6514 0 +1.390920192e+01 +1.143492019e+02 +1.143492019e+02
6518 0 +9.747202480e+00 +1.101872025e+02 +1.101872025e+02
6519 0 +7.330095640e+00 +1.077700956e+02 +1.077700956e+02
6522 0 +4.711446032e+00 +1.051514460e+02 +1.051514460e+02
6525 0 +3.984489400e+00 +1.044244894e+02 +1.044244894e+02
6527 0 +3.640613708e+00 +1.040806137e+02 +1.040806137e+02
6530 0 +3.078689787e+00 +1.035186898e+02 +1.035186898e+02
6534 0 +2.744420327e+00 +1.031844203e+02 +1.031844203e+02
6538 0 +1.527115880e+00 +1.019671159e+02 +1.019671159e+02
6539 0 +1.112606392e+00 +1.015526064e+02 +1.015526064e+02
6542 0 +4.965541381e-01 +1.009365541e+02 +1.009365541e+02
6568 0 +4.181673148e-01 +1.008581673e+02 +1.008581673e+02
6573 0 +3.349773756e-01 +1.007749774e+02 +1.007749774e+02
6580 0 +2.919074503e-01 +1.007319075e+02 +1.007319075e+02
6604 0 +2.400143574e-01 +1.006800144e+02 +1.006800144e+02
6607 0 +2.106222580e-01 +1.006506223e+02 +1.006506223e+02
6609 0 +1.633597364e-01 +1.006033597e+02 +1.006033597e+02
6611 0 +1.506166041e-01 +1.005906166e+02 +1.005906166e+02
6614 0 +1.296304064e-01 +1.005696304e+02 +1.005696304e+02
6619 0 +8.858420178e-02 +1.005285842e+02 +1.005285842e+02
6621 0 +5.485376350e-02 +1.004948538e+02 +1.004948538e+02
6645 0 +4.221064355e-02 +1.004822106e+02 +1.004822106e+02
6648 0 +3.825922954e-02 +1.004782592e+02 +1.004782592e+02
6652 0 +2.898550385e-02 +1.004689855e+02 +1.004689855e+02
6653 0 +2.383331088e-02 +1.004638333e+02 +1.004638333e+02
6658 0 +1.247788138e-02 +1.004524779e+02 +1.004524779e+02
6687 0 +1.054226544e-02 +1.004505423e+02 +1.004505423e+02
6694 0 +9.207038966e-03 +1.004492070e+02 +1.004492070e+02
6700 0 +7.734621254e-03 +1.004477346e+02 +1.004477346e+02
6702 0 +4.433261959e-03 +1.004444333e+02 +1.004444333e+02
6730 0 +3.128060666e-03 +1.004431281e+02 +1.004431281e+02
6731 0 +2.512999870e-03 +1.004425130e+02 +1.004425130e+02
6733 0 +2.202782367e-03 +1.004422028e+02 +1.004422028e+02
6736 0 +1.330580744e-03 +1.004413306e+02 +1.004413306e+02
6737 0 +1.235945902e-03 +1.004412359e+02 +1.004412359e+02
6739 0 +9.943240196e-04 +1.004409943e+02 +1.004409943e+02
6766 0 +7.981418139e-04 +1.004407981e+02 +1.004407981e+02
6767 0 +5.586955118e-04 +1.004405587e+02 +1.004405587e+02
6774 0 +4.693465789e-04 +1.004404693e+02 +1.004404693e+02
6778 0 +2.722063151e-04 +1.004402722e+02 +1.004402722e+02
6780 0 +1.485595716e-04 +1.004401486e+02 +1.004401486e+02
6803 0 +1.201293533e-04 +1.004401201e+02 +1.004401201e+02
6812 0 +9.055128866e-05 +1.004400906e+02 +1.004400906e+02
6813 0 +7.411133393e-05 +1.004400741e+02 +1.004400741e+02
6821 0 +5.898029754e-05 +1.004400590e+02 +1.004400590e+02
6845 0 +4.478443550e-05 +1.004400448e+02 +1.004400448e+02
6851 0 +4.429486253e-05 +1.004400443e+02 +1.004400443e+02
6854 0 +3.723623460e-05 +1.004400372e+02 +1.004400372e+02
6859 0 +2.231210459e-05 +1.004400223e+02 +1.004400223e+02
6862 0 +1.459901749e-05 +1.004400146e+02 +1.004400146e+02
6883 0 +1.131111424e-05 +1.004400113e+02 +1.004400113e+02
6892 0 +7.736249387e-06 +1.004400077e+02 +1.004400077e+02
6895 0 +4.663743610e-06 +1.004400047e+02 +1.004400047e+02
6897 0 +2.568717335e-06 +1.004400026e+02 +1.004400026e+02
6929 0 +2.247668618e-06 +1.004400022e+02 +1.004400022e+02
6934 0 +1.437924467e-06 +1.004400014e+02 +1.004400014e+02
6941 0 +5.014577482e-07 +1.004400005e+02 +1.004400005e+02
6966 0 +4.719060342e-07 +1.004400005e+02 +1.004400005e+02
6970 0 +3.937021802e-07 +1.004400004e+02 +1.004400004e+02
6978 0 +1.806316163e-07 +1.004400002e+02 +1.004400002e+02
7004 0 +1.738451516e-07 +1.004400002e+02 +1.004400002e+02
7005 0 +1.289389644e-07 +1.004400001e+02 +1.004400001e+02
7008 0 +1.103181546e-07 +1.004400001e+02 +1.004400001e+02
7009 0 +8.973803745e-08 +1.004400001e+02 +1.004400001e+02
7015 0 +4.037724466e-08 +1.004400000e+02 +1.004400000e+02
7043 0 +2.884995354e-08 +1.004400000e+02 +1.004400000e+02
7047 0 +2.323984916e-08 +1.004400000e+02 +1.004400000e+02
7050 0 +1.860939847e-08 +1.004400000e+02 +1.004400000e+02
7053 0 +1.500518465e-08 +1.004400000e+02 +1.004400000e+02
7088 0 +1.408011485e-08 +1.004400000e+02 +1.004400000e+02
7092 0 +9.124391909e-09 +1.004400000e+02 +1.004400000e+02
7302 0 +8.952838471e-13 +1.004400000e+02 +1.004400000e+02
100000 0 +1.421085472e-14 +1.004400000e+02 +1.004400000e+02
