% f evaluations | g evaluations | best noise-free fitness - Fopt (-2.098800000000e+02) + sum g_i+ | measured fitness | best measured fitness or single-digit g-values | x1 | x2...
1 0 +1.100943907e+07 +1.100922919e+07 +1.100922919e+07
3 0 +9.621588980e+06 +9.621379100e+06 +9.621379100e+06
4 0 +6.142210057e+06 +6.142000177e+06 +6.142000177e+06
3229 0 +6.023243427e+06 +6.023033547e+06 +6.023033547e+06
3874 0 +5.571034579e+06 +5.570824699e+06 +5.570824699e+06
4132 0 +5.208271642e+06 +5.208061762e+06 +5.208061762e+06
4616 0 +4.807917678e+06 +4.807707798e+06 +4.807707798e+06
4652 0 +4.044320125e+06 +4.044110245e+06 +4.044110245e+06
9812 0 +3.470765073e+06 +3.470555193e+06 +3.470555193e+06
9905 0 +3.241029979e+06 +3.240820099e+06 +3.240820099e+06
10217 0 +3.136316906e+06 +3.136107026e+06 +3.136107026e+06
10219 0 +3.078264191e+06 +3.078054311e+06 +3.078054311e+06
10271 0 +2.947492932e+06 +2.947283052e+06 +2.947283052e+06
14270 0 +2.886917853e+06 +2.886707973e+06 +2.886707973e+06
14474 0 +2.798274141e+06 +2.798064261e+06 +2.798064261e+06
14476 0 +2.696130230e+06 +2.695920350e+06 +2.695920350e+06
14528 0 +2.536273157e+06 +2.536063277e+06 +2.536063277e+06
14967 0 +2.510703042e+06 +2.510493162e+06 +2.510493162e+06
14968 0 +2.346118604e+06 +2.345908724e+06 +2.345908724e+06
14970 0 +2.071859042e+06 +2.071649162e+06 +2.071649162e+06
14977 0 +1.955208506e+06 +1.954998626e+06 +1.954998626e+06
19356 0 +1.819458051e+06 +1.819248171e+06 +1.819248171e+06
19363 0 +1.720868605e+06 +1.720658725e+06 +1.720658725e+06
19376 0 +1.627134062e+06 +1.626924182e+06 +1.626924182e+06
19614 0 +1.472716414e+06 +1.472506534e+06 +1.472506534e+06
19634 0 +1.403485133e+06 +1.403275253e+06 +1.403275253e+06
19644 0 +1.395074816e+06 +1.394864936e+06 +1.394864936e+06
24516 0 +1.272064450e+06 +1.271854570e+06 +1.271854570e+06
24523 0 +1.193195216e+06 +1.192985336e+06 +1.192985336e+06
25833 0 +9.504346034e+05 +9.502247234e+05 +9.502247234e+05
25835 0 +6.347114431e+05 +6.345015631e+05 +6.345015631e+05
25868 0 +6.051000841e+05 +6.048902041e+05 +6.048902041e+05
25873 0 +3.190908701e+05 +3.188809901e+05 +3.188809901e+05
25875 0 +2.276147304e+05 +2.274048504e+05 +2.274048504e+05
25908 0 +2.084699119e+05 +2.082600319e+05 +2.082600319e+05
25913 0 +8.994482795e+04 +8.973494795e+04 +8.973494795e+04
25948 0 +8.420685635e+04 +8.399697635e+04 +8.399697635e+04
25953 0 +5.903095294e+04 +5.882107294e+04 +5.882107294e+04
26032 0 +5.066974872e+04 +5.045986872e+04 +5.045986872e+04
26114 0 +4.770045937e+04 +4.749057937e+04 +4.749057937e+04
26121 0 +6.682500445e+03 +6.472620445e+03 +6.472620445e+03
26197 0 +3.312585084e+03 +3.102705084e+03 +3.102705084e+03
26276 0 +2.951424405e+03 +2.741544405e+03 +2.741544405e+03
26282 0 +7.567654153e+02 +5.468854153e+02 +5.468854153e+02
26359 0 +2.725234817e+02 +6.264348170e+01 +6.264348170e+01
26438 0 +2.499436241e+02 +4.006362409e+01 +4.006362409e+01
26441 0 +1.610904288e+01 -1.937709571e+02 -1.937709571e+02
26508 0 +1.569521098e+01 -1.941847890e+02 -1.941847890e+02
26515 0 +9.804769752e+00 -2.000752302e+02 -2.000752302e+02
26517 0 +1.445671082e+00 -2.084343289e+02 -2.084343289e+02
26590 0 +1.254730608e+00 -2.086252694e+02 -2.086252694e+02
26678 0 +8.421378251e-01 -2.090378622e+02 -2.090378622e+02
26679 0 +5.029645814e-01 -2.093770354e+02 -2.093770354e+02
26752 0 +4.964796503e-01 -2.093835203e+02 -2.093835203e+02
26757 0 +4.155929519e-01 -2.094644070e+02 -2.094644070e+02
26760 0 +1.015073442e-01 -2.097784927e+02 -2.097784927e+02
26829 0 +9.940171259e-02 -2.097805983e+02 -2.097805983e+02
26835 0 +7.463337705e-02 -2.098053666e+02 -2.098053666e+02
26838 0 +3.577002837e-02 -2.098442300e+02 -2.098442300e+02
26910 0 +3.533843864e-02 -2.098446616e+02 -2.098446616e+02
26922 0 +1.995951121e-02 -2.098600405e+02 -2.098600405e+02
26987 0 +1.993396887e-02 -2.098600660e+02 -2.098600660e+02
26997 0 +1.716555625e-02 -2.098628344e+02 -2.098628344e+02
26999 0 +1.107640441e-02 -2.098689236e+02 -2.098689236e+02
27001 0 +1.297654391e-03 -2.098787023e+02 -2.098787023e+02
27070 0 +1.227284955e-03 -2.098787727e+02 -2.098787727e+02
27076 0 +8.329978316e-04 -2.098791670e+02 -2.098791670e+02
27158 0 +7.128494245e-04 -2.098792872e+02 -2.098792872e+02
27162 0 +1.766445325e-05 -2.098799823e+02 -2.098799823e+02
27231 0 +1.245661625e-05 -2.098799875e+02 -2.098799875e+02
27315 0 +9.809273706e-06 -2.098799902e+02 -2.098799902e+02
27317 0 +5.862800833e-06 -2.098799941e+02 -2.098799941e+02
27394 0 +5.545437659e-06 -2.098799945e+02 -2.098799945e+02
27398 0 +4.494371865e-06 -2.098799955e+02 -2.098799955e+02
27469 0 +4.435394345e-06 -2.098799956e+02 -2.098799956e+02
27477 0 +3.707585620e-06 -2.098799963e+02 -2.098799963e+02
27481 0 +1.330158454e-07 -2.098799999e+02 -2.098799999e+02
27551 0 +1.119711612e-07 -2.098799999e+02 -2.098799999e+02
27558 0 +4.527450415e-08 -2.098800000e+02 -2.098800000e+02
27626 0 +4.429375622e-08 -2.098800000e+02 -2.098800000e+02
27634 0 +3.789313041e-08 -2.098800000e+02 -2.098800000e+02
27637 0 +1.886641599e-08 -2.098800000e+02 -2.098800000e+02
27716 0 +1.241869541e-08 -2.098800000e+02 -2.098800000e+02
27718 0 +5.986777296e-09 -2.098800000e+02 -2.098800000e+02
28399 0 +8.526512829e-14 -2.098800000e+02 -2.098800000e+02
200000 0 +2.842170943e-14 -2.098800000e+02 -2.098800000e+02
% f evaluations | g evaluations | best noise-free fitness - Fopt (-9.209000000000e+01) + sum g_i+ | measured fitness | best measured fitness or single-digit g-values | x1 | x2...
1 0 +8.959149731e+06 +8.959057641e+06 +8.959057641e+06
5 0 +7.734722867e+06 +7.734630777e+06 +7.734630777e+06
7 0 +7.598543379e+06 +7.598451289e+06 +7.598451289e+06
9 0 +7.069258726e+06 +7.069166636e+06 +7.069166636e+06
31 0 +6.787373567e+06 +6.787281477e+06 +6.787281477e+06
37 0 +6.662632567e+06 +6.662540477e+06 +6.662540477e+06
47 0 +6.492412508e+06 +6.492320418e+06 +6.492320418e+06
94 0 +6.320309915e+06 +6.320217825e+06 +6.320217825e+06
95 0 +5.699416646e+06 +5.699324556e+06 +5.699324556e+06
3836 0 +5.277993938e+06 +5.277901848e+06 +5.277901848e+06
4175 0 +4.462316593e+06 +4.462224503e+06 +4.462224503e+06
4223 0 +3.930586798e+06 +3.930494708e+06 +3.930494708e+06
4562 0 +3.845967288e+06 +3.845875198e+06 +3.845875198e+06
4576 0 +3.496586824e+06 +3.496494734e+06 +3.496494734e+06
9305 0 +3.181944443e+06 +3.181852353e+06 +3.181852353e+06
9330 0 +2.987661546e+06 +2.987569456e+06 +2.987569456e+06
9335 0 +2.677549818e+06 +2.677457728e+06 +2.677457728e+06
9959 0 +2.372073704e+06 +2.371981614e+06 +2.371981614e+06
14474 0 +1.897917280e+06 +1.897825190e+06 +1.897825190e+06
19304 0 +1.774827405e+06 +1.774735315e+06 +1.774735315e+06
19610 0 +1.697115967e+06 +1.697023877e+06 +1.697023877e+06
19611 0 +1.478820403e+06 +1.478728313e+06 +1.478728313e+06
19612 0 +1.388436090e+06 +1.388344000e+06 +1.388344000e+06
24385 0 +1.246782972e+06 +1.246690882e+06 +1.246690882e+06
24770 0 +1.169774055e+06 +1.169681965e+06 +1.169681965e+06
24771 0 +9.893192848e+05 +9.892271948e+05 +9.892271948e+05
24851 0 +8.979542215e+05 +8.978621315e+05 +8.978621315e+05
24858 0 +8.609517888e+05 +8.608596988e+05 +8.608596988e+05
25835 0 +4.903572402e+05 +4.902651502e+05 +4.902651502e+05
25838 0 +4.029482301e+05 +4.028561401e+05 +4.028561401e+05
25864 0 +3.968780408e+05 +3.967859508e+05 +3.967859508e+05
25872 0 +2.883589256e+05 +2.882668356e+05 +2.882668356e+05
25875 0 +2.019704695e+05 +2.018783795e+05 +2.018783795e+05
25904 0 +1.975526119e+05 +1.974605219e+05 +1.974605219e+05
25912 0 +1.199608760e+05 +1.198687860e+05 +1.198687860e+05
25952 0 +1.075856068e+05 +1.074935168e+05 +1.074935168e+05
26039 0 +7.194868562e+04 +7.185659562e+04 +7.185659562e+04
26111 0 +6.992812974e+04 +6.983603974e+04 +6.983603974e+04
26118 0 +5.473215003e+04 +5.464006003e+04 +5.464006003e+04
26120 0 +3.697542268e+04 +3.688333268e+04 +3.688333268e+04
26122 0 +6.727186670e+03 +6.635096670e+03 +6.635096670e+03
26201 0 +5.088232109e+03 +4.996142109e+03 +4.996142109e+03
26275 0 +4.655167674e+03 +4.563077674e+03 +4.563077674e+03
26279 0 +3.005885123e+03 +2.913795123e+03 +2.913795123e+03
26282 0 +2.485187787e+02 +1.564287787e+02 +1.564287787e+02
26353 0 +2.078342493e+02 +1.157442493e+02 +1.157442493e+02
26357 0 +1.712887176e+02 +7.919871761e+01 +7.919871761e+01
26438 0 +1.283389170e+02 +3.624891700e+01 +3.624891700e+01
26441 0 +7.419106430e+01 -1.789893570e+01 -1.789893570e+01
26516 0 +6.570664275e+01 -2.638335725e+01 -2.638335725e+01
26520 0 +3.946258564e+01 -5.262741436e+01 -5.262741436e+01
26522 0 +4.290179367e+00 -8.779982063e+01 -8.779982063e+01
26597 0 +2.676029676e+00 -8.941397032e+01 -8.941397032e+01
26673 0 +2.497269343e+00 -8.959273066e+01 -8.959273066e+01
26681 0 +3.367235140e-01 -9.175327649e+01 -9.175327649e+01
26758 0 +1.472062144e-01 -9.194279379e+01 -9.194279379e+01
26833 0 +1.316814827e-01 -9.195831852e+01 -9.195831852e+01
26842 0 +4.098563211e-02 -9.204901437e+01 -9.204901437e+01
26911 0 +3.955974951e-02 -9.205044025e+01 -9.205044025e+01
26920 0 +2.679295996e-02 -9.206320704e+01 -9.206320704e+01
26921 0 +1.073462336e-02 -9.207926538e+01 -9.207926538e+01
27002 0 +3.810224107e-03 -9.208618978e+01 -9.208618978e+01
27075 0 +3.544884490e-03 -9.208645512e+01 -9.208645512e+01
27077 0 +2.903751997e-03 -9.208709625e+01 -9.208709625e+01
27079 0 +1.152287161e-03 -9.208884771e+01 -9.208884771e+01
27081 0 +8.269765446e-04 -9.208917302e+01 -9.208917302e+01
27153 0 +7.604100657e-04 -9.208923959e+01 -9.208923959e+01
27162 0 +5.741889322e-05 -9.208994258e+01 -9.208994258e+01
27232 0 +5.499954442e-05 -9.208994500e+01 -9.208994500e+01
27235 0 +3.261778139e-05 -9.208996738e+01 -9.208996738e+01
27238 0 +2.421663048e-05 -9.208997578e+01 -9.208997578e+01
27317 0 +1.357400258e-05 -9.208998643e+01 -9.208998643e+01
27319 0 +1.078479788e-05 -9.208998922e+01 -9.208998922e+01
27400 0 +4.511482260e-06 -9.208999549e+01 -9.208999549e+01
27471 0 +4.435465485e-06 -9.208999556e+01 -9.208999556e+01
27478 0 +3.936755320e-06 -9.208999606e+01 -9.208999606e+01
27481 0 +2.216718684e-07 -9.208999978e+01 -9.208999978e+01
27553 0 +1.799632514e-07 -9.208999982e+01 -9.208999982e+01
27557 0 +4.513147189e-08 -9.208999995e+01 -9.208999995e+01
27625 0 +4.462997083e-08 -9.208999996e+01 -9.208999996e+01
27635 0 +2.268427579e-08 -9.208999998e+01 -9.208999998e+01
27710 0 +2.223310958e-08 -9.208999998e+01 -9.208999998e+01
27714 0 +1.987778830e-08 -9.208999998e+01 -9.208999998e+01
27718 0 +1.163796526e-08 -9.208999999e+01 -9.208999999e+01
27719 0 +7.057778362e-09 -9.208999999e+01 -9.208999999e+01
28428 0 +9.947598301e-13 -9.209000000e+01 -9.209000000e+01
200000 0 +2.842170943e-14 -9.209000000e+01 -9.209000000e+01
% f evaluations | g evaluations | best noise-free fitness - Fopt (-8.789000000000e+01) + sum g_i+ | measured fitness | best measured fitness or single-digit g-values | x1 | x2...
1 0 +1.191113545e+07 +1.191104756e+07 +1.191104756e+07
3 0 +1.052347365e+07 +1.052338576e+07 +1.052338576e+07
4 0 +6.957161580e+06 +6.957073690e+06 +6.957073690e+06
101 0 +6.698265291e+06 +6.698177401e+06 +6.698177401e+06
4519 0 +5.800324970e+06 +5.800237080e+06 +5.800237080e+06
4523 0 +5.285645424e+06 +5.285557534e+06 +5.285557534e+06
4540 0 +5.011484028e+06 +5.011396138e+06 +5.011396138e+06
4616 0 +4.116779197e+06 +4.116691307e+06 +4.116691307e+06
5035 0 +1.900363416e+06 +1.900275526e+06 +1.900275526e+06
5117 0 +1.553708169e+06 +1.553620279e+06 +1.553620279e+06
10194 0 +1.046743631e+06 +1.046655741e+06 +1.046655741e+06
10195 0 +6.686225834e+05 +6.685346934e+05 +6.685346934e+05
10292 0 +5.807561993e+05 +5.806683093e+05 +5.806683093e+05
10297 0 +5.590815756e+05 +5.589936856e+05 +5.589936856e+05
14972 0 +3.483112886e+05 +3.482233986e+05 +3.482233986e+05
20606 0 +3.060537884e+05 +3.059658984e+05 +3.059658984e+05
24517 0 +2.962347533e+05 +2.961468633e+05 +2.961468633e+05
24578 0 +2.740348661e+05 +2.739469761e+05 +2.739469761e+05
24605 0 +2.433442787e+05 +2.432563887e+05 +2.432563887e+05
25833 0 +2.036869428e+05 +2.035990528e+05 +2.035990528e+05
25864 0 +1.966964735e+05 +1.966085835e+05 +1.966085835e+05
25868 0 +1.733306464e+05 +1.732427564e+05 +1.732427564e+05
25908 0 +1.582652089e+05 +1.581773189e+05 +1.581773189e+05
26035 0 +1.265904549e+05 +1.265025649e+05 +1.265025649e+05
26038 0 +8.749531425e+04 +8.740742425e+04 +8.740742425e+04
26120 0 +5.373089499e+04 +5.364300499e+04 +5.364300499e+04
26121 0 +3.730965483e+03 +3.643075483e+03 +3.643075483e+03
26197 0 +1.650716382e+03 +1.562826382e+03 +1.562826382e+03
26272 0 +1.553148201e+03 +1.465258201e+03 +1.465258201e+03
26274 0 +1.355480327e+03 +1.267590327e+03 +1.267590327e+03
26276 0 +9.475745215e+02 +8.596845215e+02 +8.596845215e+02
26278 0 +8.834664198e+02 +7.955764198e+02 +7.955764198e+02
26357 0 +6.691160225e+02 +5.812260225e+02 +5.812260225e+02
26362 0 +7.868917973e+01 -9.200820267e+00 -9.200820267e+00
26439 0 +5.517849449e+01 -3.271150551e+01 -3.271150551e+01
26520 0 +3.595889214e+01 -5.193110786e+01 -5.193110786e+01
26521 0 +4.507094090e+00 -8.338290591e+01 -8.338290591e+01
26587 0 +4.456225066e+00 -8.343377493e+01 -8.343377493e+01
26676 0 +3.854128983e+00 -8.403587102e+01 -8.403587102e+01
26678 0 +3.511205909e+00 -8.437879409e+01 -8.437879409e+01
26679 0 +2.944849972e+00 -8.494515003e+01 -8.494515003e+01
26682 0 +4.280485552e-01 -8.746195144e+01 -8.746195144e+01
26757 0 +3.695455253e-01 -8.752045447e+01 -8.752045447e+01
26760 0 +1.959468802e-01 -8.769405312e+01 -8.769405312e+01
26838 0 +1.568167872e-01 -8.773318321e+01 -8.773318321e+01
26839 0 +1.274870796e-01 -8.776251292e+01 -8.776251292e+01
26841 0 +5.016791325e-02 -8.783983209e+01 -8.783983209e+01
26906 0 +5.000408643e-02 -8.783999591e+01 -8.783999591e+01
26920 0 +3.284485697e-02 -8.785715514e+01 -8.785715514e+01
26922 0 +1.091950439e-02 -8.787908050e+01 -8.787908050e+01
26997 0 +7.638035331e-03 -8.788236196e+01 -8.788236196e+01
27001 0 +4.584633925e-03 -8.788541537e+01 -8.788541537e+01
27075 0 +4.207633796e-03 -8.788579237e+01 -8.788579237e+01
27079 0 +2.606369452e-03 -8.788739363e+01 -8.788739363e+01
27082 0 +3.135253632e-04 -8.788968647e+01 -8.788968647e+01
27230 0 +2.814256832e-04 -8.788971857e+01 -8.788971857e+01
27238 0 +2.340631404e-04 -8.788976594e+01 -8.788976594e+01
27241 0 +9.158674985e-06 -8.788999084e+01 -8.788999084e+01
27312 0 +8.851089731e-06 -8.788999115e+01 -8.788999115e+01
27314 0 +7.192951387e-06 -8.788999281e+01 -8.788999281e+01
27317 0 +3.691843446e-06 -8.788999631e+01 -8.788999631e+01
27391 0 +3.276699104e-06 -8.788999672e+01 -8.788999672e+01
27395 0 +2.866139553e-06 -8.788999713e+01 -8.788999713e+01
27398 0 +1.528657876e-06 -8.788999847e+01 -8.788999847e+01
27474 0 +1.319412746e-06 -8.788999868e+01 -8.788999868e+01
27476 0 +1.096582622e-06 -8.788999890e+01 -8.788999890e+01
27558 0 +8.623456296e-07 -8.788999914e+01 -8.788999914e+01
27562 0 +1.057579340e-07 -8.788999989e+01 -8.788999989e+01
27636 0 +8.348735037e-08 -8.788999992e+01 -8.788999992e+01
27639 0 +9.692783465e-09 -8.788999999e+01 -8.788999999e+01
28396 0 +7.958078641e-13 -8.789000000e+01 -8.789000000e+01
202881 0 +2.842170943e-14 -8.789000000e+01 -8.789000000e+01
% f evaluations | g evaluations | best noise-free fitness - Fopt (3.201900000000e+02) + sum g_i+ | measured fitness | best measured fitness or single-digit g-values | x1 | x2...
1 0 +7.207873542e+06 +7.208193732e+06 +7.208193732e+06
2 0 +6.701505329e+06 +6.701825519e+06 +6.701825519e+06
7 0 +6.139604493e+06 +6.139924683e+06 +6.139924683e+06
8 0 +3.805253790e+06 +3.805573980e+06 +3.805573980e+06
56 0 +3.629128758e+06 +3.629448948e+06 +3.629448948e+06
4007 0 +3.346475114e+06 +3.346795304e+06 +3.346795304e+06
4265 0 +2.463907452e+06 +2.464227642e+06 +2.464227642e+06
4795 0 +2.145565163e+06 +2.145885353e+06 +2.145885353e+06
4828 0 +1.998402169e+06 +1.998722359e+06 +1.998722359e+06
4829 0 +1.885330621e+06 +1.885650811e+06 +1.885650811e+06
9421 0 +1.631108266e+06 +1.631428456e+06 +1.631428456e+06
9425 0 +1.485596166e+06 +1.485916356e+06 +1.485916356e+06
9442 0 +1.273552203e+06 +1.273872393e+06 +1.273872393e+06
9518 0 +1.018914166e+06 +1.019234356e+06 +1.019234356e+06
14420 0 +9.711219958e+05 +9.714421858e+05 +9.714421858e+05
15360 0 +7.305596845e+05 +7.308798745e+05 +7.308798745e+05
15386 0 +6.955969543e+05 +6.959171443e+05 +6.959171443e+05
15440 0 +5.924288167e+05 +5.927490067e+05 +5.927490067e+05
19514 0 +5.587570019e+05 +5.590771919e+05 +5.590771919e+05
19568 0 +4.771453111e+05 +4.774655011e+05 +4.774655011e+05
24648 0 +3.851296129e+05 +3.854498029e+05 +3.854498029e+05
25834 0 +2.519973724e+05 +2.523175624e+05 +2.523175624e+05
25838 0 +1.859348567e+05 +1.862550467e+05 +1.862550467e+05
25866 0 +1.768469651e+05 +1.771671551e+05 +1.771671551e+05
25874 0 +1.462065343e+05 +1.465267243e+05 +1.465267243e+05
26036 0 +1.269097553e+05 +1.272299453e+05 +1.272299453e+05
26037 0 +1.101939642e+05 +1.105141542e+05 +1.105141542e+05
26039 0 +6.653379894e+04 +6.685398894e+04 +6.685398894e+04
26113 0 +6.163976841e+04 +6.195995841e+04 +6.195995841e+04
26118 0 +5.426901834e+04 +5.458920834e+04 +5.458920834e+04
26120 0 +4.503776067e+04 +4.535795067e+04 +4.535795067e+04
26121 0 +1.013273928e+04 +1.045292928e+04 +1.045292928e+04
26195 0 +8.604478472e+03 +8.924668472e+03 +8.924668472e+03
26199 0 +4.557875622e+03 +4.878065622e+03 +4.878065622e+03
26278 0 +3.822134975e+03 +4.142324975e+03 +4.142324975e+03
26282 0 +5.299921535e+02 +8.501821535e+02 +8.501821535e+02
26354 0 +4.899766401e+02 +8.101666401e+02 +8.101666401e+02
26359 0 +6.718819802e+01 +3.873781980e+02 +3.873781980e+02
26436 0 +4.019306410e+01 +3.603830641e+02 +3.603830641e+02
26510 0 +3.946831893e+01 +3.596583189e+02 +3.596583189e+02
26517 0 +2.933239902e+01 +3.495223990e+02 +3.495223990e+02
26521 0 +1.145900167e+01 +3.316490017e+02 +3.316490017e+02
26592 0 +1.120753703e+01 +3.313975370e+02 +3.313975370e+02
26602 0 +3.350127496e+00 +3.235401275e+02 +3.235401275e+02
26675 0 +3.011547064e+00 +3.232015471e+02 +3.232015471e+02
26678 0 +2.559873854e+00 +3.227498739e+02 +3.227498739e+02
26679 0 +1.396935528e+00 +3.215869355e+02 +3.215869355e+02
26681 0 +8.827135947e-01 +3.210727136e+02 +3.210727136e+02
26762 0 +1.272422530e-01 +3.203172423e+02 +3.203172423e+02
26833 0 +1.181272367e-01 +3.203081272e+02 +3.203081272e+02
26836 0 +9.794631342e-02 +3.202879463e+02 +3.202879463e+02
26837 0 +4.464765457e-02 +3.202346477e+02 +3.202346477e+02
26840 0 +3.057873350e-02 +3.202205787e+02 +3.202205787e+02
26919 0 +8.699867185e-03 +3.201986999e+02 +3.201986999e+02
26994 0 +7.812034986e-03 +3.201978120e+02 +3.201978120e+02
26995 0 +6.911193055e-03 +3.201969112e+02 +3.201969112e+02
27001 0 +3.618991298e-03 +3.201936190e+02 +3.201936190e+02
27076 0 +3.530918686e-03 +3.201935309e+02 +3.201935309e+02
27080 0 +2.740060193e-03 +3.201927401e+02 +3.201927401e+02
27082 0 +5.478283652e-04 +3.201905478e+02 +3.201905478e+02
27155 0 +4.409692675e-04 +3.201904410e+02 +3.201904410e+02
27159 0 +3.429562984e-04 +3.201903430e+02 +3.201903430e+02
27240 0 +2.715580339e-04 +3.201902716e+02 +3.201902716e+02
27241 0 +2.009362765e-05 +3.201900201e+02 +3.201900201e+02
27308 0 +1.971727846e-05 +3.201900197e+02 +3.201900197e+02
27314 0 +1.644989112e-05 +3.201900164e+02 +3.201900164e+02
27318 0 +9.957068983e-06 +3.201900100e+02 +3.201900100e+02
27396 0 +8.075776861e-06 +3.201900081e+02 +3.201900081e+02
27397 0 +7.700790604e-06 +3.201900077e+02 +3.201900077e+02
27399 0 +9.150790561e-07 +3.201900009e+02 +3.201900009e+02
27470 0 +8.670689908e-07 +3.201900009e+02 +3.201900009e+02
27478 0 +1.361498789e-07 +3.201900001e+02 +3.201900001e+02
27552 0 +1.091003128e-07 +3.201900001e+02 +3.201900001e+02
27640 0 +9.024699921e-08 +3.201900001e+02 +3.201900001e+02
27642 0 +7.405100177e-08 +3.201900001e+02 +3.201900001e+02
27717 0 +6.282073173e-08 +3.201900001e+02 +3.201900001e+02
27719 0 +4.407792176e-08 +3.201900000e+02 +3.201900000e+02
27721 0 +2.179490366e-09 +3.201900000e+02 +3.201900000e+02
28234 0 +9.094947018e-13 +3.201900000e+02 +3.201900000e+02
201321 0 +1.136868377e-13 +3.201900000e+02 +3.201900000e+02
% f evaluations | g evaluations | best noise-free fitness - Fopt (-1.042400000000e+02) + sum g_i+ | measured fitness | best measured fitness or single-digit g-values | x1 | x2...
1 0 +2.003073598e+07 +2.003063174e+07 +2.003063174e+07
2 0 +1.864325457e+07 +1.864315033e+07 +1.864315033e+07
6 0 +1.578158091e+07 +1.578147667e+07 +1.578147667e+07
17 0 +1.516083680e+07 +1.516073256e+07 +1.516073256e+07
38 0 +1.432854218e+07 +1.432843794e+07 +1.432843794e+07
47 0 +1.355723986e+07 +1.355713562e+07 +1.355713562e+07
76 0 +1.293527469e+07 +1.293517045e+07 +1.293517045e+07
3817 0 +1.259196552e+07 +1.259186128e+07 +1.259186128e+07
3946 0 +1.246605427e+07 +1.246595003e+07 +1.246595003e+07
4304 0 +1.232941966e+07 +1.232931542e+07 +1.232931542e+07
4333 0 +1.138092266e+07 +1.138081842e+07 +1.138081842e+07
4904 0 +4.481113422e+06 +4.481009182e+06 +4.481009182e+06
4919 0 +4.361296027e+06 +4.361191787e+06 +4.361191787e+06
4959 0 +4.233843672e+06 +4.233739432e+06 +4.233739432e+06
4978 0 +3.329205596e+06 +3.329101356e+06 +3.329101356e+06
4984 0 +3.271344079e+06 +3.271239839e+06 +3.271239839e+06
9112 0 +3.134236092e+06 +3.134131852e+06 +3.134131852e+06
9493 0 +2.550762893e+06 +2.550658653e+06 +2.550658653e+06
14583 0 +2.497681985e+06 +2.497577745e+06 +2.497577745e+06
14594 0 +2.253870419e+06 +2.253766179e+06 +2.253766179e+06
14624 0 +2.175713682e+06 +2.175609442e+06 +2.175609442e+06
14653 0 +2.057582070e+06 +2.057477830e+06 +2.057477830e+06
19397 0 +1.944656154e+06 +1.944551914e+06 +1.944551914e+06
19813 0 +1.796777555e+06 +1.796673315e+06 +1.796673315e+06
20384 0 +1.725014192e+06 +1.724909952e+06 +1.724909952e+06
20454 0 +1.674460447e+06 +1.674356207e+06 +1.674356207e+06
24455 0 +1.585559769e+06 +1.585455529e+06 +1.585455529e+06
24512 0 +1.557017932e+06 +1.556913692e+06 +1.556913692e+06
24584 0 +1.456214021e+06 +1.456109781e+06 +1.456109781e+06
25833 0 +1.120924170e+06 +1.120819930e+06 +1.120819930e+06
25836 0 +8.106546996e+05 +8.105504596e+05 +8.105504596e+05
25840 0 +7.826725736e+05 +7.825683336e+05 +7.825683336e+05
25872 0 +6.779686429e+05 +6.778644029e+05 +6.778644029e+05
25873 0 +3.945993893e+05 +3.944951493e+05 +3.944951493e+05
25912 0 +3.062725029e+05 +3.061682629e+05 +3.061682629e+05
25913 0 +2.062774323e+05 +2.061731923e+05 +2.061731923e+05
25953 0 +1.876289136e+05 +1.875246736e+05 +1.875246736e+05
26034 0 +1.719491907e+05 +1.718449507e+05 +1.718449507e+05
26037 0 +1.192421411e+05 +1.191379011e+05 +1.191379011e+05
26039 0 +1.928515917e+04 +1.918091917e+04 +1.918091917e+04
26116 0 +1.750796088e+04 +1.740372088e+04 +1.740372088e+04
26195 0 +1.556913680e+04 +1.546489680e+04 +1.546489680e+04
26202 0 +1.391217343e+03 +1.286977343e+03 +1.286977343e+03
26278 0 +6.281271203e+02 +5.238871203e+02 +5.238871203e+02
26356 0 +5.605469092e+02 +4.563069092e+02 +4.563069092e+02
26359 0 +1.088034195e+02 +4.563419488e+00 +4.563419488e+00
26435 0 +8.732187686e+01 -1.691812314e+01 -1.691812314e+01
26437 0 +7.872807771e+01 -2.551192229e+01 -2.551192229e+01
26441 0 +6.852896995e+01 -3.571103005e+01 -3.571103005e+01
26518 0 +5.533395086e+01 -4.890604914e+01 -4.890604914e+01
26522 0 +2.744244727e+00 -1.014957553e+02 -1.014957553e+02
26596 0 +1.038306633e+00 -1.032016934e+02 -1.032016934e+02
26672 0 +9.772242089e-01 -1.032627758e+02 -1.032627758e+02
26679 0 +4.964036980e-01 -1.037435963e+02 -1.037435963e+02
26757 0 +3.041532232e-01 -1.039358468e+02 -1.039358468e+02
26760 0 +6.700755995e-02 -1.041729924e+02 -1.041729924e+02
26832 0 +5.873163428e-02 -1.041812684e+02 -1.041812684e+02
26834 0 +4.858571855e-02 -1.041914143e+02 -1.041914143e+02
26835 0 +2.791585359e-02 -1.042120841e+02 -1.042120841e+02
26919 0 +4.417975071e-03 -1.042355820e+02 -1.042355820e+02
26996 0 +3.935726444e-03 -1.042360643e+02 -1.042360643e+02
26998 0 +2.622157722e-03 -1.042373778e+02 -1.042373778e+02
27074 0 +2.492859316e-03 -1.042375071e+02 -1.042375071e+02
27075 0 +2.108017518e-03 -1.042378920e+02 -1.042378920e+02
27077 0 +1.893094582e-03 -1.042381069e+02 -1.042381069e+02
27082 0 +9.756251261e-04 -1.042390244e+02 -1.042390244e+02
27158 0 +8.367844196e-04 -1.042391632e+02 -1.042391632e+02
27160 0 +5.613508490e-04 -1.042394386e+02 -1.042394386e+02
27161 0 +7.588750520e-05 -1.042399241e+02 -1.042399241e+02
27317 0 +5.926684096e-05 -1.042399407e+02 -1.042399407e+02
27322 0 +7.750071191e-06 -1.042399922e+02 -1.042399922e+02
27400 0 +1.100635856e-06 -1.042399989e+02 -1.042399989e+02
27471 0 +9.874167830e-07 -1.042399990e+02 -1.042399990e+02
27475 0 +6.393018310e-07 -1.042399994e+02 -1.042399994e+02
27553 0 +6.072062035e-07 -1.042399994e+02 -1.042399994e+02
27558 0 +4.736595685e-07 -1.042399995e+02 -1.042399995e+02
27561 0 +1.130868554e-07 -1.042399999e+02 -1.042399999e+02
27636 0 +1.097458409e-07 -1.042399999e+02 -1.042399999e+02
27642 0 +4.412061116e-08 -1.042400000e+02 -1.042400000e+02
27715 0 +3.677638460e-08 -1.042400000e+02 -1.042400000e+02
27717 0 +3.131975745e-08 -1.042400000e+02 -1.042400000e+02
27721 0 +1.071906297e-08 -1.042400000e+02 -1.042400000e+02
27798 0 +9.449109939e-09 -1.042400000e+02 -1.042400000e+02
28401 0 +4.831690603e-13 -1.042400000e+02 -1.042400000e+02
200001 0 +2.842170943e-14 -1.042400000e+02 -1.042400000e+02
% f evaluations | g evaluations | best noise-free fitness - Fopt (1.212800000000e+02) + sum g_i+ | measured fitness | best measured fitness or single-digit g-values | x1 | x2...
1 0 +3.246273635e+06 +3.246394915e+06 +3.246394915e+06
2 0 +3.078726135e+06 +3.078847415e+06 +3.078847415e+06
5 0 +2.755798144e+06 +2.755919424e+06 +2.755919424e+06
7 0 +2.604333188e+06 +2.604454468e+06 +2.604454468e+06
8 0 +2.264200747e+06 +2.264322027e+06 +2.264322027e+06
41 0 +2.005943610e+06 +2.006064890e+06 +2.006064890e+06
56 0 +1.412913863e+06 +1.413035143e+06 +1.413035143e+06
1604 0 +1.412273421e+06 +1.412394701e+06 +1.412394701e+06
2765 0 +1.395419840e+06 +1.395541120e+06 +1.395541120e+06
3539 0 +1.295215520e+06 +1.295336800e+06 +1.295336800e+06
3668 0 +1.139770405e+06 +1.139891685e+06 +1.139891685e+06
4055 0 +9.173730551e+05 +9.174943351e+05 +9.174943351e+05
14581 0 +8.128623978e+05 +8.129836778e+05 +8.129836778e+05
20101 0 +6.884603138e+05 +6.885815938e+05 +6.885815938e+05
25831 0 +6.079531910e+05 +6.080744710e+05 +6.080744710e+05
25834 0 +5.774215354e+05 +5.775428154e+05 +5.775428154e+05
25838 0 +4.096039228e+05 +4.097252028e+05 +4.097252028e+05
25868 0 +3.889564905e+05 +3.890777705e+05 +3.890777705e+05
25870 0 +3.499812866e+05 +3.501025666e+05 +3.501025666e+05
25871 0 +2.123475391e+05 +2.124688191e+05 +2.124688191e+05
25910 0 +1.891329832e+05 +1.892542632e+05 +1.892542632e+05
25911 0 +1.380895526e+05 +1.382108326e+05 +1.382108326e+05
26028 0 +1.256189027e+05 +1.257401827e+05 +1.257401827e+05
26040 0 +6.968308183e+04 +6.980436183e+04 +6.980436183e+04
26115 0 +6.174951790e+04 +6.187079790e+04 +6.187079790e+04
26119 0 +5.469907935e+04 +5.482035935e+04 +5.482035935e+04
26121 0 +8.717716561e+03 +8.838996561e+03 +8.838996561e+03
26197 0 +5.689940236e+03 +5.811220236e+03 +5.811220236e+03
26200 0 +2.241196883e+03 +2.362476883e+03 +2.362476883e+03
26269 0 +2.212329568e+03 +2.333609568e+03 +2.333609568e+03
26273 0 +1.966076265e+03 +2.087356265e+03 +2.087356265e+03
26282 0 +1.488647475e+03 +1.609927475e+03 +1.609927475e+03
26355 0 +1.411164206e+03 +1.532444206e+03 +1.532444206e+03
26359 0 +9.326772574e+02 +1.053957257e+03 +1.053957257e+03
26361 0 +5.796960384e+01 +1.792496038e+02 +1.792496038e+02
26429 0 +5.497896995e+01 +1.762589700e+02 +1.762589700e+02
26434 0 +4.882510028e+01 +1.701051003e+02 +1.701051003e+02
26437 0 +1.448243911e+01 +1.357624391e+02 +1.357624391e+02
26511 0 +1.390871581e+01 +1.351887158e+02 +1.351887158e+02
26516 0 +9.264952224e+00 +1.305449522e+02 +1.305449522e+02
26594 0 +8.163770708e+00 +1.294437707e+02 +1.294437707e+02
26598 0 +5.726192115e+00 +1.270061921e+02 +1.270061921e+02
26602 0 +3.573167184e+00 +1.248531672e+02 +1.248531672e+02
26671 0 +3.522057997e+00 +1.248020580e+02 +1.248020580e+02
26680 0 +2.886629891e+00 +1.241666299e+02 +1.241666299e+02
26681 0 +5.042184444e-01 +1.217842184e+02 +1.217842184e+02
26752 0 +4.976527594e-01 +1.217776528e+02 +1.217776528e+02
26756 0 +4.112464762e-01 +1.216912465e+02 +1.216912465e+02
26757 0 +3.121781290e-01 +1.215921781e+02 +1.215921781e+02
26759 0 +1.479881293e-01 +1.214279881e+02 +1.214279881e+02
26831 0 +1.397390660e-01 +1.214197391e+02 +1.214197391e+02
26840 0 +1.085053074e-01 +1.213885053e+02 +1.213885053e+02
26842 0 +7.536733264e-02 +1.213553673e+02 +1.213553673e+02
26917 0 +6.389617229e-02 +1.213438962e+02 +1.213438962e+02
26919 0 +4.849555603e-02 +1.213284956e+02 +1.213284956e+02
26921 0 +6.053025887e-03 +1.212860530e+02 +1.212860530e+02
26993 0 +5.474755535e-03 +1.212854748e+02 +1.212854748e+02
27000 0 +4.537909614e-03 +1.212845379e+02 +1.212845379e+02
27071 0 +4.440553601e-03 +1.212844406e+02 +1.212844406e+02
27079 0 +2.683583665e-03 +1.212826836e+02 +1.212826836e+02
27082 0 +3.899420078e-04 +1.212803899e+02 +1.212803899e+02
27153 0 +3.468631221e-04 +1.212803469e+02 +1.212803469e+02
27158 0 +2.772638708e-04 +1.212802773e+02 +1.212802773e+02
27241 0 +4.002121587e-05 +1.212800400e+02 +1.212800400e+02
27307 0 +3.973409677e-05 +1.212800397e+02 +1.212800397e+02
27318 0 +2.851186402e-05 +1.212800285e+02 +1.212800285e+02
27320 0 +3.310665107e-06 +1.212800033e+02 +1.212800033e+02
27395 0 +2.024167003e-06 +1.212800020e+02 +1.212800020e+02
27397 0 +1.965996745e-06 +1.212800020e+02 +1.212800020e+02
27474 0 +1.758348873e-06 +1.212800018e+02 +1.212800018e+02
27478 0 +9.007779909e-07 +1.212800009e+02 +1.212800009e+02
27550 0 +8.894649568e-07 +1.212800009e+02 +1.212800009e+02
27562 0 +1.079485088e-07 +1.212800001e+02 +1.212800001e+02
27635 0 +8.493459802e-08 +1.212800001e+02 +1.212800001e+02
27639 0 +6.682213893e-09 +1.212800000e+02 +1.212800000e+02
28402 0 +4.689582056e-13 +1.212800000e+02 +1.212800000e+02
201441 0 +2.842170943e-14 +1.212800000e+02 +1.212800000e+02
% f evaluations | g evaluations | best noise-free fitness - Fopt (1.161000000000e+01) + sum g_i+ | measured fitness | best measured fitness or single-digit g-values | x1 | x2...
1 0 +1.140835842e+07 +1.140837003e+07 +1.140837003e+07
2 0 +9.582910063e+06 +9.582921673e+06 +9.582921673e+06
8 0 +6.514324211e+06 +6.514335821e+06 +6.514335821e+06
3104 0 +6.426453521e+06 +6.426465131e+06 +6.426465131e+06
4136 0 +5.279656272e+06 +5.279667882e+06 +5.279667882e+06
4394 0 +4.776108138e+06 +4.776119748e+06 +4.776119748e+06
4781 0 +3.962970726e+06 +3.962982336e+06 +3.962982336e+06
4798 0 +3.285344324e+06 +3.285355934e+06 +3.285355934e+06
9313 0 +2.987090569e+06 +2.987102179e+06 +2.987102179e+06
9554 0 +2.882735362e+06 +2.882746972e+06 +2.882746972e+06
9647 0 +2.710964257e+06 +2.710975867e+06 +2.710975867e+06
10193 0 +2.465661599e+06 +2.465673209e+06 +2.465673209e+06
10197 0 +2.067952089e+06 +2.067963699e+06 +2.067963699e+06
10211 0 +1.995505848e+06 +1.995517458e+06 +1.995517458e+06
14450 0 +1.690174104e+06 +1.690185714e+06 +1.690185714e+06
14454 0 +1.517748366e+06 +1.517759976e+06 +1.517759976e+06
14468 0 +1.300382430e+06 +1.300394040e+06 +1.300394040e+06
19610 0 +1.043046008e+06 +1.043057618e+06 +1.043057618e+06
19613 0 +9.056279531e+05 +9.056395631e+05 +9.056395631e+05
19614 0 +7.678254371e+05 +7.678370471e+05 +7.678370471e+05
24770 0 +6.319161397e+05 +6.319277497e+05 +6.319277497e+05
24773 0 +6.097678479e+05 +6.097794579e+05 +6.097794579e+05
24774 0 +5.787054266e+05 +5.787170366e+05 +5.787170366e+05
24829 0 +5.618181762e+05 +5.618297862e+05 +5.618297862e+05
25835 0 +3.290617707e+05 +3.290733807e+05 +3.290733807e+05
25837 0 +2.148474352e+05 +2.148590452e+05 +2.148590452e+05
25867 0 +1.820829216e+05 +1.820945316e+05 +1.820945316e+05
25869 0 +1.417324536e+05 +1.417440636e+05 +1.417440636e+05
25907 0 +1.300673392e+05 +1.300789492e+05 +1.300789492e+05
25909 0 +1.134939173e+05 +1.135055273e+05 +1.135055273e+05
25947 0 +1.111845612e+05 +1.111961712e+05 +1.111961712e+05
26035 0 +9.597600086e+04 +9.598761086e+04 +9.598761086e+04
26114 0 +8.643588259e+04 +8.644749259e+04 +8.644749259e+04
26118 0 +7.660174370e+04 +7.661335370e+04 +7.661335370e+04
26119 0 +4.937696941e+04 +4.938857941e+04 +4.938857941e+04
26121 0 +3.367163957e+03 +3.378773957e+03 +3.378773957e+03
26196 0 +1.912534655e+03 +1.924144655e+03 +1.924144655e+03
26277 0 +1.463764971e+03 +1.475374971e+03 +1.475374971e+03
26282 0 +1.102673012e+03 +1.114283012e+03 +1.114283012e+03
26361 0 +1.480228590e+02 +1.596328590e+02 +1.596328590e+02
26434 0 +1.356494293e+02 +1.472594293e+02 +1.472594293e+02
26436 0 +1.107476701e+02 +1.223576701e+02 +1.223576701e+02
26437 0 +7.973318875e+01 +9.134318875e+01 +9.134318875e+01
26440 0 +1.563495265e+01 +2.724495265e+01 +2.724495265e+01
26593 0 +1.374997108e+01 +2.535997108e+01 +2.535997108e+01
26598 0 +1.035067265e+01 +2.196067265e+01 +2.196067265e+01
26599 0 +4.697786214e+00 +1.630778621e+01 +1.630778621e+01
26602 0 +3.086390928e+00 +1.469639093e+01 +1.469639093e+01
26681 0 +2.665394768e-01 +1.187653948e+01 +1.187653948e+01
26756 0 +1.709584171e-01 +1.178095842e+01 +1.178095842e+01
26833 0 +1.534662223e-01 +1.176346622e+01 +1.176346622e+01
26837 0 +1.317679893e-01 +1.174176799e+01 +1.174176799e+01
26840 0 +5.884971522e-02 +1.166884972e+01 +1.166884972e+01
26918 0 +5.501286616e-02 +1.166501287e+01 +1.166501287e+01
26922 0 +9.374044756e-03 +1.161937404e+01 +1.161937404e+01
26994 0 +8.897634902e-03 +1.161889763e+01 +1.161889763e+01
26997 0 +6.443156136e-03 +1.161644316e+01 +1.161644316e+01
26999 0 +8.048847782e-04 +1.161080488e+01 +1.161080488e+01
27069 0 +7.815276412e-04 +1.161078153e+01 +1.161078153e+01
27076 0 +5.917840725e-04 +1.161059178e+01 +1.161059178e+01
27078 0 +5.157286197e-04 +1.161051573e+01 +1.161051573e+01
27153 0 +4.583361987e-04 +1.161045834e+01 +1.161045834e+01
27155 0 +4.373037710e-04 +1.161043730e+01 +1.161043730e+01
27157 0 +2.643030216e-04 +1.161026430e+01 +1.161026430e+01
27236 0 +2.455018174e-04 +1.161024550e+01 +1.161024550e+01
27240 0 +1.610465710e-04 +1.161016105e+01 +1.161016105e+01
27241 0 +1.327855060e-05 +1.161001328e+01 +1.161001328e+01
27311 0 +1.191899790e-05 +1.161001192e+01 +1.161001192e+01
27395 0 +1.060031635e-05 +1.161001060e+01 +1.161001060e+01
27398 0 +8.661892876e-06 +1.161000866e+01 +1.161000866e+01
27399 0 +6.724167608e-06 +1.161000672e+01 +1.161000672e+01
27402 0 +2.831059012e-06 +1.161000283e+01 +1.161000283e+01
27474 0 +2.706279794e-06 +1.161000271e+01 +1.161000271e+01
27480 0 +2.011256354e-06 +1.161000201e+01 +1.161000201e+01
27481 0 +8.121344770e-07 +1.161000081e+01 +1.161000081e+01
27552 0 +7.895108620e-07 +1.161000079e+01 +1.161000079e+01
27557 0 +6.828249770e-07 +1.161000068e+01 +1.161000068e+01
27559 0 +5.035975299e-07 +1.161000050e+01 +1.161000050e+01
27562 0 +1.966177052e-07 +1.161000020e+01 +1.161000020e+01
27635 0 +1.698001313e-07 +1.161000017e+01 +1.161000017e+01
27638 0 +1.553355364e-07 +1.161000016e+01 +1.161000016e+01
27640 0 +1.258812130e-07 +1.161000013e+01 +1.161000013e+01
27641 0 +5.820622917e-08 +1.161000006e+01 +1.161000006e+01
27717 0 +5.285657956e-08 +1.161000005e+01 +1.161000005e+01
27719 0 +4.161035250e-08 +1.161000004e+01 +1.161000004e+01
27722 0 +9.810152690e-09 +1.161000001e+01 +1.161000001e+01
28320 0 +2.149391776e-13 +1.161000000e+01 +1.161000000e+01
200000 0 +1.776356839e-15 +1.161000000e+01 +1.161000000e+01
% f evaluations | g evaluations | best noise-free fitness - Fopt (3.356700000000e+02) + sum g_i+ | measured fitness | best measured fitness or single-digit g-values | x1 | x2...
1 0 +9.856081542e+06 +9.856417212e+06 +9.856417212e+06
2 0 +9.715635156e+06 +9.715970826e+06 +9.715970826e+06
5 0 +8.628197861e+06 +8.628533531e+06 +8.628533531e+06
7 0 +7.685417851e+06 +7.685753521e+06 +7.685753521e+06
12 0 +7.586344373e+06 +7.586680043e+06 +7.586680043e+06
47 0 +6.204807266e+06 +6.205142936e+06 +6.205142936e+06
95 0 +5.687554657e+06 +5.687890327e+06 +5.687890327e+06
3836 0 +5.595457863e+06 +5.595793533e+06 +5.595793533e+06
4304 0 +5.476997514e+06 +5.477333184e+06 +5.477333184e+06
4352 0 +4.756197858e+06 +4.756533528e+06 +4.756533528e+06
4562 0 +4.172715304e+06 +4.173050974e+06 +4.173050974e+06
9942 0 +3.964088695e+06 +3.964424365e+06 +3.964424365e+06
9950 0 +3.895896804e+06 +3.896232474e+06 +3.896232474e+06
9971 0 +3.607619715e+06 +3.607955385e+06 +3.607955385e+06
9980 0 +3.475486814e+06 +3.475822484e+06 +3.475822484e+06
10069 0 +3.023246728e+06 +3.023582398e+06 +3.023582398e+06
10130 0 +2.860875192e+06 +2.861210862e+06 +2.861210862e+06
10136 0 +2.751563367e+06 +2.751899037e+06 +2.751899037e+06
14584 0 +2.522248434e+06 +2.522584104e+06 +2.522584104e+06
14645 0 +2.432314146e+06 +2.432649816e+06 +2.432649816e+06
15095 0 +1.776427819e+06 +1.776763489e+06 +1.776763489e+06
15103 0 +1.652998547e+06 +1.653334217e+06 +1.653334217e+06
15123 0 +1.541093466e+06 +1.541429136e+06 +1.541429136e+06
15165 0 +1.421729765e+06 +1.422065435e+06 +1.422065435e+06
15167 0 +1.401345870e+06 +1.401681540e+06 +1.401681540e+06
19380 0 +1.365980833e+06 +1.366316503e+06 +1.366316503e+06
19422 0 +1.255465401e+06 +1.255801071e+06 +1.255801071e+06
19739 0 +1.193874458e+06 +1.194210128e+06 +1.194210128e+06
19767 0 +1.097800672e+06 +1.098136342e+06 +1.098136342e+06
24512 0 +9.775756129e+05 +9.779112829e+05 +9.779112829e+05
24540 0 +8.961658200e+05 +8.965014900e+05 +8.965014900e+05
24582 0 +8.693734840e+05 +8.697091540e+05 +8.697091540e+05
25833 0 +6.461971105e+05 +6.465327805e+05 +6.465327805e+05
25836 0 +4.153626324e+05 +4.156983024e+05 +4.156983024e+05
25840 0 +3.172964776e+05 +3.176321476e+05 +3.176321476e+05
25862 0 +3.151335218e+05 +3.154691918e+05 +3.154691918e+05
25873 0 +1.811474931e+05 +1.814831631e+05 +1.814831631e+05
25913 0 +1.522870727e+05 +1.526227427e+05 +1.526227427e+05
26036 0 +1.334479214e+05 +1.337835914e+05 +1.337835914e+05
26038 0 +1.147909332e+05 +1.151266032e+05 +1.151266032e+05
26039 0 +5.848729928e+04 +5.882296928e+04 +5.882296928e+04
26115 0 +5.536019567e+04 +5.569586567e+04 +5.569586567e+04
26117 0 +4.927296943e+04 +4.960863943e+04 +4.960863943e+04
26122 0 +1.366335496e+04 +1.399902496e+04 +1.399902496e+04
26196 0 +1.248653401e+04 +1.282220401e+04 +1.282220401e+04
26199 0 +4.664863096e+03 +5.000533096e+03 +5.000533096e+03
26274 0 +4.421853959e+03 +4.757523959e+03 +4.757523959e+03
26277 0 +3.757791724e+03 +4.093461724e+03 +4.093461724e+03
26281 0 +1.548670130e+02 +4.905370130e+02 +4.905370130e+02
26355 0 +6.442692834e+01 +4.000969283e+02 +4.000969283e+02
26430 0 +6.259749861e+01 +3.982674986e+02 +3.982674986e+02
26438 0 +2.357754149e+01 +3.592475415e+02 +3.592475415e+02
26511 0 +2.227886823e+01 +3.579488682e+02 +3.579488682e+02
26516 0 +1.703267536e+01 +3.527026754e+02 +3.527026754e+02
26597 0 +1.522180693e+01 +3.508918069e+02 +3.508918069e+02
26602 0 +1.683850140e+00 +3.373538501e+02 +3.373538501e+02
26672 0 +1.531157331e+00 +3.372011573e+02 +3.372011573e+02
26676 0 +1.210231251e+00 +3.368802313e+02 +3.368802313e+02
26679 0 +7.011011823e-01 +3.363711012e+02 +3.363711012e+02
26757 0 +4.598517178e-01 +3.361298517e+02 +3.361298517e+02
26760 0 +2.194775648e-01 +3.358894776e+02 +3.358894776e+02
26841 0 +3.246001003e-02 +3.357024600e+02 +3.357024600e+02
26916 0 +2.913587419e-02 +3.356991359e+02 +3.356991359e+02
26919 0 +6.709695450e-03 +3.356767097e+02 +3.356767097e+02
26998 0 +6.196186548e-03 +3.356761962e+02 +3.356761962e+02
27002 0 +4.897209976e-03 +3.356748972e+02 +3.356748972e+02
27075 0 +4.338421287e-03 +3.356743384e+02 +3.356743384e+02
27077 0 +3.576754368e-03 +3.356735768e+02 +3.356735768e+02
27080 0 +3.533986583e-03 +3.356735340e+02 +3.356735340e+02
27081 0 +4.402144385e-04 +3.356704402e+02 +3.356704402e+02
27159 0 +2.425445689e-05 +3.356700243e+02 +3.356700243e+02
27232 0 +2.125835607e-05 +3.356700213e+02 +3.356700213e+02
27234 0 +1.304386461e-05 +3.356700130e+02 +3.356700130e+02
27311 0 +1.217339218e-05 +3.356700122e+02 +3.356700122e+02
27316 0 +1.106659562e-05 +3.356700111e+02 +3.356700111e+02
27395 0 +9.220676134e-06 +3.356700092e+02 +3.356700092e+02
27402 0 +2.011554159e-06 +3.356700020e+02 +3.356700020e+02
27471 0 +1.957295865e-06 +3.356700020e+02 +3.356700020e+02
27480 0 +8.020186328e-07 +3.356700008e+02 +3.356700008e+02
27550 0 +7.889079825e-07 +3.356700008e+02 +3.356700008e+02
27561 0 +1.710871516e-07 +3.356700002e+02 +3.356700002e+02
27633 0 +1.574575776e-07 +3.356700002e+02 +3.356700002e+02
27638 0 +1.237161769e-07 +3.356700001e+02 +3.356700001e+02
27639 0 +4.425623956e-08 +3.356700000e+02 +3.356700000e+02
27722 0 +8.584663647e-09 +3.356700000e+02 +3.356700000e+02
28400 0 +5.684341886e-13 +3.356700000e+02 +3.356700000e+02
203201 0 +5.684341886e-14 +3.356700000e+02 +3.356700000e+02
% f evaluations | g evaluations | best noise-free fitness - Fopt (-1.032000000000e+01) + sum g_i+ | measured fitness | best measured fitness or single-digit g-values | x1 | x2...
1 0 +6.833039260e+06 +6.833028940e+06 +6.833028940e+06
2 0 +6.760766575e+06 +6.760756255e+06 +6.760756255e+06
3 0 +4.442919999e+06 +4.442909679e+06 +4.442909679e+06
25 0 +3.950533520e+06 +3.950523200e+06 +3.950523200e+06
73 0 +3.844846247e+06 +3.844835927e+06 +3.844835927e+06
106 0 +3.704379884e+06 +3.704369564e+06 +3.704369564e+06
2557 0 +3.699857087e+06 +3.699846767e+06 +3.699846767e+06
3814 0 +3.587691656e+06 +3.587681336e+06 +3.587681336e+06
3847 0 +3.439045308e+06 +3.439034988e+06 +3.439034988e+06
4024 0 +3.285519525e+06 +3.285509205e+06 +3.285509205e+06
4330 0 +3.043849428e+06 +3.043839108e+06 +3.043839108e+06
4389 0 +2.405045434e+06 +2.405035114e+06 +2.405035114e+06
4411 0 +1.872457206e+06 +1.872446886e+06 +1.872446886e+06
4487 0 +1.648987619e+06 +1.648977299e+06 +1.648977299e+06
9184 0 +1.590522276e+06 +1.590511956e+06 +1.590511956e+06
9260 0 +1.445695597e+06 +1.445685277e+06 +1.445685277e+06
9518 0 +1.307278437e+06 +1.307268117e+06 +1.307268117e+06
14701 0 +1.223195241e+06 +1.223184921e+06 +1.223184921e+06
19345 0 +1.175000347e+06 +1.174990027e+06 +1.174990027e+06
19517 0 +1.067752751e+06 +1.067742431e+06 +1.067742431e+06
19603 0 +9.901646245e+05 +9.901543045e+05 +9.901543045e+05
24745 0 +8.743088812e+05 +8.742985612e+05 +8.742985612e+05
25836 0 +7.644407689e+05 +7.644304489e+05 +7.644304489e+05
25839 0 +5.585962168e+05 +5.585858968e+05 +5.585858968e+05
25872 0 +4.621801755e+05 +4.621698555e+05 +4.621698555e+05
25874 0 +3.160331733e+05 +3.160228533e+05 +3.160228533e+05
25912 0 +2.632723293e+05 +2.632620093e+05 +2.632620093e+05
26033 0 +2.448698239e+05 +2.448595039e+05 +2.448595039e+05
26038 0 +1.983209879e+05 +1.983106679e+05 +1.983106679e+05
26040 0 +1.477446323e+05 +1.477343123e+05 +1.477343123e+05
26042 0 +3.331728978e+04 +3.330696978e+04 +3.330696978e+04
26119 0 +2.512927315e+04 +2.511895315e+04 +2.511895315e+04
26121 0 +1.614911678e+04 +1.613879678e+04 +1.613879678e+04
26194 0 +1.550438033e+04 +1.549406033e+04 +1.549406033e+04
26200 0 +1.193935444e+04 +1.192903444e+04 +1.192903444e+04
26202 0 +1.902952311e+03 +1.892632311e+03 +1.892632311e+03
26277 0 +9.728689657e+02 +9.625489657e+02 +9.625489657e+02
26355 0 +8.446729613e+02 +8.343529613e+02 +8.343529613e+02
26359 0 +4.222688672e+02 +4.119488672e+02 +4.119488672e+02
26361 0 +1.306185537e+02 +1.202985537e+02 +1.202985537e+02
26433 0 +1.178847027e+02 +1.075647027e+02 +1.075647027e+02
26442 0 +3.245648572e+01 +2.213648572e+01 +2.213648572e+01
26521 0 +1.641891037e+01 +6.098910374e+00 +6.098910374e+00
26598 0 +1.219258894e+01 +1.872588937e+00 +1.872588937e+00
26600 0 +1.102462208e+01 +7.046220816e-01 +7.046220816e-01
26602 0 +1.878932050e+00 -8.441067950e+00 -8.441067950e+00
26679 0 +7.612956210e-01 -9.558704379e+00 -9.558704379e+00
26761 0 +8.990986451e-02 -1.023009014e+01 -1.023009014e+01
26830 0 +8.668867418e-02 -1.023331133e+01 -1.023331133e+01
26840 0 +4.624391073e-02 -1.027375609e+01 -1.027375609e+01
26913 0 +4.363629783e-02 -1.027636370e+01 -1.027636370e+01
26915 0 +3.909454584e-02 -1.028090545e+01 -1.028090545e+01
26919 0 +2.675161378e-02 -1.029324839e+01 -1.029324839e+01
26922 0 +1.804264528e-02 -1.030195735e+01 -1.030195735e+01
26997 0 +1.503985336e-02 -1.030496015e+01 -1.030496015e+01
27000 0 +1.324268666e-02 -1.030675731e+01 -1.030675731e+01
27001 0 +1.929270989e-03 -1.031807073e+01 -1.031807073e+01
27076 0 +1.480276457e-03 -1.031851972e+01 -1.031851972e+01
27079 0 +5.488348337e-04 -1.031945117e+01 -1.031945117e+01
27160 0 +4.793088183e-04 -1.031952069e+01 -1.031952069e+01
27162 0 +2.832010455e-04 -1.031971680e+01 -1.031971680e+01
27234 0 +2.783546942e-04 -1.031972165e+01 -1.031972165e+01
27238 0 +2.506066142e-04 -1.031974939e+01 -1.031974939e+01
27239 0 +1.434639725e-04 -1.031985654e+01 -1.031985654e+01
27241 0 +2.191980813e-05 -1.031997808e+01 -1.031997808e+01
27316 0 +1.486653034e-05 -1.031998513e+01 -1.031998513e+01
27317 0 +1.174702877e-05 -1.031998825e+01 -1.031998825e+01
27398 0 +9.695148785e-06 -1.031999030e+01 -1.031999030e+01
27402 0 +1.303280474e-06 -1.031999870e+01 -1.031999870e+01
27473 0 +1.136655101e-06 -1.031999886e+01 -1.031999886e+01
27480 0 +1.098075790e-06 -1.031999890e+01 -1.031999890e+01
27555 0 +9.948993185e-07 -1.031999901e+01 -1.031999901e+01
27557 0 +8.612595614e-07 -1.031999914e+01 -1.031999914e+01
27559 0 +4.550833896e-07 -1.031999954e+01 -1.031999954e+01
27561 0 +1.130655569e-07 -1.031999989e+01 -1.031999989e+01
27630 0 +1.121446935e-07 -1.031999989e+01 -1.031999989e+01
27642 0 +3.672807658e-08 -1.031999996e+01 -1.031999996e+01
27712 0 +3.493831713e-08 -1.031999997e+01 -1.031999997e+01
27718 0 +2.411482214e-08 -1.031999998e+01 -1.031999998e+01
27721 0 +8.539986496e-09 -1.031999999e+01 -1.031999999e+01
28321 0 +2.540190280e-13 -1.032000000e+01 -1.032000000e+01
203761 0 +3.552713679e-15 -1.032000000e+01 -1.032000000e+01
% f evaluations | g evaluations | best noise-free fitness - Fopt (-2.954000000000e+01) + sum g_i+ | measured fitness | best measured fitness or single-digit g-values | x1 | x2...
1 0 +5.818231652e+06 +5.818202112e+06 +5.818202112e+06
3 0 +5.763022950e+06 +5.762993410e+06 +5.762993410e+06
6 0 +3.622927129e+06 +3.622897589e+06 +3.622897589e+06
26 0 +2.799953488e+06 +2.799923948e+06 +2.799923948e+06
3896 0 +2.161052717e+06 +2.161023177e+06 +2.161023177e+06
4154 0 +1.801533505e+06 +1.801503965e+06 +1.801503965e+06
4252 0 +1.700865714e+06 +1.700836174e+06 +1.700836174e+06
9056 0 +1.587974589e+06 +1.587945049e+06 +1.587945049e+06
9154 0 +1.580973956e+06 +1.580944416e+06 +1.580944416e+06
10135 0 +1.454376289e+06 +1.454346749e+06 +1.454346749e+06
14296 0 +1.257559898e+06 +1.257530358e+06 +1.257530358e+06
15026 0 +1.182948784e+06 +1.182919244e+06 +1.182919244e+06
19358 0 +1.051561914e+06 +1.051532374e+06 +1.051532374e+06
19412 0 +9.997626922e+05 +9.997331522e+05 +9.997331522e+05
24518 0 +7.927353749e+05 +7.927058349e+05 +7.927058349e+05
25677 0 +7.036558261e+05 +7.036262861e+05 +7.036262861e+05
25832 0 +6.742269491e+05 +6.741974091e+05 +6.741974091e+05
25833 0 +4.279244214e+05 +4.278948814e+05 +4.278948814e+05
25835 0 +3.204399573e+05 +3.204104173e+05 +3.204104173e+05
25864 0 +3.155693669e+05 +3.155398269e+05 +3.155398269e+05
25868 0 +2.963314948e+05 +2.963019548e+05 +2.963019548e+05
25873 0 +1.150233719e+05 +1.149938319e+05 +1.149938319e+05
25913 0 +3.608571076e+04 +3.605617076e+04 +3.605617076e+04
25985 0 +3.535624737e+04 +3.532670737e+04 +3.532670737e+04
25991 0 +2.722372128e+04 +2.719418128e+04 +2.719418128e+04
26077 0 +1.743390131e+04 +1.740436131e+04 +1.740436131e+04
26080 0 +1.551762336e+04 +1.548808336e+04 +1.548808336e+04
26159 0 +7.713236067e+03 +7.683696067e+03 +7.683696067e+03
26161 0 +2.522400972e+03 +2.492860972e+03 +2.492860972e+03
26232 0 +2.483247289e+03 +2.453707289e+03 +2.453707289e+03
26238 0 +2.020723725e+03 +1.991183725e+03 +1.991183725e+03
26242 0 +6.709636265e+02 +6.414236265e+02 +6.414236265e+02
26317 0 +6.171946370e+02 +5.876546370e+02 +5.876546370e+02
26321 0 +1.648275266e+02 +1.352875266e+02 +1.352875266e+02
26394 0 +1.528355596e+02 +1.232955596e+02 +1.232955596e+02
26396 0 +1.319454842e+02 +1.024054842e+02 +1.024054842e+02
26398 0 +8.800104726e+01 +5.846104726e+01 +5.846104726e+01
26402 0 +5.693753165e+01 +2.739753165e+01 +2.739753165e+01
26471 0 +5.555006273e+01 +2.601006273e+01 +2.601006273e+01
26480 0 +4.449808283e+01 +1.495808283e+01 +1.495808283e+01
26481 0 +6.590814896e+00 -2.294918510e+01 -2.294918510e+01
26557 0 +6.149538298e+00 -2.339046170e+01 -2.339046170e+01
26559 0 +3.588371221e+00 -2.595162878e+01 -2.595162878e+01
26630 0 +3.512330786e+00 -2.602766921e+01 -2.602766921e+01
26636 0 +3.069985219e+00 -2.647001478e+01 -2.647001478e+01
26638 0 +2.252989750e+00 -2.728701025e+01 -2.728701025e+01
26640 0 +1.845642332e+00 -2.769435767e+01 -2.769435767e+01
26642 0 +7.732494114e-01 -2.876675059e+01 -2.876675059e+01
26719 0 +5.073245258e-01 -2.903267547e+01 -2.903267547e+01
26721 0 +1.004704274e-01 -2.943952957e+01 -2.943952957e+01
26793 0 +9.044567127e-02 -2.944955433e+01 -2.944955433e+01
26802 0 +7.017494793e-02 -2.946982505e+01 -2.946982505e+01
26880 0 +4.954773496e-02 -2.949045227e+01 -2.949045227e+01
26881 0 +2.985424309e-03 -2.953701458e+01 -2.953701458e+01
26954 0 +2.803410192e-03 -2.953719659e+01 -2.953719659e+01
26955 0 +1.573211472e-03 -2.953842679e+01 -2.953842679e+01
27033 0 +1.384846502e-03 -2.953861515e+01 -2.953861515e+01
27119 0 +9.110046789e-04 -2.953908900e+01 -2.953908900e+01
27122 0 +4.419814163e-05 -2.953995580e+01 -2.953995580e+01
27198 0 +1.665850219e-05 -2.953998334e+01 -2.953998334e+01
27272 0 +1.556543964e-05 -2.953998443e+01 -2.953998443e+01
27276 0 +9.290535772e-06 -2.953999071e+01 -2.953999071e+01
27277 0 +6.207145272e-06 -2.953999379e+01 -2.953999379e+01
27358 0 +4.251596629e-06 -2.953999575e+01 -2.953999575e+01
27360 0 +1.229621212e-06 -2.953999877e+01 -2.953999877e+01
27434 0 +9.383507305e-07 -2.953999906e+01 -2.953999906e+01
27517 0 +8.050459606e-07 -2.953999919e+01 -2.953999919e+01
27519 0 +4.299484075e-07 -2.953999957e+01 -2.953999957e+01
27522 0 +1.200714088e-07 -2.953999988e+01 -2.953999988e+01
27601 0 +5.324779195e-08 -2.953999995e+01 -2.953999995e+01
27675 0 +4.779033347e-08 -2.953999995e+01 -2.953999995e+01
27678 0 +3.753768141e-08 -2.953999996e+01 -2.953999996e+01
27682 0 +5.218289800e-09 -2.953999999e+01 -2.953999999e+01
28282 0 +2.096101070e-13 -2.954000000e+01 -2.954000000e+01
135507 0 +0.000000000e+00 -2.954000000e+01 -2.954000000e+01
201801 0 +0.000000000e+00 -2.954000000e+01 -2.954000000e+01
% f evaluations | g evaluations | best noise-free fitness - Fopt (5.625000000000e+01) + sum g_i+ | measured fitness | best measured fitness or single-digit g-values | x1 | x2...
1 0 +6.011381673e+06 +6.011437923e+06 +6.011437923e+06
5 0 +5.857346279e+06 +5.857402529e+06 +5.857402529e+06
7 0 +5.669895184e+06 +5.669951434e+06 +5.669951434e+06
9 0 +5.059669240e+06 +5.059725490e+06 +5.059725490e+06
12 0 +4.349707239e+06 +4.349763489e+06 +4.349763489e+06
30 0 +4.232821773e+06 +4.232878023e+06 +4.232878023e+06
89 0 +4.199936089e+06 +4.199992339e+06 +4.199992339e+06
95 0 +3.585861628e+06 +3.585917878e+06 +3.585917878e+06
3320 0 +3.493715044e+06 +3.493771294e+06 +3.493771294e+06
3707 0 +3.390668675e+06 +3.390724925e+06 +3.390724925e+06
4269 0 +3.229747709e+06 +3.229803959e+06 +3.229803959e+06
4322 0 +2.940448136e+06 +2.940504386e+06 +2.940504386e+06
4352 0 +2.501901854e+06 +2.501958104e+06 +2.501958104e+06
4525 0 +2.272025097e+06 +2.272081347e+06 +2.272081347e+06
4545 0 +2.117197648e+06 +2.117253898e+06 +2.117253898e+06
4550 0 +2.072939623e+06 +2.072995873e+06 +2.072995873e+06
4562 0 +1.990672730e+06 +1.990728980e+06 +1.990728980e+06
4610 0 +1.662163280e+06 +1.662219530e+06 +1.662219530e+06
9077 0 +1.551313709e+06 +1.551369959e+06 +1.551369959e+06
9424 0 +1.486277254e+06 +1.486333504e+06 +1.486333504e+06
9429 0 +1.316415815e+06 +1.316472065e+06 +1.316472065e+06
9448 0 +1.177508702e+06 +1.177564952e+06 +1.177564952e+06
9464 0 +1.103823061e+06 +1.103879311e+06 +1.103879311e+06
9512 0 +8.209958536e+05 +8.210521036e+05 +8.210521036e+05
14237 0 +7.756627582e+05 +7.757190082e+05 +7.757190082e+05
14285 0 +6.715995524e+05 +6.716558024e+05 +6.716558024e+05
19832 0 +6.022486375e+05 +6.023048875e+05 +6.023048875e+05
25550 0 +5.845466312e+05 +5.846028812e+05 +5.846028812e+05
25831 0 +5.334716701e+05 +5.335279201e+05 +5.335279201e+05
25833 0 +4.337067825e+05 +4.337630325e+05 +4.337630325e+05
25838 0 +3.034063741e+05 +3.034626241e+05 +3.034626241e+05
25861 0 +2.997303454e+05 +2.997865954e+05 +2.997865954e+05
25868 0 +2.770743411e+05 +2.771305911e+05 +2.771305911e+05
25871 0 +1.904292865e+05 +1.904855365e+05 +1.904855365e+05
25908 0 +1.709849477e+05 +1.710411977e+05 +1.710411977e+05
25911 0 +1.325577655e+05 +1.326140155e+05 +1.326140155e+05
26040 0 +5.439550554e+04 +5.445175554e+04 +5.445175554e+04
26116 0 +4.420007376e+04 +4.425632376e+04 +4.425632376e+04
26117 0 +3.787013238e+04 +3.792638238e+04 +3.792638238e+04
26122 0 +1.592832805e+04 +1.598457805e+04 +1.598457805e+04
26190 0 +1.579240564e+04 +1.584865564e+04 +1.584865564e+04
26199 0 +8.695572656e+03 +8.751822656e+03 +8.751822656e+03
26201 0 +2.575414234e+03 +2.631664234e+03 +2.631664234e+03
26277 0 +1.843763850e+03 +1.900013850e+03 +1.900013850e+03
26282 0 +8.837532545e+02 +9.400032545e+02 +9.400032545e+02
26361 0 +1.754880766e+02 +2.317380766e+02 +2.317380766e+02
26438 0 +1.527689836e+02 +2.090189836e+02 +2.090189836e+02
26440 0 +4.975222035e+01 +1.060022203e+02 +1.060022203e+02
26517 0 +4.445256222e+01 +1.007025622e+02 +1.007025622e+02
26522 0 +4.667766725e+00 +6.091776673e+01 +6.091776673e+01
26598 0 +2.504282957e+00 +5.875428296e+01 +5.875428296e+01
26679 0 +1.851075411e+00 +5.810107541e+01 +5.810107541e+01
26681 0 +1.066432327e+00 +5.731643233e+01 +5.731643233e+01
26757 0 +8.598901038e-01 +5.710989010e+01 +5.710989010e+01
26760 0 +6.824455295e-01 +5.693244553e+01 +5.693244553e+01
26762 0 +7.213220519e-02 +5.632213221e+01 +5.632213221e+01
26833 0 +6.481637602e-02 +5.631481638e+01 +5.631481638e+01
26839 0 +3.795662137e-02 +5.628795662e+01 +5.628795662e+01
26920 0 +2.329150082e-02 +5.627329150e+01 +5.627329150e+01
26921 0 +1.396230995e-02 +5.626396231e+01 +5.626396231e+01
26998 0 +1.161946288e-02 +5.626161946e+01 +5.626161946e+01
27002 0 +2.427080223e-03 +5.625242708e+01 +5.625242708e+01
27077 0 +2.235446069e-03 +5.625223545e+01 +5.625223545e+01
27079 0 +7.673435230e-04 +5.625076734e+01 +5.625076734e+01
27158 0 +5.318864818e-04 +5.625053189e+01 +5.625053189e+01
27161 0 +7.851752820e-05 +5.625007852e+01 +5.625007852e+01
27313 0 +6.977865570e-05 +5.625006978e+01 +5.625006978e+01
27322 0 +7.976041090e-06 +5.625000798e+01 +5.625000798e+01
27385 0 +7.939747675e-06 +5.625000794e+01 +5.625000794e+01
27399 0 +3.815903113e-07 +5.625000038e+01 +5.625000038e+01
27469 0 +3.328035092e-07 +5.625000033e+01 +5.625000033e+01
27474 0 +1.989635692e-07 +5.625000020e+01 +5.625000020e+01
27555 0 +8.952023478e-08 +5.625000009e+01 +5.625000009e+01
27625 0 +8.899640136e-08 +5.625000009e+01 +5.625000009e+01
27633 0 +7.495758325e-08 +5.625000007e+01 +5.625000007e+01
27637 0 +4.122853170e-08 +5.625000004e+01 +5.625000004e+01
27720 0 +2.324808435e-08 +5.625000002e+01 +5.625000002e+01
27721 0 +1.366844060e-08 +5.625000001e+01 +5.625000001e+01
27798 0 +1.125641091e-08 +5.625000001e+01 +5.625000001e+01
27802 0 +1.879122635e-09 +5.625000000e+01 +5.625000000e+01
28360 0 +7.744915820e-13 +5.625000000e+01 +5.625000000e+01
203881 0 +7.105427358e-15 +5.625000000e+01 +5.625000000e+01
% f evaluations | g evaluations | best noise-free fitness - Fopt (4.153000000000e+01) + sum g_i+ | measured fitness | best measured fitness or single-digit g-values | x1 | x2...
1 0 +1.319638806e+07 +1.319642959e+07 +1.319642959e+07
5 0 +1.314642369e+07 +1.314646522e+07 +1.314646522e+07
6 0 +1.163251134e+07 +1.163255287e+07 +1.163255287e+07
9 0 +1.079928019e+07 +1.079932172e+07 +1.079932172e+07
26 0 +7.851126846e+06 +7.851168376e+06 +7.851168376e+06
124 0 +7.727191650e+06 +7.727233180e+06 +7.727233180e+06
3349 0 +7.662328420e+06 +7.662369950e+06 +7.662369950e+06
4154 0 +7.088037385e+06 +7.088078915e+06 +7.088078915e+06
4166 0 +6.622679632e+06 +6.622721162e+06 +6.622721162e+06
4252 0 +6.173282214e+06 +6.173323744e+06 +6.173323744e+06
4904 0 +5.562339838e+06 +5.562381368e+06 +5.562381368e+06
4905 0 +3.033403365e+06 +3.033444895e+06 +3.033444895e+06
4915 0 +2.779067094e+06 +2.779108624e+06 +2.779108624e+06
4918 0 +2.577307774e+06 +2.577349304e+06 +2.577349304e+06
4928 0 +2.372280883e+06 +2.372322413e+06 +2.372322413e+06
9304 0 +1.691269336e+06 +1.691310866e+06 +1.691310866e+06
9807 0 +1.533927246e+06 +1.533968776e+06 +1.533968776e+06
9810 0 +1.360206989e+06 +1.360248519e+06 +1.360248519e+06
9817 0 +1.237110066e+06 +1.237151596e+06 +1.237151596e+06
9840 0 +1.058095740e+06 +1.058137270e+06 +1.058137270e+06
14450 0 +7.926967958e+05 +7.927383258e+05 +7.927383258e+05
14451 0 +6.278947250e+05 +6.279362550e+05 +6.279362550e+05
14454 0 +5.934645769e+05 +5.935061069e+05 +5.935061069e+05
14461 0 +5.546756681e+05 +5.547171981e+05 +5.547171981e+05
14484 0 +4.530133729e+05 +4.530549029e+05 +4.530549029e+05
19610 0 +4.281799953e+05 +4.282215253e+05 +4.282215253e+05
19611 0 +3.520445689e+05 +3.520860989e+05 +3.520860989e+05
19644 0 +2.721868859e+05 +2.722284159e+05 +2.722284159e+05
25035 0 +2.489562465e+05 +2.489977765e+05 +2.489977765e+05
25062 0 +2.167726933e+05 +2.168142233e+05 +2.168142233e+05
25829 0 +1.813578924e+05 +1.813994224e+05 +1.813994224e+05
25831 0 +1.674129437e+05 +1.674544737e+05 +1.674544737e+05
25834 0 +1.419949127e+05 +1.420364427e+05 +1.420364427e+05
25835 0 +9.346585744e+04 +9.350738744e+04 +9.350738744e+04
25863 0 +8.890045092e+04 +8.894198092e+04 +8.894198092e+04
25868 0 +6.387254956e+04 +6.391407956e+04 +6.391407956e+04
25869 0 +5.647007895e+04 +5.651160895e+04 +5.651160895e+04
25908 0 +4.057553857e+04 +4.061706857e+04 +4.061706857e+04
26027 0 +3.874947365e+04 +3.879100365e+04 +3.879100365e+04
26113 0 +3.287333128e+04 +3.291486128e+04 +3.291486128e+04
26115 0 +2.692626773e+04 +2.696779773e+04 +2.696779773e+04
26119 0 +8.763644670e+03 +8.805174670e+03 +8.805174670e+03
26198 0 +6.450244706e+03 +6.491774706e+03 +6.491774706e+03
26201 0 +4.315996142e+03 +4.357526142e+03 +4.357526142e+03
26280 0 +2.945412091e+03 +2.986942091e+03 +2.986942091e+03
26282 0 +4.645397459e+02 +5.060697459e+02 +5.060697459e+02
26354 0 +4.144836201e+02 +4.560136201e+02 +4.560136201e+02
26356 0 +3.876478789e+02 +4.291778789e+02 +4.291778789e+02
26357 0 +2.524053384e+02 +2.939353384e+02 +2.939353384e+02
26427 0 +2.508449472e+02 +2.923749472e+02 +2.923749472e+02
26439 0 +1.882981057e+02 +2.298281057e+02 +2.298281057e+02
26441 0 +3.797570602e+01 +7.950570602e+01 +7.950570602e+01
26518 0 +2.597509029e+01 +6.750509029e+01 +6.750509029e+01
26520 0 +1.678584481e+01 +5.831584481e+01 +5.831584481e+01
26596 0 +1.398561435e+01 +5.551561435e+01 +5.551561435e+01
26599 0 +1.058314059e+01 +5.211314059e+01 +5.211314059e+01
26602 0 +1.063490294e+00 +4.259349029e+01 +4.259349029e+01
26674 0 +9.652011671e-01 +4.249520117e+01 +4.249520117e+01
26760 0 +6.317060990e-01 +4.216170610e+01 +4.216170610e+01
26761 0 +5.606910848e-02 +4.158606911e+01 +4.158606911e+01
26834 0 +4.731851411e-02 +4.157731851e+01 +4.157731851e+01
26917 0 +3.862752868e-02 +4.156862753e+01 +4.156862753e+01
26922 0 +1.333205800e-02 +4.154333206e+01 +4.154333206e+01
26995 0 +1.132271120e-02 +4.154132271e+01 +4.154132271e+01
26998 0 +1.107978227e-02 +4.154107978e+01 +4.154107978e+01
26999 0 +4.933792391e-03 +4.153493379e+01 +4.153493379e+01
27001 0 +4.266380488e-03 +4.153426638e+01 +4.153426638e+01
27077 0 +3.415346493e-03 +4.153341535e+01 +4.153341535e+01
27082 0 +1.012969217e-04 +4.153010130e+01 +4.153010130e+01
27145 0 +9.969095257e-05 +4.153009969e+01 +4.153009969e+01
27156 0 +8.213383748e-05 +4.153008213e+01 +4.153008213e+01
27232 0 +7.443249905e-05 +4.153007443e+01 +4.153007443e+01
27235 0 +5.732456113e-05 +4.153005732e+01 +4.153005732e+01
27313 0 +5.383598219e-05 +4.153005384e+01 +4.153005384e+01
27321 0 +2.147380812e-06 +4.153000215e+01 +4.153000215e+01
27396 0 +1.726146650e-06 +4.153000173e+01 +4.153000173e+01
27475 0 +1.519937449e-06 +4.153000152e+01 +4.153000152e+01
27478 0 +1.020775365e-06 +4.153000102e+01 +4.153000102e+01
27556 0 +9.933739165e-07 +4.153000099e+01 +4.153000099e+01
27559 0 +5.729220973e-07 +4.153000057e+01 +4.153000057e+01
27562 0 +1.236839893e-07 +4.153000012e+01 +4.153000012e+01
27634 0 +1.107793821e-07 +4.153000011e+01 +4.153000011e+01
27635 0 +9.556744374e-08 +4.153000010e+01 +4.153000010e+01
27638 0 +4.773441020e-08 +4.153000005e+01 +4.153000005e+01
27721 0 +2.506460817e-09 +4.153000000e+01 +4.153000000e+01
28401 0 +7.531752999e-13 +4.153000000e+01 +4.153000000e+01
202681 0 +7.105427358e-15 +4.153000000e+01 +4.153000000e+01
% f evaluations | g evaluations | best noise-free fitness - Fopt (-1.907000000000e+01) + sum g_i+ | measured fitness | best measured fitness or single-digit g-values | x1 | x2...
1 0 +8.438459411e+06 +8.438440341e+06 +8.438440341e+06
9 0 +6.157001945e+06 +6.156982875e+06 +6.156982875e+06
12 0 +5.998447927e+06 +5.998428857e+06 +5.998428857e+06
28 0 +5.399876877e+06 +5.399857807e+06 +5.399857807e+06
38 0 +5.102525766e+06 +5.102506696e+06 +5.102506696e+06
59 0 +5.069841342e+06 +5.069822272e+06 +5.069822272e+06
3908 0 +4.879736530e+06 +4.879717460e+06 +4.879717460e+06
4316 0 +4.657713474e+06 +4.657694404e+06 +4.657694404e+06
4524 0 +4.090214595e+06 +4.090195525e+06 +4.090195525e+06
4541 0 +3.552503356e+06 +3.552484286e+06 +3.552484286e+06
4543 0 +3.396640409e+06 +3.396621339e+06 +3.396621339e+06
4553 0 +2.819111391e+06 +2.819092321e+06 +2.819092321e+06
4639 0 +2.464648787e+06 +2.464629717e+06 +2.464629717e+06
10065 0 +2.209908639e+06 +2.209889569e+06 +2.209889569e+06
10066 0 +1.854355863e+06 +1.854336793e+06 +1.854336793e+06
10078 0 +1.757738408e+06 +1.757719338e+06 +1.757719338e+06
10112 0 +1.583695206e+06 +1.583676136e+06 +1.583676136e+06
10142 0 +1.266152243e+06 +1.266133173e+06 +1.266133173e+06
14657 0 +1.219153813e+06 +1.219134743e+06 +1.219134743e+06
14966 0 +1.084941049e+06 +1.084921979e+06 +1.084921979e+06
14968 0 +8.400334242e+05 +8.400143542e+05 +8.400143542e+05
14994 0 +6.609408723e+05 +6.609218023e+05 +6.609218023e+05
19380 0 +6.216614384e+05 +6.216423684e+05 +6.216423684e+05
19741 0 +4.531262653e+05 +4.531071953e+05 +4.531071953e+05
19767 0 +3.866052422e+05 +3.865861722e+05 +3.865861722e+05
24540 0 +3.367987263e+05 +3.367796563e+05 +3.367796563e+05
25833 0 +2.770935239e+05 +2.770744539e+05 +2.770744539e+05
25836 0 +1.803091244e+05 +1.802900544e+05 +1.802900544e+05
25838 0 +1.504295034e+05 +1.504104334e+05 +1.504104334e+05
25868 0 +1.345630029e+05 +1.345439329e+05 +1.345439329e+05
26031 0 +1.251044448e+05 +1.250853748e+05 +1.250853748e+05
26037 0 +8.744765742e+04 +8.742858742e+04 +8.742858742e+04
26039 0 +7.821248343e+04 +7.819341343e+04 +7.819341343e+04
26120 0 +4.896117047e+04 +4.894210047e+04 +4.894210047e+04
26122 0 +2.594414884e+03 +2.575344884e+03 +2.575344884e+03
26198 0 +2.398941505e+03 +2.379871505e+03 +2.379871505e+03
26275 0 +1.998592349e+03 +1.979522349e+03 +1.979522349e+03
26277 0 +1.182650341e+03 +1.163580341e+03 +1.163580341e+03
26281 0 +1.016672053e+03 +9.976020532e+02 +9.976020532e+02
26351 0 +9.912011478e+02 +9.721311478e+02 +9.721311478e+02
26362 0 +1.401615030e+02 +1.210915030e+02 +1.210915030e+02
26436 0 +1.202580060e+02 +1.011880060e+02 +1.011880060e+02
26440 0 +2.280101544e+01 +3.731015441e+00 +3.731015441e+00
26509 0 +2.204625571e+01 +2.976255708e+00 +2.976255708e+00
26515 0 +1.888786081e+01 -1.821391909e-01 -1.821391909e-01
26518 0 +9.799832561e+00 -9.270167439e+00 -9.270167439e+00
26601 0 +2.696511138e+00 -1.637348886e+01 -1.637348886e+01
26673 0 +2.434970119e+00 -1.663502988e+01 -1.663502988e+01
26677 0 +2.034781143e+00 -1.703521886e+01 -1.703521886e+01
26679 0 +9.943365333e-01 -1.807566347e+01 -1.807566347e+01
26758 0 +8.672455224e-01 -1.820275448e+01 -1.820275448e+01
26762 0 +9.758371661e-02 -1.897241628e+01 -1.897241628e+01
26835 0 +7.328494776e-02 -1.899671505e+01 -1.899671505e+01
26840 0 +2.828700188e-02 -1.904171300e+01 -1.904171300e+01
26914 0 +2.683622176e-02 -1.904316378e+01 -1.904316378e+01
26917 0 +1.492070751e-02 -1.905507929e+01 -1.905507929e+01
26919 0 +7.726544161e-03 -1.906227346e+01 -1.906227346e+01
27000 0 +4.092743369e-03 -1.906590726e+01 -1.906590726e+01
27072 0 +3.948017756e-03 -1.906605198e+01 -1.906605198e+01
27075 0 +3.396519858e-03 -1.906660348e+01 -1.906660348e+01
27081 0 +4.469316486e-04 -1.906955307e+01 -1.906955307e+01
27142 0 +4.464351341e-04 -1.906955356e+01 -1.906955356e+01
27160 0 +6.091955929e-05 -1.906993908e+01 -1.906993908e+01
27318 0 +4.649947186e-05 -1.906995350e+01 -1.906995350e+01
27322 0 +1.536349057e-06 -1.906999846e+01 -1.906999846e+01
27461 0 +1.411204881e-06 -1.906999859e+01 -1.906999859e+01
27474 0 +1.233210238e-06 -1.906999877e+01 -1.906999877e+01
27556 0 +1.075393165e-06 -1.906999892e+01 -1.906999892e+01
27558 0 +9.026248406e-07 -1.906999910e+01 -1.906999910e+01
27561 0 +6.082128579e-08 -1.906999994e+01 -1.906999994e+01
27639 0 +2.171094238e-08 -1.906999998e+01 -1.906999998e+01
27713 0 +1.829669571e-08 -1.906999998e+01 -1.906999998e+01
27720 0 +4.849503910e-09 -1.907000000e+01 -1.907000000e+01
28319 0 +3.304023721e-13 -1.907000000e+01 -1.907000000e+01
200841 0 +7.105427358e-15 -1.907000000e+01 -1.907000000e+01
% f evaluations | g evaluations | best noise-free fitness - Fopt (-9.299000000000e+01) + sum g_i+ | measured fitness | best measured fitness or single-digit g-values | x1 | x2...
1 0 +1.549482062e+07 +1.549472763e+07 +1.549472763e+07
2 0 +1.453270884e+07 +1.453261585e+07 +1.453261585e+07
5 0 +1.367463340e+07 +1.367454041e+07 +1.367454041e+07
6 0 +1.193603072e+07 +1.193593773e+07 +1.193593773e+07
17 0 +1.116335170e+07 +1.116325871e+07 +1.116325871e+07
31 0 +1.106700433e+07 +1.106691134e+07 +1.106691134e+07
42 0 +1.074910229e+07 +1.074900930e+07 +1.074900930e+07
47 0 +9.523201208e+06 +9.523108218e+06 +9.523108218e+06
2885 0 +9.499364430e+06 +9.499271440e+06 +9.499271440e+06
3917 0 +9.017490708e+06 +9.017397718e+06 +9.017397718e+06
4811 0 +8.823215421e+06 +8.823122431e+06 +8.823122431e+06
4897 0 +8.783715478e+06 +8.783622488e+06 +8.783622488e+06
4904 0 +2.014890936e+06 +2.014797946e+06 +2.014797946e+06
4909 0 +1.316216571e+06 +1.316123581e+06 +1.316123581e+06
4983 0 +1.261056044e+06 +1.260963054e+06 +1.260963054e+06
4997 0 +1.035359907e+06 +1.035266917e+06 +1.035266917e+06
9942 0 +8.562119630e+05 +8.561189730e+05 +8.561189730e+05
9971 0 +5.675059870e+05 +5.674129970e+05 +5.674129970e+05
10030 0 +5.574535353e+05 +5.573605453e+05 +5.573605453e+05
14228 0 +3.338812387e+05 +3.337882487e+05 +3.337882487e+05
20386 0 +2.739315742e+05 +2.738385842e+05 +2.738385842e+05
24565 0 +2.462253197e+05 +2.461323297e+05 +2.461323297e+05
24901 0 +2.200311426e+05 +2.199381526e+05 +2.199381526e+05
26038 0 +1.993078576e+05 +1.992148676e+05 +1.992148676e+05
26039 0 +1.437800764e+05 +1.436870864e+05 +1.436870864e+05
26042 0 +3.378582040e+04 +3.369283040e+04 +3.369283040e+04
26121 0 +2.118004124e+04 +2.108705124e+04 +2.108705124e+04
26197 0 +1.722959637e+04 +1.713660637e+04 +1.713660637e+04
26199 0 +9.929494246e+03 +9.836504246e+03 +9.836504246e+03
26202 0 +1.222897944e+03 +1.129907944e+03 +1.129907944e+03
26274 0 +1.063554447e+03 +9.705644470e+02 +9.705644470e+02
26276 0 +7.168821404e+02 +6.238921404e+02 +6.238921404e+02
26351 0 +7.023923841e+02 +6.094023841e+02 +6.094023841e+02
26361 0 +6.023884055e+01 -3.275115945e+01 -3.275115945e+01
26434 0 +4.980052345e+01 -4.318947655e+01 -4.318947655e+01
26522 0 +2.678215261e+00 -9.031178474e+01 -9.031178474e+01
26593 0 +2.439526727e+00 -9.055047327e+01 -9.055047327e+01
26596 0 +2.211502159e+00 -9.077849784e+01 -9.077849784e+01
26675 0 +1.757982420e+00 -9.123201758e+01 -9.123201758e+01
26678 0 +1.236020877e+00 -9.175397912e+01 -9.175397912e+01
26760 0 +8.421188545e-01 -9.214788115e+01 -9.214788115e+01
26761 0 +6.102643097e-02 -9.292897357e+01 -9.292897357e+01
26837 0 +2.039624340e-02 -9.296960376e+01 -9.296960376e+01
26910 0 +1.965950496e-02 -9.297034050e+01 -9.297034050e+01
26913 0 +1.560413760e-02 -9.297439586e+01 -9.297439586e+01
26915 0 +1.035912890e-02 -9.297964087e+01 -9.297964087e+01
26998 0 +8.635344497e-03 -9.298136466e+01 -9.298136466e+01
27002 0 +2.316967609e-03 -9.298768303e+01 -9.298768303e+01
27079 0 +1.643059274e-03 -9.298835694e+01 -9.298835694e+01
27081 0 +1.066602377e-03 -9.298893340e+01 -9.298893340e+01
27155 0 +9.607133376e-04 -9.298903929e+01 -9.298903929e+01
27158 0 +7.827111859e-04 -9.298921729e+01 -9.298921729e+01
27160 0 +6.342862786e-04 -9.298936571e+01 -9.298936571e+01
27162 0 +7.141060790e-05 -9.298992859e+01 -9.298992859e+01
27226 0 +7.074427474e-05 -9.298992926e+01 -9.298992926e+01
27239 0 +4.140319234e-05 -9.298995860e+01 -9.298995860e+01
27314 0 +3.820919939e-05 -9.298996179e+01 -9.298996179e+01
27320 0 +2.096386272e-05 -9.298997904e+01 -9.298997904e+01
27321 0 +1.417635033e-05 -9.298998582e+01 -9.298998582e+01
27392 0 +1.385352408e-05 -9.298998615e+01 -9.298998615e+01
27402 0 +1.667253429e-06 -9.298999833e+01 -9.298999833e+01
27476 0 +1.542902794e-06 -9.298999846e+01 -9.298999846e+01
27479 0 +3.199301801e-07 -9.298999968e+01 -9.298999968e+01
27549 0 +3.101611554e-07 -9.298999969e+01 -9.298999969e+01
27555 0 +2.477121228e-07 -9.298999975e+01 -9.298999975e+01
27557 0 +9.666395329e-08 -9.298999990e+01 -9.298999990e+01
27633 0 +8.659601747e-08 -9.298999991e+01 -9.298999991e+01
27640 0 +6.761902682e-08 -9.298999993e+01 -9.298999993e+01
27716 0 +6.138155584e-08 -9.298999994e+01 -9.298999994e+01
27719 0 +4.370426154e-08 -9.298999996e+01 -9.298999996e+01
27721 0 +6.782514106e-09 -9.298999999e+01 -9.298999999e+01
28313 0 +9.947598301e-13 -9.299000000e+01 -9.299000000e+01
200241 0 +1.421085472e-14 -9.299000000e+01 -9.299000000e+01
% f evaluations | g evaluations | best noise-free fitness - Fopt (-1.656000000000e+02) + sum g_i+ | measured fitness | best measured fitness or single-digit g-values | x1 | x2...
1 0 +1.654525381e+07 +1.654508821e+07 +1.654508821e+07
3 0 +1.303129269e+07 +1.303112709e+07 +1.303112709e+07
25 0 +1.043414084e+07 +1.043397524e+07 +1.043397524e+07
101 0 +9.929686467e+06 +9.929520867e+06 +9.929520867e+06
106 0 +9.783784864e+06 +9.783619264e+06 +9.783619264e+06
3589 0 +9.677933996e+06 +9.677768396e+06 +9.677768396e+06
3718 0 +9.460989078e+06 +9.460823478e+06 +9.460823478e+06
3971 0 +9.354874069e+06 +9.354708469e+06 +9.354708469e+06
3976 0 +9.140553534e+06 +9.140387934e+06 +9.140387934e+06
4358 0 +9.017067181e+06 +9.016901581e+06 +9.016901581e+06
4411 0 +8.222114182e+06 +8.221948582e+06 +8.221948582e+06
4487 0 +7.193275016e+06 +7.193109416e+06 +7.193109416e+06
5034 0 +5.684058927e+06 +5.683893327e+06 +5.683893327e+06
5047 0 +5.421318085e+06 +5.421152485e+06 +5.421152485e+06
5081 0 +4.786412872e+06 +4.786247272e+06 +4.786247272e+06
10194 0 +3.989886888e+06 +3.989721288e+06 +3.989721288e+06
10195 0 +3.878175335e+06 +3.878009735e+06 +3.878009735e+06
10223 0 +3.333933557e+06 +3.333767957e+06 +3.333767957e+06
10241 0 +3.292221905e+06 +3.292056305e+06 +3.292056305e+06
10297 0 +3.042552312e+06 +3.042386712e+06 +3.042386712e+06
14296 0 +2.859861899e+06 +2.859696299e+06 +2.859696299e+06
14683 0 +2.651792541e+06 +2.651626941e+06 +2.651626941e+06
14972 0 +2.529471797e+06 +2.529306197e+06 +2.529306197e+06
14989 0 +2.279251757e+06 +2.279086157e+06 +2.279086157e+06
19375 0 +2.166122034e+06 +2.165956434e+06 +2.165956434e+06
19745 0 +2.074570783e+06 +2.074405183e+06 +2.074405183e+06
19762 0 +1.940354938e+06 +1.940189338e+06 +1.940189338e+06
20593 0 +1.874933182e+06 +1.874767582e+06 +1.874767582e+06
24560 0 +1.795399820e+06 +1.795234220e+06 +1.795234220e+06
24592 0 +1.776672962e+06 +1.776507362e+06 +1.776507362e+06
24907 0 +1.684939157e+06 +1.684773557e+06 +1.684773557e+06
24947 0 +1.573007885e+06 +1.572842285e+06 +1.572842285e+06
25833 0 +1.297965987e+06 +1.297800387e+06 +1.297800387e+06
25836 0 +9.529644890e+05 +9.527988890e+05 +9.527988890e+05
25837 0 +8.622610621e+05 +8.620954621e+05 +8.620954621e+05
25871 0 +6.860445000e+05 +6.858789000e+05 +6.858789000e+05
25873 0 +5.012286056e+05 +5.010630056e+05 +5.010630056e+05
25876 0 +2.924126156e+05 +2.922470156e+05 +2.922470156e+05
25910 0 +2.647043656e+05 +2.645387656e+05 +2.645387656e+05
25911 0 +2.179833052e+05 +2.178177052e+05 +2.178177052e+05
25913 0 +1.323950828e+05 +1.322294828e+05 +1.322294828e+05
26030 0 +1.239311090e+05 +1.237655090e+05 +1.237655090e+05
26038 0 +1.002627496e+05 +1.000971496e+05 +1.000971496e+05
26039 0 +2.113798468e+04 +2.097238468e+04 +2.097238468e+04
26115 0 +1.480493390e+04 +1.463933390e+04 +1.463933390e+04
26117 0 +7.383338879e+03 +7.217738879e+03 +7.217738879e+03
26191 0 +7.074091850e+03 +6.908491850e+03 +6.908491850e+03
26201 0 +6.216709114e+03 +6.051109114e+03 +6.051109114e+03
26278 0 +5.308194503e+03 +5.142594503e+03 +5.142594503e+03
26279 0 +3.573803781e+03 +3.408203781e+03 +3.408203781e+03
26282 0 +1.596715053e+02 -5.928494682e+00 -5.928494682e+00
26350 0 +1.533681216e+02 -1.223187839e+01 -1.223187839e+01
26353 0 +1.170111308e+02 -4.858886924e+01 -4.858886924e+01
26356 0 +2.138682069e+01 -1.442131793e+02 -1.442131793e+02
26427 0 +1.977764182e+01 -1.458223582e+02 -1.458223582e+02
26432 0 +1.471360115e+01 -1.508863989e+02 -1.508863989e+02
26510 0 +1.395941590e+01 -1.516405841e+02 -1.516405841e+02
26514 0 +1.155032495e+01 -1.540496751e+02 -1.540496751e+02
26520 0 +1.024749604e+01 -1.553525040e+02 -1.553525040e+02
26595 0 +9.684195763e+00 -1.559158042e+02 -1.559158042e+02
26599 0 +1.882262509e+00 -1.637177375e+02 -1.637177375e+02
26676 0 +1.624400174e+00 -1.639755998e+02 -1.639755998e+02
26678 0 +9.990303463e-01 -1.646009697e+02 -1.646009697e+02
26761 0 +3.932708921e-02 -1.655606729e+02 -1.655606729e+02
26836 0 +2.461459816e-02 -1.655753854e+02 -1.655753854e+02
26837 0 +1.797681020e-02 -1.655820232e+02 -1.655820232e+02
26910 0 +1.770155654e-02 -1.655822984e+02 -1.655822984e+02
26913 0 +1.500692705e-02 -1.655849931e+02 -1.655849931e+02
26918 0 +5.762405181e-03 -1.655942376e+02 -1.655942376e+02
26989 0 +5.574586804e-03 -1.655944254e+02 -1.655944254e+02
26996 0 +4.212779636e-03 -1.655957872e+02 -1.655957872e+02
27077 0 +3.943755464e-03 -1.655960562e+02 -1.655960562e+02
27079 0 +2.277604922e-03 -1.655977224e+02 -1.655977224e+02
27082 0 +5.596168054e-04 -1.655994404e+02 -1.655994404e+02
27158 0 +3.719642424e-04 -1.655996280e+02 -1.655996280e+02
27161 0 +1.993055487e-04 -1.655998007e+02 -1.655998007e+02
27235 0 +1.717318497e-04 -1.655998283e+02 -1.655998283e+02
27242 0 +1.176133023e-05 -1.655999882e+02 -1.655999882e+02
27396 0 +1.076510463e-05 -1.655999892e+02 -1.655999892e+02
27401 0 +2.805038918e-06 -1.655999972e+02 -1.655999972e+02
27480 0 +9.597729900e-07 -1.655999990e+02 -1.655999990e+02
27555 0 +8.549898212e-07 -1.655999991e+02 -1.655999991e+02
27558 0 +7.114356890e-07 -1.655999993e+02 -1.655999993e+02
27562 0 +3.844397156e-08 -1.656000000e+02 -1.656000000e+02
27713 0 +3.484211675e-08 -1.656000000e+02 -1.656000000e+02
27719 0 +1.736896138e-08 -1.656000000e+02 -1.656000000e+02
27796 0 +1.548792739e-08 -1.656000000e+02 -1.656000000e+02
27798 0 +1.330778332e-08 -1.656000000e+02 -1.656000000e+02
27801 0 +1.946943939e-09 -1.656000000e+02 -1.656000000e+02
28322 0 +3.694822226e-13 -1.656000000e+02 -1.656000000e+02
200000 0 +5.684341886e-14 -1.656000000e+02 -1.656000000e+02
