% f evaluations | g evaluations | best noise-free fitness - Fopt (-2.098800000000e+02) + sum g_i+ | measured fitness | best measured fitness or single-digit g-values | x1 | x2...
1 0 +6.724536382e+06 +6.724326502e+06 +6.724326502e+06
4 0 +4.942932704e+06 +4.942722824e+06 +4.942722824e+06
7 0 +3.929505114e+06 +3.929295234e+06 +3.929295234e+06
15 0 +2.822854283e+06 +2.822644403e+06 +2.822644403e+06
49 0 +1.490052694e+06 +1.489842814e+06 +1.489842814e+06
1237 0 +4.296124710e+05 +4.294025910e+05 +4.294025910e+05
1249 0 +1.919517386e+05 +1.917418586e+05 +1.917418586e+05
1269 0 +1.493669788e+05 +1.491570988e+05 +1.491570988e+05
1272 0 +1.398909298e+05 +1.396810498e+05 +1.396810498e+05
3465 0 +1.181881587e+05 +1.179782787e+05 +1.179782787e+05
3644 0 +1.046137438e+05 +1.044038638e+05 +1.044038638e+05
3672 0 +8.266142358e+04 +8.245154358e+04 +8.245154358e+04
3693 0 +5.434824034e+04 +5.413836034e+04 +5.413836034e+04
4760 0 +2.216356022e+04 +2.195368022e+04 +2.195368022e+04
6662 0 +6.609180263e+03 +6.399300263e+03 +6.399300263e+03
6697 0 +6.262185608e+03 +6.052305608e+03 +6.052305608e+03
6701 0 +3.163614583e+03 +2.953734583e+03 +2.953734583e+03
6735 0 +3.144630414e+03 +2.934750414e+03 +2.934750414e+03
6740 0 +2.523236132e+03 +2.313356132e+03 +2.313356132e+03
6742 0 +2.869568813e+02 +7.707688128e+01 +7.707688128e+01
6777 0 +2.462277104e+02 +3.634771035e+01 +3.634771035e+01
6821 0 +9.534058131e+00 -2.003459419e+02 -2.003459419e+02
6860 0 +1.405391915e+00 -2.084746081e+02 -2.084746081e+02
6898 0 +7.950679472e-01 -2.090849321e+02 -2.090849321e+02
6933 0 +7.891398443e-01 -2.090908602e+02 -2.090908602e+02
6939 0 +4.678686843e-01 -2.094121313e+02 -2.094121313e+02
6980 0 +4.260411998e-01 -2.094539588e+02 -2.094539588e+02
6982 0 +2.126760145e-01 -2.096673240e+02 -2.096673240e+02
7019 0 +1.657237048e-01 -2.097142763e+02 -2.097142763e+02
7021 0 +1.108024849e-02 -2.098689198e+02 -2.098689198e+02
7100 0 +9.574820079e-03 -2.098704252e+02 -2.098704252e+02
7102 0 +1.002415727e-03 -2.098789976e+02 -2.098789976e+02
7136 0 +9.764202860e-04 -2.098790236e+02 -2.098790236e+02
7139 0 +7.331718572e-04 -2.098792668e+02 -2.098792668e+02
7180 0 +6.612939924e-04 -2.098793387e+02 -2.098793387e+02
7181 0 +5.260003775e-05 -2.098799474e+02 -2.098799474e+02
7217 0 +4.838107364e-05 -2.098799516e+02 -2.098799516e+02
7219 0 +4.081955382e-05 -2.098799592e+02 -2.098799592e+02
7258 0 +3.921915038e-05 -2.098799608e+02 -2.098799608e+02
7260 0 +2.914940552e-05 -2.098799709e+02 -2.098799709e+02
7262 0 +6.054121030e-06 -2.098799939e+02 -2.098799939e+02
7301 0 +2.440187188e-06 -2.098799976e+02 -2.098799976e+02
7342 0 +4.697415079e-07 -2.098799995e+02 -2.098799995e+02
7379 0 +3.256530192e-07 -2.098799997e+02 -2.098799997e+02
7381 0 +1.529753320e-07 -2.098799998e+02 -2.098799998e+02
7422 0 +1.438772301e-08 -2.098800000e+02 -2.098800000e+02
7458 0 +1.229295776e-08 -2.098800000e+02 -2.098800000e+02
7460 0 +1.015752105e-08 -2.098800000e+02 -2.098800000e+02
7499 0 +7.776492339e-09 -2.098800000e+02 -2.098800000e+02
7760 0 +3.126388037e-13 -2.098800000e+02 -2.098800000e+02
16042 0 +0.000000000e+00 -2.098800000e+02 -2.098800000e+02
100000 0 +0.000000000e+00 -2.098800000e+02 -2.098800000e+02
% f evaluations | g evaluations | best noise-free fitness - Fopt (-9.209000000000e+01) + sum g_i+ | measured fitness | best measured fitness or single-digit g-values | x1 | x2...
1 0 +3.336158548e+06 +3.336066458e+06 +3.336066458e+06
4 0 +1.652651674e+06 +1.652559584e+06 +1.652559584e+06
7 0 +1.169805130e+06 +1.169713040e+06 +1.169713040e+06
15 0 +2.075353190e+05 +2.074432290e+05 +2.074432290e+05
665 0 +1.858082568e+05 +1.857161668e+05 +1.857161668e+05
1024 0 +1.746550363e+05 +1.745629463e+05 +1.745629463e+05
1247 0 +1.209146745e+05 +1.208225845e+05 +1.208225845e+05
2485 0 +6.641411730e+04 +6.632202730e+04 +6.632202730e+04
5085 0 +6.031197349e+04 +6.021988349e+04 +6.021988349e+04
6190 0 +4.142788198e+04 +4.133579198e+04 +4.133579198e+04
6621 0 +2.597670857e+04 +2.588461857e+04 +2.588461857e+04
6662 0 +1.270324508e+04 +1.261115508e+04 +1.261115508e+04
6701 0 +1.286553275e+03 +1.194463275e+03 +1.194463275e+03
6740 0 +5.746413741e+02 +4.825513741e+02 +4.825513741e+02
6782 0 +6.759684348e+01 -2.449315652e+01 -2.449315652e+01
6817 0 +5.915098694e+01 -3.293901306e+01 -3.293901306e+01
6862 0 +1.717013886e+00 -9.037298611e+01 -9.037298611e+01
6899 0 +6.011088043e-01 -9.148889120e+01 -9.148889120e+01
6937 0 +4.728229178e-01 -9.161717708e+01 -9.161717708e+01
6940 0 +1.816625010e-01 -9.190833750e+01 -9.190833750e+01
6976 0 +1.752883481e-01 -9.191471165e+01 -9.191471165e+01
6979 0 +1.175242996e-01 -9.197247570e+01 -9.197247570e+01
7020 0 +9.357385722e-02 -9.199642614e+01 -9.199642614e+01
7022 0 +4.755960600e-02 -9.204244039e+01 -9.204244039e+01
7059 0 +4.351832651e-02 -9.204648167e+01 -9.204648167e+01
7061 0 +6.160402870e-03 -9.208383960e+01 -9.208383960e+01
7100 0 +3.939225126e-03 -9.208606077e+01 -9.208606077e+01
7141 0 +8.951350502e-05 -9.208991049e+01 -9.208991049e+01
7179 0 +4.530798290e-05 -9.208995469e+01 -9.208995469e+01
7217 0 +3.800021010e-05 -9.208996200e+01 -9.208996200e+01
7220 0 +8.803994206e-06 -9.208999120e+01 -9.208999120e+01
7299 0 +5.392948438e-06 -9.208999461e+01 -9.208999461e+01
7301 0 +2.757354579e-06 -9.208999724e+01 -9.208999724e+01
7342 0 +1.936605116e-07 -9.208999981e+01 -9.208999981e+01
7378 0 +1.732295516e-07 -9.208999983e+01 -9.208999983e+01
7421 0 +1.797732807e-08 -9.208999998e+01 -9.208999998e+01
7456 0 +1.766660773e-08 -9.208999998e+01 -9.208999998e+01
7458 0 +1.566569097e-08 -9.208999998e+01 -9.208999998e+01
7459 0 +4.897202643e-09 -9.209000000e+01 -9.209000000e+01
7821 0 +6.252776075e-13 -9.209000000e+01 -9.209000000e+01
10141 0 +0.000000000e+00 -9.209000000e+01 -9.209000000e+01
100000 0 +0.000000000e+00 -9.209000000e+01 -9.209000000e+01
% f evaluations | g evaluations | best noise-free fitness - Fopt (-8.789000000000e+01) + sum g_i+ | measured fitness | best measured fitness or single-digit g-values | x1 | x2...
1 0 +1.333357179e+07 +1.333348390e+07 +1.333348390e+07
4 0 +1.022696301e+07 +1.022687512e+07 +1.022687512e+07
7 0 +7.597740795e+06 +7.597652905e+06 +7.597652905e+06
15 0 +6.942868686e+06 +6.942780796e+06 +6.942780796e+06
20 0 +6.544918878e+06 +6.544830988e+06 +6.544830988e+06
49 0 +5.584555807e+06 +5.584467917e+06 +5.584467917e+06
829 0 +5.465028943e+06 +5.464941053e+06 +5.464941053e+06
1024 0 +5.397292609e+06 +5.397204719e+06 +5.397204719e+06
1055 0 +4.546136414e+06 +4.546048524e+06 +4.546048524e+06
1089 0 +4.078212355e+06 +4.078124465e+06 +4.078124465e+06
1237 0 +2.892027223e+06 +2.891939333e+06 +2.891939333e+06
1238 0 +2.815084828e+06 +2.814996938e+06 +2.814996938e+06
1239 0 +2.077731721e+06 +2.077643831e+06 +2.077643831e+06
1240 0 +1.281964605e+06 +1.281876715e+06 +1.281876715e+06
1242 0 +8.486746390e+05 +8.485867490e+05 +8.485867490e+05
1266 0 +7.978110852e+05 +7.977231952e+05 +7.977231952e+05
1271 0 +7.935110637e+05 +7.934231737e+05 +7.934231737e+05
1279 0 +6.751959471e+05 +6.751080571e+05 +6.751080571e+05
2550 0 +2.993988065e+05 +2.993109165e+05 +2.993109165e+05
3837 0 +2.625088099e+05 +2.624209199e+05 +2.624209199e+05
3844 0 +2.087289357e+05 +2.086410457e+05 +2.086410457e+05
3858 0 +1.854872873e+05 +1.853993973e+05 +1.853993973e+05
3861 0 +1.536514442e+05 +1.535635542e+05 +1.535635542e+05
3883 0 +1.280457605e+05 +1.279578705e+05 +1.279578705e+05
4706 0 +1.124573587e+05 +1.123694687e+05 +1.123694687e+05
4728 0 +9.914187138e+04 +9.905398138e+04 +9.905398138e+04
5991 0 +7.687218591e+04 +7.678429591e+04 +7.678429591e+04
6006 0 +6.471883937e+04 +6.463094937e+04 +6.463094937e+04
6620 0 +5.815721173e+04 +5.806932173e+04 +5.806932173e+04
6661 0 +3.983604026e+03 +3.895714026e+03 +3.895714026e+03
6691 0 +3.980555537e+03 +3.892665537e+03 +3.892665537e+03
6698 0 +3.456464548e+03 +3.368574548e+03 +3.368574548e+03
6699 0 +3.695516881e+02 +2.816616881e+02 +2.816616881e+02
6777 0 +3.333649261e+02 +2.454749261e+02 +2.454749261e+02
6782 0 +2.029563520e+02 +1.150663520e+02 +1.150663520e+02
6821 0 +1.581113528e+01 -7.207886472e+01 -7.207886472e+01
6860 0 +4.187809774e+00 -8.370219023e+01 -8.370219023e+01
6902 0 +3.925681555e+00 -8.396431845e+01 -8.396431845e+01
6941 0 +7.187140349e-02 -8.781812860e+01 -8.781812860e+01
6975 0 +6.910863314e-02 -8.782089137e+01 -8.782089137e+01
6979 0 +6.206386582e-02 -8.782793613e+01 -8.782793613e+01
7020 0 +8.881573033e-03 -8.788111843e+01 -8.788111843e+01
7058 0 +7.343065025e-03 -8.788265693e+01 -8.788265693e+01
7102 0 +2.054852570e-03 -8.788794515e+01 -8.788794515e+01
7137 0 +1.937840674e-03 -8.788806216e+01 -8.788806216e+01
7139 0 +1.659604700e-03 -8.788834040e+01 -8.788834040e+01
7141 0 +5.034676803e-04 -8.788949653e+01 -8.788949653e+01
7175 0 +5.006208021e-04 -8.788949938e+01 -8.788949938e+01
7180 0 +4.371701290e-04 -8.788956283e+01 -8.788956283e+01
7182 0 +1.115059988e-04 -8.788988849e+01 -8.788988849e+01
7219 0 +9.221832981e-05 -8.788990778e+01 -8.788990778e+01
7221 0 +5.318161116e-05 -8.788994682e+01 -8.788994682e+01
7260 0 +4.674882636e-05 -8.788995325e+01 -8.788995325e+01
7262 0 +2.796821420e-06 -8.788999720e+01 -8.788999720e+01
7298 0 +1.955247228e-06 -8.788999804e+01 -8.788999804e+01
7299 0 +1.738078595e-06 -8.788999826e+01 -8.788999826e+01
7340 0 +1.005980778e-06 -8.788999899e+01 -8.788999899e+01
7341 0 +7.616778106e-07 -8.788999924e+01 -8.788999924e+01
7382 0 +9.281095004e-09 -8.788999999e+01 -8.788999999e+01
7801 0 +1.847411113e-13 -8.789000000e+01 -8.789000000e+01
55320 0 +0.000000000e+00 -8.789000000e+01 -8.789000000e+01
100000 0 +0.000000000e+00 -8.789000000e+01 -8.789000000e+01
% f evaluations | g evaluations | best noise-free fitness - Fopt (3.201900000000e+02) + sum g_i+ | measured fitness | best measured fitness or single-digit g-values | x1 | x2...
1 0 +2.959906569e+06 +2.960226759e+06 +2.960226759e+06
5 0 +2.543371355e+06 +2.543691545e+06 +2.543691545e+06
14 0 +2.424209117e+06 +2.424529307e+06 +2.424529307e+06
22 0 +2.177440911e+06 +2.177761101e+06 +2.177761101e+06
31 0 +1.891708406e+06 +1.892028596e+06 +1.892028596e+06
55 0 +1.643702010e+06 +1.644022200e+06 +1.644022200e+06
900 0 +1.550549027e+06 +1.550869217e+06 +1.550869217e+06
965 0 +1.336721671e+06 +1.337041861e+06 +1.337041861e+06
1042 0 +4.564210800e+05 +4.567412700e+05 +4.567412700e+05
1054 0 +2.624324033e+05 +2.627525933e+05 +2.627525933e+05
1062 0 +2.054972400e+05 +2.058174300e+05 +2.058174300e+05
6519 0 +1.104748595e+05 +1.107950495e+05 +1.107950495e+05
6536 0 +7.163210374e+04 +7.195229374e+04 +7.195229374e+04
6537 0 +4.893862670e+04 +4.925881670e+04 +4.925881670e+04
6554 0 +4.309410681e+04 +4.341429681e+04 +4.341429681e+04
6556 0 +3.803356376e+04 +3.835375376e+04 +3.835375376e+04
6638 0 +3.513558709e+04 +3.545577709e+04 +3.545577709e+04
6641 0 +4.503750523e+03 +4.823940523e+03 +4.823940523e+03
6682 0 +4.314155726e+03 +4.634345726e+03 +4.634345726e+03
6720 0 +3.654988714e+03 +3.975178714e+03 +3.975178714e+03
6721 0 +6.731371780e+01 +3.875037178e+02 +3.875037178e+02
6758 0 +5.599255069e+01 +3.761825507e+02 +3.761825507e+02
6797 0 +4.769719074e+01 +3.678871907e+02 +3.678871907e+02
6799 0 +2.476508805e+01 +3.449550881e+02 +3.449550881e+02
6842 0 +1.897591931e+01 +3.391659193e+02 +3.391659193e+02
6879 0 +1.575639971e+01 +3.359463997e+02 +3.359463997e+02
6881 0 +8.721838014e-02 +3.202772184e+02 +3.202772184e+02
6915 0 +4.895577686e-02 +3.202389558e+02 +3.202389558e+02
7000 0 +1.312525781e-02 +3.202031253e+02 +3.202031253e+02
7038 0 +1.095500395e-02 +3.202009550e+02 +3.202009550e+02
7079 0 +8.482164779e-03 +3.201984822e+02 +3.201984822e+02
7082 0 +9.951063305e-04 +3.201909951e+02 +3.201909951e+02
7161 0 +2.219513988e-05 +3.201900222e+02 +3.201900222e+02
7199 0 +1.140032185e-05 +3.201900114e+02 +3.201900114e+02
7238 0 +8.801630429e-06 +3.201900088e+02 +3.201900088e+02
7240 0 +1.497896051e-06 +3.201900015e+02 +3.201900015e+02
7319 0 +7.653823104e-07 +3.201900008e+02 +3.201900008e+02
7362 0 +1.738766287e-08 +3.201900000e+02 +3.201900000e+02
7395 0 +1.511313030e-08 +3.201900000e+02 +3.201900000e+02
7437 0 +1.353407697e-08 +3.201900000e+02 +3.201900000e+02
7440 0 +6.647837836e-09 +3.201900000e+02 +3.201900000e+02
7699 0 +2.273736754e-13 +3.201900000e+02 +3.201900000e+02
100000 0 +5.684341886e-14 +3.201900000e+02 +3.201900000e+02
% f evaluations | g evaluations | best noise-free fitness - Fopt (-1.042400000000e+02) + sum g_i+ | measured fitness | best measured fitness or single-digit g-values | x1 | x2...
1 0 +1.113766513e+07 +1.113756089e+07 +1.113756089e+07
2 0 +9.247357793e+06 +9.247253553e+06 +9.247253553e+06
11 0 +8.964601977e+06 +8.964497737e+06 +8.964497737e+06
12 0 +4.489935739e+06 +4.489831499e+06 +4.489831499e+06
662 0 +4.464814287e+06 +4.464710047e+06 +4.464710047e+06
857 0 +4.371595049e+06 +4.371490809e+06 +4.371490809e+06
987 0 +3.883954638e+06 +3.883850398e+06 +3.883850398e+06
1117 0 +3.437699853e+06 +3.437595613e+06 +3.437595613e+06
1169 0 +2.547185378e+06 +2.547081138e+06 +2.547081138e+06
1173 0 +1.946181303e+06 +1.946077063e+06 +1.946077063e+06
1176 0 +1.602387125e+06 +1.602282885e+06 +1.602282885e+06
1183 0 +1.382390619e+06 +1.382286379e+06 +1.382286379e+06
2472 0 +9.006966792e+05 +9.005924392e+05 +9.005924392e+05
2482 0 +7.706815003e+05 +7.705772603e+05 +7.705772603e+05
2487 0 +6.460989191e+05 +6.459946791e+05 +6.459946791e+05
2493 0 +6.064828849e+05 +6.063786449e+05 +6.063786449e+05
2534 0 +5.602777820e+05 +5.601735420e+05 +5.601735420e+05
3509 0 +4.818028160e+05 +4.816985760e+05 +4.816985760e+05
3587 0 +3.809192059e+05 +3.808149659e+05 +3.808149659e+05
3639 0 +2.627107854e+05 +2.626065454e+05 +2.626065454e+05
4939 0 +2.272378854e+05 +2.271336454e+05 +2.271336454e+05
6052 0 +2.170286811e+05 +2.169244411e+05 +2.169244411e+05
6179 0 +1.480826422e+05 +1.479784022e+05 +1.479784022e+05
6182 0 +1.400791883e+05 +1.399749483e+05 +1.399749483e+05
6518 0 +1.125652251e+05 +1.124609851e+05 +1.124609851e+05
6533 0 +1.012923918e+05 +1.011881518e+05 +1.011881518e+05
6536 0 +7.135285841e+04 +7.124861841e+04 +7.124861841e+04
6553 0 +6.710597378e+04 +6.700173378e+04 +6.700173378e+04
6556 0 +6.184703251e+04 +6.174279251e+04 +6.174279251e+04
6662 0 +6.954455805e+02 +5.912055805e+02 +5.912055805e+02
6698 0 +4.782132092e+02 +3.739732092e+02 +3.739732092e+02
6736 0 +4.398640034e+02 +3.356240034e+02 +3.356240034e+02
6737 0 +3.974939931e+02 +2.932539931e+02 +2.932539931e+02
6740 0 +2.075384084e+02 +1.032984084e+02 +1.032984084e+02
6778 0 +1.874119538e+02 +8.317195379e+01 +8.317195379e+01
6779 0 +3.871755371e+01 -6.552244629e+01 -6.552244629e+01
6858 0 +3.468158648e+01 -6.955841352e+01 -6.955841352e+01
6860 0 +2.710317268e+01 -7.713682732e+01 -7.713682732e+01
6861 0 +7.894174331e+00 -9.634582567e+01 -9.634582567e+01
6902 0 +2.021904135e+00 -1.022180959e+02 -1.022180959e+02
6939 0 +1.556693380e+00 -1.026833066e+02 -1.026833066e+02
6941 0 +6.028050650e-01 -1.036371949e+02 -1.036371949e+02
6982 0 +7.462930209e-02 -1.041653707e+02 -1.041653707e+02
7020 0 +5.277400271e-02 -1.041872260e+02 -1.041872260e+02
7059 0 +4.764046216e-02 -1.041923595e+02 -1.041923595e+02
7061 0 +3.973490590e-03 -1.042360265e+02 -1.042360265e+02
7100 0 +2.452484005e-03 -1.042375475e+02 -1.042375475e+02
7139 0 +2.228226971e-03 -1.042377718e+02 -1.042377718e+02
7142 0 +4.960576758e-04 -1.042395039e+02 -1.042395039e+02
7180 0 +3.413161596e-04 -1.042396587e+02 -1.042396587e+02
7181 0 +1.738591865e-04 -1.042398261e+02 -1.042398261e+02
7222 0 +7.995189947e-06 -1.042399920e+02 -1.042399920e+02
7254 0 +7.941673687e-06 -1.042399921e+02 -1.042399921e+02
7301 0 +1.492371709e-06 -1.042399985e+02 -1.042399985e+02
7339 0 +9.604198254e-07 -1.042399990e+02 -1.042399990e+02
7378 0 +8.852012456e-07 -1.042399991e+02 -1.042399991e+02
7381 0 +2.450502734e-08 -1.042400000e+02 -1.042400000e+02
7420 0 +4.089514505e-09 -1.042400000e+02 -1.042400000e+02
7762 0 +5.826450433e-13 -1.042400000e+02 -1.042400000e+02
12124 0 +0.000000000e+00 -1.042400000e+02 -1.042400000e+02
100000 0 +0.000000000e+00 -1.042400000e+02 -1.042400000e+02
% f evaluations | g evaluations | best noise-free fitness - Fopt (1.212800000000e+02) + sum g_i+ | measured fitness | best measured fitness or single-digit g-values | x1 | x2...
1 0 +3.512684803e+06 +3.512806083e+06 +3.512806083e+06
2 0 +2.098108512e+06 +2.098229792e+06 +2.098229792e+06
14 0 +1.929105778e+06 +1.929227058e+06 +1.929227058e+06
17 0 +1.489354565e+06 +1.489475845e+06 +1.489475845e+06
42 0 +6.552271551e+05 +6.553484351e+05 +6.553484351e+05
822 0 +5.402314743e+05 +5.403527543e+05 +5.403527543e+05
1052 0 +3.277348350e+05 +3.278561150e+05 +3.278561150e+05
2502 0 +2.819658921e+05 +2.820871721e+05 +2.820871721e+05
3395 0 +2.279893126e+05 +2.281105926e+05 +2.281105926e+05
3590 0 +1.573896837e+05 +1.575109637e+05 +1.575109637e+05
6369 0 +1.400150190e+05 +1.401362990e+05 +1.401362990e+05
6621 0 +2.453375409e+04 +2.465503409e+04 +2.465503409e+04
6662 0 +1.783316452e+04 +1.795444452e+04 +1.795444452e+04
6695 0 +1.770055858e+04 +1.782183858e+04 +1.782183858e+04
6699 0 +1.400846923e+04 +1.412974923e+04 +1.412974923e+04
6701 0 +1.344243327e+02 +2.557043327e+02 +2.557043327e+02
6817 0 +1.171342268e+02 +2.384142268e+02 +2.384142268e+02
6822 0 +3.500361220e+01 +1.562836122e+02 +1.562836122e+02
6860 0 +2.578382356e+01 +1.470638236e+02 +1.470638236e+02
6861 0 +9.154900674e+00 +1.304349007e+02 +1.304349007e+02
6902 0 +1.181928489e+00 +1.224619285e+02 +1.224619285e+02
6938 0 +1.109105851e+00 +1.223891059e+02 +1.223891059e+02
6979 0 +9.504060681e-01 +1.222304061e+02 +1.222304061e+02
6982 0 +1.189646252e-02 +1.212918965e+02 +1.212918965e+02
7018 0 +5.461138894e-03 +1.212854611e+02 +1.212854611e+02
7060 0 +4.176189830e-03 +1.212841762e+02 +1.212841762e+02
7097 0 +3.529053585e-03 +1.212835291e+02 +1.212835291e+02
7099 0 +9.005188973e-04 +1.212809005e+02 +1.212809005e+02
7135 0 +8.907897628e-04 +1.212808908e+02 +1.212808908e+02
7181 0 +6.644699198e-06 +1.212800066e+02 +1.212800066e+02
7255 0 +5.968722832e-06 +1.212800060e+02 +1.212800060e+02
7257 0 +4.662832040e-06 +1.212800047e+02 +1.212800047e+02
7260 0 +3.540286215e-06 +1.212800035e+02 +1.212800035e+02
7299 0 +8.134883558e-07 +1.212800008e+02 +1.212800008e+02
7338 0 +6.678046418e-07 +1.212800007e+02 +1.212800007e+02
7382 0 +5.338634423e-08 +1.212800001e+02 +1.212800001e+02
7420 0 +2.367869456e-08 +1.212800000e+02 +1.212800000e+02
7458 0 +2.158390089e-08 +1.212800000e+02 +1.212800000e+02
7461 0 +1.183721565e-08 +1.212800000e+02 +1.212800000e+02
7499 0 +9.797901157e-09 +1.212800000e+02 +1.212800000e+02
7722 0 +8.100187188e-13 +1.212800000e+02 +1.212800000e+02
100000 0 +1.421085472e-14 +1.212800000e+02 +1.212800000e+02
% f evaluations | g evaluations | best noise-free fitness - Fopt (1.161000000000e+01) + sum g_i+ | measured fitness | best measured fitness or single-digit g-values | x1 | x2...
1 0 +1.551105429e+06 +1.551117039e+06 +1.551117039e+06
5 0 +7.687583541e+05 +7.687699641e+05 +7.687699641e+05
20 0 +6.651826092e+05 +6.651942192e+05 +6.651942192e+05
915 0 +5.695303377e+05 +5.695419477e+05 +5.695419477e+05
917 0 +4.704296994e+05 +4.704413094e+05 +4.704413094e+05
941 0 +4.367213765e+05 +4.367329865e+05 +4.367329865e+05
960 0 +3.933796733e+05 +3.933912833e+05 +3.933912833e+05
972 0 +3.125472115e+05 +3.125588215e+05 +3.125588215e+05
1096 0 +1.782770337e+05 +1.782886437e+05 +1.782886437e+05
4812 0 +1.502737027e+05 +1.502853127e+05 +1.502853127e+05
4824 0 +1.336925968e+05 +1.337042068e+05 +1.337042068e+05
4832 0 +1.203674772e+05 +1.203790872e+05 +1.203790872e+05
4867 0 +1.007523937e+05 +1.007640037e+05 +1.007640037e+05
6112 0 +7.783301717e+04 +7.784462717e+04 +7.784462717e+04
6124 0 +6.407441203e+04 +6.408602203e+04 +6.408602203e+04
6132 0 +5.840916676e+04 +5.842077676e+04 +5.842077676e+04
6152 0 +4.380002216e+04 +4.381163216e+04 +4.381163216e+04
6161 0 +3.599902266e+04 +3.601063266e+04 +3.601063266e+04
6167 0 +3.536594284e+04 +3.537755284e+04 +3.537755284e+04
6661 0 +4.777552966e+03 +4.789162966e+03 +4.789162966e+03
6702 0 +3.752977656e+03 +3.764587656e+03 +3.764587656e+03
6741 0 +2.821074754e+02 +2.937174754e+02 +2.937174754e+02
6775 0 +2.798550408e+02 +2.914650408e+02 +2.914650408e+02
6779 0 +7.795482603e+01 +8.956482603e+01 +8.956482603e+01
6817 0 +7.076556269e+01 +8.237556269e+01 +8.237556269e+01
6822 0 +4.222396538e+01 +5.383396538e+01 +5.383396538e+01
6861 0 +2.825708873e+00 +1.443570887e+01 +1.443570887e+01
6893 0 +2.817627197e+00 +1.442762720e+01 +1.442762720e+01
6898 0 +1.922180142e+00 +1.353218014e+01 +1.353218014e+01
6940 0 +1.369943138e+00 +1.297994314e+01 +1.297994314e+01
6942 0 +5.913218470e-01 +1.220132185e+01 +1.220132185e+01
6981 0 +5.989672933e-02 +1.166989673e+01 +1.166989673e+01
7019 0 +4.404051688e-02 +1.165404052e+01 +1.165404052e+01
7060 0 +3.693585318e-02 +1.164693585e+01 +1.164693585e+01
7062 0 +3.320948058e-03 +1.161332095e+01 +1.161332095e+01
7099 0 +2.865844069e-03 +1.161286584e+01 +1.161286584e+01
7137 0 +2.683818871e-03 +1.161268382e+01 +1.161268382e+01
7140 0 +2.077214810e-03 +1.161207721e+01 +1.161207721e+01
7141 0 +3.291996607e-04 +1.161032920e+01 +1.161032920e+01
7182 0 +1.881026306e-04 +1.161018810e+01 +1.161018810e+01
7219 0 +1.694748669e-04 +1.161016947e+01 +1.161016947e+01
7221 0 +9.154879006e-06 +1.161000915e+01 +1.161000915e+01
7255 0 +8.837113763e-06 +1.161000884e+01 +1.161000884e+01
7260 0 +7.140879839e-06 +1.161000714e+01 +1.161000714e+01
7299 0 +4.725815984e-06 +1.161000473e+01 +1.161000473e+01
7302 0 +2.508167816e-06 +1.161000251e+01 +1.161000251e+01
7341 0 +2.097449059e-07 +1.161000021e+01 +1.161000021e+01
7377 0 +1.798728988e-07 +1.161000018e+01 +1.161000018e+01
7380 0 +1.648533861e-07 +1.161000016e+01 +1.161000016e+01
7419 0 +1.263798755e-07 +1.161000013e+01 +1.161000013e+01
7422 0 +1.313849651e-08 +1.161000001e+01 +1.161000001e+01
7458 0 +1.182953824e-08 +1.161000001e+01 +1.161000001e+01
7501 0 +1.988933462e-10 +1.161000000e+01 +1.161000000e+01
7759 0 +7.709388683e-13 +1.161000000e+01 +1.161000000e+01
59740 0 +0.000000000e+00 +1.161000000e+01 +1.161000000e+01
100000 0 +0.000000000e+00 +1.161000000e+01 +1.161000000e+01
% f evaluations | g evaluations | best noise-free fitness - Fopt (3.356700000000e+02) + sum g_i+ | measured fitness | best measured fitness or single-digit g-values | x1 | x2...
1 0 +6.007889203e+06 +6.008224873e+06 +6.008224873e+06
4 0 +4.270275650e+06 +4.270611320e+06 +4.270611320e+06
7 0 +3.794041000e+06 +3.794376670e+06 +3.794376670e+06
15 0 +1.680688917e+06 +1.681024587e+06 +1.681024587e+06
49 0 +1.104809811e+06 +1.105145481e+06 +1.105145481e+06
829 0 +9.261513555e+05 +9.264870255e+05 +9.264870255e+05
1237 0 +2.232246616e+05 +2.235603316e+05 +2.235603316e+05
1244 0 +1.701294670e+05 +1.704651370e+05 +1.704651370e+05
2539 0 +2.874926799e+04 +2.908493799e+04 +2.908493799e+04
2545 0 +2.683219678e+04 +2.716786678e+04 +2.716786678e+04
3384 0 +2.490519687e+04 +2.524086687e+04 +2.524086687e+04
5215 0 +1.708895797e+04 +1.742462797e+04 +1.742462797e+04
6060 0 +1.438407971e+04 +1.471974971e+04 +1.471974971e+04
6700 0 +1.383057609e+04 +1.416624609e+04 +1.416624609e+04
6702 0 +2.517372067e+02 +5.874072067e+02 +5.874072067e+02
6738 0 +1.036276650e+02 +4.392976650e+02 +4.392976650e+02
6821 0 +4.382086012e+01 +3.794908601e+02 +3.794908601e+02
6859 0 +3.847900183e+01 +3.741490018e+02 +3.741490018e+02
6862 0 +4.637165149e+00 +3.403071651e+02 +3.403071651e+02
6897 0 +3.784150182e+00 +3.394541502e+02 +3.394541502e+02
6900 0 +3.461223927e+00 +3.391312239e+02 +3.391312239e+02
6939 0 +2.823103330e+00 +3.384931033e+02 +3.384931033e+02
6941 0 +5.171948601e-02 +3.357217195e+02 +3.357217195e+02
7060 0 +4.267956541e-02 +3.357126796e+02 +3.357126796e+02
7062 0 +6.696575676e-04 +3.356706697e+02 +3.356706697e+02
7137 0 +6.111080177e-04 +3.356706111e+02 +3.356706111e+02
7179 0 +4.594724433e-04 +3.356704595e+02 +3.356704595e+02
7181 0 +8.673331138e-05 +3.356700867e+02 +3.356700867e+02
7222 0 +5.088541326e-05 +3.356700509e+02 +3.356700509e+02
7260 0 +4.262384101e-05 +3.356700426e+02 +3.356700426e+02
7261 0 +2.442239975e-06 +3.356700024e+02 +3.356700024e+02
7298 0 +2.048485840e-06 +3.356700020e+02 +3.356700020e+02
7339 0 +1.471095061e-06 +3.356700015e+02 +3.356700015e+02
7342 0 +6.614847052e-07 +3.356700007e+02 +3.356700007e+02
7381 0 +5.545319937e-08 +3.356700001e+02 +3.356700001e+02
7420 0 +4.642964768e-08 +3.356700000e+02 +3.356700000e+02
7459 0 +3.747703659e-08 +3.356700000e+02 +3.356700000e+02
7462 0 +4.378705398e-09 +3.356700000e+02 +3.356700000e+02
7657 0 +2.273736754e-13 +3.356700000e+02 +3.356700000e+02
100000 0 +5.684341886e-14 +3.356700000e+02 +3.356700000e+02
% f evaluations | g evaluations | best noise-free fitness - Fopt (-1.032000000000e+01) + sum g_i+ | measured fitness | best measured fitness or single-digit g-values | x1 | x2...
1 0 +1.061934333e+07 +1.061933301e+07 +1.061933301e+07
4 0 +8.985475316e+06 +8.985464996e+06 +8.985464996e+06
5 0 +8.178682432e+06 +8.178672112e+06 +8.178672112e+06
7 0 +6.404152553e+06 +6.404142233e+06 +6.404142233e+06
20 0 +5.762772007e+06 +5.762761687e+06 +5.762761687e+06
49 0 +4.920620433e+06 +4.920610113e+06 +4.920610113e+06
829 0 +4.846215583e+06 +4.846205263e+06 +4.846205263e+06
1047 0 +4.641296247e+06 +4.641285927e+06 +4.641285927e+06
1055 0 +3.361136374e+06 +3.361126054e+06 +3.361126054e+06
1089 0 +2.464207208e+06 +2.464196888e+06 +2.464196888e+06
1240 0 +2.244083993e+06 +2.244073673e+06 +2.244073673e+06
1257 0 +2.109893458e+06 +2.109883138e+06 +2.109883138e+06
1259 0 +2.047489671e+06 +2.047479351e+06 +2.047479351e+06
1260 0 +1.977551407e+06 +1.977541087e+06 +1.977541087e+06
1266 0 +1.689808491e+06 +1.689798171e+06 +1.689798171e+06
1290 0 +1.233719085e+06 +1.233708765e+06 +1.233708765e+06
2538 0 +1.106576714e+06 +1.106566394e+06 +1.106566394e+06
2539 0 +4.512402885e+05 +4.512299685e+05 +4.512299685e+05
2540 0 +4.294039473e+05 +4.293936273e+05 +4.293936273e+05
2542 0 +1.052233309e+05 +1.052130109e+05 +1.052130109e+05
3899 0 +6.864624514e+04 +6.863592514e+04 +6.863592514e+04
5186 0 +3.573050106e+04 +3.572018106e+04 +3.572018106e+04
6620 0 +3.092683838e+04 +3.091651838e+04 +3.091651838e+04
6622 0 +7.364548799e+03 +7.354228799e+03 +7.354228799e+03
6661 0 +2.240739499e+03 +2.230419499e+03 +2.230419499e+03
6697 0 +2.075436380e+03 +2.065116380e+03 +2.065116380e+03
6702 0 +6.887527937e+02 +6.784327937e+02 +6.784327937e+02
6739 0 +5.139762522e+02 +5.036562522e+02 +5.036562522e+02
6741 0 +8.223536769e+01 +7.191536769e+01 +7.191536769e+01
6782 0 +4.250551341e+01 +3.218551341e+01 +3.218551341e+01
6820 0 +3.910719170e+01 +2.878719170e+01 +2.878719170e+01
6821 0 +5.229515707e+00 -5.090484293e+00 -5.090484293e+00
6857 0 +4.823980289e+00 -5.496019711e+00 -5.496019711e+00
6859 0 +2.300718812e+00 -8.019281188e+00 -8.019281188e+00
6902 0 +2.753944993e-01 -1.004460550e+01 -1.004460550e+01
6980 0 +2.246325054e-01 -1.009536749e+01 -1.009536749e+01
6981 0 +4.941934641e-03 -1.031505807e+01 -1.031505807e+01
7017 0 +3.069158303e-03 -1.031693084e+01 -1.031693084e+01
7059 0 +4.071743600e-04 -1.031959283e+01 -1.031959283e+01
7097 0 +2.797956780e-04 -1.031972020e+01 -1.031972020e+01
7180 0 +2.461550423e-04 -1.031975384e+01 -1.031975384e+01
7182 0 +5.780826850e-06 -1.031999422e+01 -1.031999422e+01
7215 0 +5.530694681e-06 -1.031999447e+01 -1.031999447e+01
7217 0 +3.773794486e-06 -1.031999623e+01 -1.031999623e+01
7256 0 +3.528074982e-06 -1.031999647e+01 -1.031999647e+01
7260 0 +2.505848897e-07 -1.031999975e+01 -1.031999975e+01
7298 0 +1.957614870e-07 -1.031999980e+01 -1.031999980e+01
7337 0 +1.705525019e-07 -1.031999983e+01 -1.031999983e+01
7381 0 +7.355074771e-09 -1.031999999e+01 -1.031999999e+01
7702 0 +2.060573934e-13 -1.032000000e+01 -1.032000000e+01
9883 0 +0.000000000e+00 -1.032000000e+01 -1.032000000e+01
100000 0 +0.000000000e+00 -1.032000000e+01 -1.032000000e+01
% f evaluations | g evaluations | best noise-free fitness - Fopt (-2.954000000000e+01) + sum g_i+ | measured fitness | best measured fitness or single-digit g-values | x1 | x2...
1 0 +4.737795782e+06 +4.737766242e+06 +4.737766242e+06
2 0 +3.337816606e+06 +3.337787066e+06 +3.337787066e+06
11 0 +3.097780237e+06 +3.097750697e+06 +3.097750697e+06
12 0 +1.461932299e+06 +1.461902759e+06 +1.461902759e+06
922 0 +1.076960362e+06 +1.076930822e+06 +1.076930822e+06
1169 0 +9.093347706e+05 +9.093052306e+05 +9.093052306e+05
2274 0 +7.033641313e+05 +7.033345913e+05 +7.033345913e+05
2475 0 +4.586176287e+05 +4.585880887e+05 +4.585880887e+05
2501 0 +4.314697959e+05 +4.314402559e+05 +4.314402559e+05
3515 0 +2.115560424e+05 +2.115265024e+05 +2.115265024e+05
3541 0 +1.546113570e+05 +1.545818170e+05 +1.545818170e+05
4815 0 +1.405193388e+05 +1.404897988e+05 +1.404897988e+05
4830 0 +1.148325434e+05 +1.148030034e+05 +1.148030034e+05
4841 0 +9.393935551e+04 +9.390981551e+04 +9.390981551e+04
4872 0 +8.810637384e+04 +8.807683384e+04 +8.807683384e+04
6114 0 +6.459005018e+04 +6.456051018e+04 +6.456051018e+04
6145 0 +6.213667177e+04 +6.210713177e+04 +6.210713177e+04
6163 0 +5.099649514e+04 +5.096695514e+04 +5.096695514e+04
6166 0 +4.694885223e+04 +4.691931223e+04 +4.691931223e+04
6642 0 +1.096774083e+03 +1.067234083e+03 +1.067234083e+03
6760 0 +8.556967644e+02 +8.261567644e+02 +8.261567644e+02
6761 0 +1.602173474e+01 -1.351826526e+01 -1.351826526e+01
6837 0 +1.466041382e+01 -1.487958618e+01 -1.487958618e+01
6879 0 +1.344703260e+01 -1.609296740e+01 -1.609296740e+01
6882 0 +6.759395652e-01 -2.886406043e+01 -2.886406043e+01
6918 0 +4.997233923e-01 -2.904027661e+01 -2.904027661e+01
6920 0 +3.920004505e-01 -2.914799955e+01 -2.914799955e+01
6959 0 +2.443680671e-01 -2.929563193e+01 -2.929563193e+01
7001 0 +4.828591066e-03 -2.953517141e+01 -2.953517141e+01
7036 0 +4.287039205e-03 -2.953571296e+01 -2.953571296e+01
7040 0 +2.728872614e-03 -2.953727113e+01 -2.953727113e+01
7079 0 +2.217738754e-04 -2.953977823e+01 -2.953977823e+01
7118 0 +8.760161696e-05 -2.953991240e+01 -2.953991240e+01
7200 0 +3.647049018e-05 -2.953996353e+01 -2.953996353e+01
7238 0 +3.542706964e-05 -2.953996457e+01 -2.953996457e+01
7241 0 +3.550803562e-06 -2.953999645e+01 -2.953999645e+01
7271 0 +3.544182356e-06 -2.953999646e+01 -2.953999646e+01
7319 0 +2.581129927e-06 -2.953999742e+01 -2.953999742e+01
7322 0 +2.184025760e-07 -2.953999978e+01 -2.953999978e+01
7357 0 +1.830626566e-07 -2.953999982e+01 -2.953999982e+01
7401 0 +1.179758158e-08 -2.953999999e+01 -2.953999999e+01
7438 0 +1.107472158e-08 -2.953999999e+01 -2.953999999e+01
7439 0 +1.508901448e-09 -2.954000000e+01 -2.954000000e+01
7722 0 +4.369837825e-13 -2.954000000e+01 -2.954000000e+01
18367 0 +0.000000000e+00 -2.954000000e+01 -2.954000000e+01
100000 0 +0.000000000e+00 -2.954000000e+01 -2.954000000e+01
% f evaluations | g evaluations | best noise-free fitness - Fopt (5.625000000000e+01) + sum g_i+ | measured fitness | best measured fitness or single-digit g-values | x1 | x2...
1 0 +1.185864400e+07 +1.185870025e+07 +1.185870025e+07
2 0 +8.756193277e+06 +8.756249527e+06 +8.756249527e+06
12 0 +6.101961064e+06 +6.102017314e+06 +6.102017314e+06
64 0 +4.204227670e+06 +4.204283920e+06 +4.204283920e+06
909 0 +4.055338391e+06 +4.055394641e+06 +4.055394641e+06
1172 0 +2.636591267e+05 +2.637153767e+05 +2.637153767e+05
1184 0 +1.304970843e+05 +1.305533343e+05 +1.305533343e+05
3775 0 +8.647613505e+04 +8.653238505e+04 +8.653238505e+04
3815 0 +7.321983444e+04 +7.327608444e+04 +7.327608444e+04
4815 0 +3.960727297e+04 +3.966352297e+04 +3.966352297e+04
4841 0 +2.318204278e+04 +2.323829278e+04 +2.323829278e+04
4872 0 +1.708735669e+04 +1.714360669e+04 +1.714360669e+04
6293 0 +1.544790489e+04 +1.550415489e+04 +1.550415489e+04
6296 0 +1.090361214e+04 +1.095986214e+04 +1.095986214e+04
6642 0 +4.779297965e+03 +4.835547965e+03 +4.835547965e+03
6681 0 +3.018278553e+03 +3.074528553e+03 +3.074528553e+03
6722 0 +1.878760729e+02 +2.441260729e+02 +2.441260729e+02
6760 0 +1.594641877e+02 +2.157141877e+02 +2.157141877e+02
6798 0 +1.478837554e+02 +2.041337554e+02 +2.041337554e+02
6799 0 +1.078614093e+02 +1.641114093e+02 +1.641114093e+02
6801 0 +3.205630558e+01 +8.830630558e+01 +8.830630558e+01
6842 0 +7.470205503e+00 +6.372020550e+01 +6.372020550e+01
6881 0 +2.754555114e+00 +5.900455511e+01 +5.900455511e+01
6919 0 +1.964051291e+00 +5.821405129e+01 +5.821405129e+01
6922 0 +3.326947491e-01 +5.658269475e+01 +5.658269475e+01
6961 0 +2.183805469e-01 +5.646838055e+01 +5.646838055e+01
7002 0 +6.808386607e-03 +5.625680839e+01 +5.625680839e+01
7080 0 +4.908685288e-03 +5.625490869e+01 +5.625490869e+01
7081 0 +3.274824981e-03 +5.625327482e+01 +5.625327482e+01
7122 0 +2.773716000e-04 +5.625027737e+01 +5.625027737e+01
7159 0 +1.040211586e-04 +5.625010402e+01 +5.625010402e+01
7198 0 +9.464844753e-05 +5.625009465e+01 +5.625009465e+01
7201 0 +2.891127064e-05 +5.625002891e+01 +5.625002891e+01
7242 0 +8.265366183e-06 +5.625000827e+01 +5.625000827e+01
7280 0 +6.480292932e-06 +5.625000648e+01 +5.625000648e+01
7281 0 +1.801883094e-06 +5.625000180e+01 +5.625000180e+01
7317 0 +1.662410313e-06 +5.625000166e+01 +5.625000166e+01
7322 0 +6.918827182e-07 +5.625000069e+01 +5.625000069e+01
7359 0 +6.114704831e-07 +5.625000061e+01 +5.625000061e+01
7361 0 +7.032539173e-08 +5.625000007e+01 +5.625000007e+01
7400 0 +5.572356088e-08 +5.625000006e+01 +5.625000006e+01
7439 0 +4.880884319e-08 +5.625000005e+01 +5.625000005e+01
7442 0 +1.670017014e-09 +5.625000000e+01 +5.625000000e+01
7741 0 +2.060573934e-13 +5.625000000e+01 +5.625000000e+01
18387 0 +0.000000000e+00 +5.625000000e+01 +5.625000000e+01
100000 0 +0.000000000e+00 +5.625000000e+01 +5.625000000e+01
% f evaluations | g evaluations | best noise-free fitness - Fopt (4.153000000000e+01) + sum g_i+ | measured fitness | best measured fitness or single-digit g-values | x1 | x2...
1 0 +6.691228989e+06 +6.691270519e+06 +6.691270519e+06
4 0 +4.647741298e+06 +4.647782828e+06 +4.647782828e+06
7 0 +4.568229517e+06 +4.568271047e+06 +4.568271047e+06
15 0 +2.010982899e+06 +2.011024429e+06 +2.011024429e+06
49 0 +1.439126633e+06 +1.439168163e+06 +1.439168163e+06
829 0 +1.365263167e+06 +1.365304697e+06 +1.365304697e+06
1237 0 +3.075472842e+05 +3.075888142e+05 +3.075888142e+05
1238 0 +1.637230430e+05 +1.637645730e+05 +1.637645730e+05
1243 0 +9.805309983e+04 +9.809462983e+04 +9.809462983e+04
3725 0 +5.217394599e+04 +5.221547599e+04 +5.221547599e+04
6601 0 +3.858634144e+04 +3.862787144e+04 +3.862787144e+04
6642 0 +4.074442975e+03 +4.115972975e+03 +4.115972975e+03
6677 0 +3.794678417e+03 +3.836208417e+03 +3.836208417e+03
6722 0 +6.431285341e+01 +1.058428534e+02 +1.058428534e+02
6753 0 +6.194480867e+01 +1.034748087e+02 +1.034748087e+02
6757 0 +3.871147289e+01 +8.024147289e+01 +8.024147289e+01
6800 0 +7.877275029e+00 +4.940727503e+01 +4.940727503e+01
6837 0 +5.163007256e+00 +4.669300726e+01 +4.669300726e+01
6879 0 +3.050865816e+00 +4.458086582e+01 +4.458086582e+01
6922 0 +1.450321340e-01 +4.167503213e+01 +4.167503213e+01
6958 0 +1.228149459e-01 +4.165281495e+01 +4.165281495e+01
6960 0 +9.355548479e-02 +4.162355548e+01 +4.162355548e+01
6999 0 +4.896716473e-02 +4.157896716e+01 +4.157896716e+01
7041 0 +2.317738024e-03 +4.153231774e+01 +4.153231774e+01
7120 0 +1.813561082e-03 +4.153181356e+01 +4.153181356e+01
7122 0 +4.884199225e-04 +4.153048842e+01 +4.153048842e+01
7161 0 +1.609011841e-04 +4.153016090e+01 +4.153016090e+01
7197 0 +1.485567343e-04 +4.153014856e+01 +4.153014856e+01
7200 0 +9.535658865e-05 +4.153009536e+01 +4.153009536e+01
7202 0 +2.713730279e-05 +4.153002714e+01 +4.153002714e+01
7241 0 +3.867263921e-06 +4.153000387e+01 +4.153000387e+01
7321 0 +1.587563503e-08 +4.153000002e+01 +4.153000002e+01
7350 0 +1.581913267e-08 +4.153000002e+01 +4.153000002e+01
7396 0 +1.335789079e-08 +4.153000001e+01 +4.153000001e+01
7438 0 +1.114876369e-08 +4.153000001e+01 +4.153000001e+01
7439 0 +3.675062032e-09 +4.153000000e+01 +4.153000000e+01
7721 0 +4.973799150e-14 +4.153000000e+01 +4.153000000e+01
9903 0 +0.000000000e+00 +4.153000000e+01 +4.153000000e+01
100000 0 +0.000000000e+00 +4.153000000e+01 +4.153000000e+01
% f evaluations | g evaluations | best noise-free fitness - Fopt (-1.907000000000e+01) + sum g_i+ | measured fitness | best measured fitness or single-digit g-values | x1 | x2...
1 0 +1.400515549e+06 +1.400496479e+06 +1.400496479e+06
2 0 +9.605341647e+05 +9.605150947e+05 +9.605150947e+05
14 0 +8.496580213e+05 +8.496389513e+05 +8.496389513e+05
17 0 +5.989169790e+05 +5.988979090e+05 +5.988979090e+05
42 0 +2.387881638e+05 +2.387690938e+05 +2.387690938e+05
1017 0 +2.060012925e+05 +2.059822225e+05 +2.059822225e+05
3664 0 +1.624627125e+05 +1.624436425e+05 +1.624436425e+05
3684 0 +1.527368375e+05 +1.527177675e+05 +1.527177675e+05
4879 0 +1.166287933e+05 +1.166097233e+05 +1.166097233e+05
4880 0 +1.023620457e+05 +1.023429757e+05 +1.023429757e+05
4882 0 +9.383746440e+04 +9.381839440e+04 +9.381839440e+04
4893 0 +7.551627772e+04 +7.549720772e+04 +7.549720772e+04
4894 0 +6.873967715e+04 +6.872060715e+04 +6.872060715e+04
4899 0 +4.647056074e+04 +4.645149074e+04 +4.645149074e+04
4919 0 +3.710066337e+04 +3.708159337e+04 +3.708159337e+04
6089 0 +2.741013912e+04 +2.739106912e+04 +2.739106912e+04
6619 0 +1.279998835e+04 +1.278091835e+04 +1.278091835e+04
6658 0 +1.217551511e+04 +1.215644511e+04 +1.215644511e+04
6660 0 +5.077339164e+03 +5.058269164e+03 +5.058269164e+03
6696 0 +4.941201928e+03 +4.922131928e+03 +4.922131928e+03
6697 0 +4.384630970e+03 +4.365560970e+03 +4.365560970e+03
6740 0 +3.573771701e+03 +3.554701701e+03 +3.554701701e+03
6742 0 +2.641704478e+01 +7.347044778e+00 +7.347044778e+00
6775 0 +2.412932983e+01 +5.059329834e+00 +5.059329834e+00
6778 0 +8.534294894e+00 -1.053570511e+01 -1.053570511e+01
6816 0 +7.159101116e+00 -1.191089888e+01 -1.191089888e+01
6817 0 +3.838540085e+00 -1.523145992e+01 -1.523145992e+01
6858 0 +2.569732898e+00 -1.650026710e+01 -1.650026710e+01
6895 0 +2.453340033e+00 -1.661665997e+01 -1.661665997e+01
6899 0 +1.131141549e+00 -1.793885845e+01 -1.793885845e+01
6938 0 +1.020078921e+00 -1.804992108e+01 -1.804992108e+01
6940 0 +8.371426283e-01 -1.823285737e+01 -1.823285737e+01
6979 0 +7.288131231e-01 -1.834118688e+01 -1.834118688e+01
6982 0 +2.916879669e-02 -1.904083120e+01 -1.904083120e+01
7016 0 +2.671533132e-02 -1.904328467e+01 -1.904328467e+01
7017 0 +1.941443793e-02 -1.905058556e+01 -1.905058556e+01
7060 0 +1.066602709e-02 -1.905933397e+01 -1.905933397e+01
7101 0 +1.021209853e-03 -1.906897879e+01 -1.906897879e+01
7177 0 +9.676961900e-04 -1.906903230e+01 -1.906903230e+01
7179 0 +8.262620093e-04 -1.906917374e+01 -1.906917374e+01
7182 0 +5.203476327e-06 -1.906999480e+01 -1.906999480e+01
7255 0 +4.717966128e-06 -1.906999528e+01 -1.906999528e+01
7260 0 +2.307048906e-06 -1.906999769e+01 -1.906999769e+01
7299 0 +2.595731239e-07 -1.906999974e+01 -1.906999974e+01
7337 0 +9.740717033e-08 -1.906999990e+01 -1.906999990e+01
7375 0 +8.779137772e-08 -1.906999991e+01 -1.906999991e+01
7380 0 +2.487398376e-08 -1.906999998e+01 -1.906999998e+01
7419 0 +8.131575413e-09 -1.906999999e+01 -1.906999999e+01
7741 0 +5.364597655e-13 -1.907000000e+01 -1.907000000e+01
14225 0 +0.000000000e+00 -1.907000000e+01 -1.907000000e+01
100000 0 +0.000000000e+00 -1.907000000e+01 -1.907000000e+01
% f evaluations | g evaluations | best noise-free fitness - Fopt (-9.299000000000e+01) + sum g_i+ | measured fitness | best measured fitness or single-digit g-values | x1 | x2...
1 0 +1.609283963e+07 +1.609274664e+07 +1.609274664e+07
2 0 +1.211150936e+07 +1.211141637e+07 +1.211141637e+07
11 0 +1.149963695e+07 +1.149954396e+07 +1.149954396e+07
12 0 +8.442100360e+06 +8.442007370e+06 +8.442007370e+06
1117 0 +6.972580595e+06 +6.972487605e+06 +6.972487605e+06
1169 0 +5.956983026e+06 +5.956890036e+06 +5.956890036e+06
1172 0 +2.472601882e+06 +2.472508892e+06 +2.472508892e+06
1173 0 +1.909880928e+06 +1.909787938e+06 +1.909787938e+06
1178 0 +1.871205935e+06 +1.871112945e+06 +1.871112945e+06
1182 0 +1.719359325e+06 +1.719266335e+06 +1.719266335e+06
1183 0 +1.499799371e+06 +1.499706381e+06 +1.499706381e+06
1196 0 +1.331110740e+06 +1.331017750e+06 +1.331017750e+06
2482 0 +5.420058295e+05 +5.419128395e+05 +5.419128395e+05
3772 0 +1.330524641e+05 +1.329594741e+05 +1.329594741e+05
3773 0 +4.980488165e+04 +4.971189165e+04 +4.971189165e+04
3778 0 +3.560202417e+04 +3.550903417e+04 +3.550903417e+04
3809 0 +2.618616341e+04 +2.609317341e+04 +2.609317341e+04
4654 0 +1.667089567e+04 +1.657790567e+04 +1.657790567e+04
6600 0 +1.230405694e+04 +1.221106694e+04 +1.221106694e+04
6638 0 +1.078370906e+04 +1.069071906e+04 +1.069071906e+04
6679 0 +7.849868377e+03 +7.756878377e+03 +7.756878377e+03
6681 0 +1.891133465e+03 +1.798143465e+03 +1.798143465e+03
6718 0 +1.749458850e+03 +1.656468850e+03 +1.656468850e+03
6722 0 +7.240849506e+02 +6.310949506e+02 +6.310949506e+02
6761 0 +9.325701189e+01 +2.670118893e-01 +2.670118893e-01
6800 0 +4.775824618e+01 -4.523175382e+01 -4.523175382e+01
6842 0 +1.017512043e+00 -9.197248796e+01 -9.197248796e+01
6875 0 +8.703175975e-01 -9.211968240e+01 -9.211968240e+01
6919 0 +5.670258058e-01 -9.242297419e+01 -9.242297419e+01
6960 0 +5.326873484e-01 -9.245731265e+01 -9.245731265e+01
6961 0 +1.001899074e-01 -9.288981009e+01 -9.288981009e+01
6999 0 +6.002762976e-02 -9.292997237e+01 -9.292997237e+01
7002 0 +5.044305543e-02 -9.293955694e+01 -9.293955694e+01
7041 0 +1.184241164e-03 -9.298881576e+01 -9.298881576e+01
7116 0 +1.112714905e-03 -9.298888729e+01 -9.298888729e+01
7120 0 +2.966889269e-04 -9.298970331e+01 -9.298970331e+01
7162 0 +2.486025657e-04 -9.298975140e+01 -9.298975140e+01
7201 0 +8.215662533e-06 -9.298999178e+01 -9.298999178e+01
7239 0 +1.716553754e-06 -9.298999828e+01 -9.298999828e+01
7277 0 +1.133888077e-06 -9.298999887e+01 -9.298999887e+01
7320 0 +5.187959573e-07 -9.298999948e+01 -9.298999948e+01
7362 0 +8.393362805e-08 -9.298999992e+01 -9.298999992e+01
7397 0 +7.499072296e-08 -9.298999993e+01 -9.298999993e+01
7399 0 +5.847556395e-08 -9.298999994e+01 -9.298999994e+01
7440 0 +5.220211108e-08 -9.298999995e+01 -9.298999995e+01
7441 0 +1.258570137e-09 -9.299000000e+01 -9.299000000e+01
7699 0 +4.973799150e-13 -9.299000000e+01 -9.299000000e+01
100000 0 +1.421085472e-14 -9.299000000e+01 -9.299000000e+01
% f evaluations | g evaluations | best noise-free fitness - Fopt (-1.656000000000e+02) + sum g_i+ | measured fitness | best measured fitness or single-digit g-values | x1 | x2...
1 0 +1.661331305e+06 +1.661165705e+06 +1.661165705e+06
2 0 +5.087807314e+05 +5.086151314e+05 +5.086151314e+05
11 0 +4.209168375e+05 +4.207512375e+05 +4.207512375e+05
12 0 +6.513224002e+04 +6.496664002e+04 +6.496664002e+04
857 0 +5.414721577e+04 +5.398161577e+04 +5.398161577e+04
2633 0 +4.025572026e+04 +4.009012026e+04 +4.009012026e+04
3023 0 +3.934623253e+04 +3.918063253e+04 +3.918063253e+04
3283 0 +3.468638533e+04 +3.452078533e+04 +3.452078533e+04
6347 0 +2.626833822e+04 +2.610273822e+04 +2.610273822e+04
6369 0 +2.248276249e+04 +2.231716249e+04 +2.231716249e+04
6662 0 +9.178078723e+03 +9.012478723e+03 +9.012478723e+03
6698 0 +8.465430611e+03 +8.299830611e+03 +8.299830611e+03
6701 0 +2.306977786e+03 +2.141377786e+03 +2.141377786e+03
6739 0 +1.689901267e+03 +1.524301267e+03 +1.524301267e+03
6742 0 +7.451571738e+02 +5.795571738e+02 +5.795571738e+02
6781 0 +8.349065203e+01 -8.210934797e+01 -8.210934797e+01
6820 0 +4.298679428e+01 -1.226132057e+02 -1.226132057e+02
6862 0 +2.886867397e+00 -1.627131326e+02 -1.627131326e+02
6898 0 +2.631535755e+00 -1.629684642e+02 -1.629684642e+02
6899 0 +2.411184561e+00 -1.631888154e+02 -1.631888154e+02
6940 0 +1.584065386e+00 -1.640159346e+02 -1.640159346e+02
6941 0 +5.357056787e-01 -1.650642943e+02 -1.650642943e+02
6982 0 +6.141628832e-02 -1.655385837e+02 -1.655385837e+02
7017 0 +5.258490238e-02 -1.655474151e+02 -1.655474151e+02
7061 0 +6.444035257e-04 -1.655993556e+02 -1.655993556e+02
7096 0 +6.282072566e-04 -1.655993718e+02 -1.655993718e+02
7098 0 +1.896033594e-04 -1.655998104e+02 -1.655998104e+02
7135 0 +1.594498047e-04 -1.655998406e+02 -1.655998406e+02
7173 0 +1.577216402e-04 -1.655998423e+02 -1.655998423e+02
7177 0 +1.395512645e-04 -1.655998604e+02 -1.655998604e+02
7179 0 +2.106884696e-05 -1.655999789e+02 -1.655999789e+02
7256 0 +1.979055122e-05 -1.655999802e+02 -1.655999802e+02
7257 0 +1.753604997e-05 -1.655999825e+02 -1.655999825e+02
7260 0 +9.817485733e-06 -1.655999902e+02 -1.655999902e+02
7302 0 +9.512619386e-07 -1.655999990e+02 -1.655999990e+02
7339 0 +4.062007406e-07 -1.655999996e+02 -1.655999996e+02
7378 0 +3.693256474e-07 -1.655999996e+02 -1.655999996e+02
7381 0 +1.505112266e-07 -1.655999998e+02 -1.655999998e+02
7420 0 +1.402200098e-07 -1.655999999e+02 -1.655999999e+02
7422 0 +1.864788146e-08 -1.656000000e+02 -1.656000000e+02
7459 0 +1.166316110e-08 -1.656000000e+02 -1.656000000e+02
7497 0 +1.102503688e-08 -1.656000000e+02 -1.656000000e+02
7501 0 +1.027700591e-09 -1.656000000e+02 -1.656000000e+02
7781 0 +1.136868377e-13 -1.656000000e+02 -1.656000000e+02
7942 0 +0.000000000e+00 -1.656000000e+02 -1.656000000e+02
100000 0 +0.000000000e+00 -1.656000000e+02 -1.656000000e+02
