% f evaluations | g evaluations | best noise-free fitness - Fopt (4.078000000000e+01) + sum g_i+ | measured fitness | best measured fitness or single-digit g-values | x1 | x2...
1 0 +8.021155843e+01 +1.209915584e+02 +1.209915584e+02
2 0 +7.927954322e+01 +1.200595432e+02 +1.200595432e+02
46 0 +7.042764769e+01 +1.112076477e+02 +1.112076477e+02
202 0 +5.535559369e+01 +9.613559369e+01 +9.613559369e+01
230 0 +4.982494618e+01 +9.060494618e+01 +9.060494618e+01
312 0 +4.228312506e+01 +8.306312506e+01 +8.306312506e+01
382 0 +3.853640981e+01 +7.931640981e+01 +7.931640981e+01
466 0 +3.345573219e+01 +7.423573219e+01 +7.423573219e+01
509 0 +3.088047139e+01 +7.166047139e+01 +7.166047139e+01
561 0 +2.756648131e+01 +6.834648131e+01 +6.834648131e+01
646 0 +2.432392803e+01 +6.510392803e+01 +6.510392803e+01
744 0 +2.365779667e+01 +6.443779667e+01 +6.443779667e+01
% f evaluations | g evaluations | best noise-free fitness - Fopt (-1.600000000000e+00) + sum g_i+ | measured fitness | best measured fitness or single-digit g-values | x1 | x2...
1 0 +7.948683589e+01 +7.788683589e+01 +7.788683589e+01
2 0 +7.722098381e+01 +7.562098381e+01 +7.562098381e+01
65 0 +7.048692283e+01 +6.888692283e+01 +6.888692283e+01
121 0 +6.168302945e+01 +6.008302945e+01 +6.008302945e+01
155 0 +5.609633256e+01 +5.449633256e+01 +5.449633256e+01
187 0 +4.723959764e+01 +4.563959764e+01 +4.563959764e+01
188 0 +3.783997959e+01 +3.623997959e+01 +3.623997959e+01
217 0 +2.241537108e+01 +2.081537108e+01 +2.081537108e+01
300 0 +2.051253684e+01 +1.891253684e+01 +1.891253684e+01
362 0 +1.789505363e+01 +1.629505363e+01 +1.629505363e+01
374 0 +1.771734159e+01 +1.611734159e+01 +1.611734159e+01
422 0 +1.505170374e+01 +1.345170374e+01 +1.345170374e+01
478 0 +1.147054155e+01 +9.870541554e+00 +9.870541554e+00
530 0 +1.021793717e+01 +8.617937174e+00 +8.617937174e+00
581 0 +9.808632097e+00 +8.208632097e+00 +8.208632097e+00
673 0 +8.842352289e+00 +7.242352289e+00 +7.242352289e+00
762 0 +8.729213236e+00 +7.129213236e+00 +7.129213236e+00
% f evaluations | g evaluations | best noise-free fitness - Fopt (-3.708400000000e+02) + sum g_i+ | measured fitness | best measured fitness or single-digit g-values | x1 | x2...
1 0 +7.714978743e+01 -2.936902126e+02 -2.936902126e+02
2 0 +7.392124735e+01 -2.969187527e+02 -2.969187527e+02
42 0 +6.776830335e+01 -3.030716967e+02 -3.030716967e+02
121 0 +6.081848179e+01 -3.100215182e+02 -3.100215182e+02
189 0 +5.585352659e+01 -3.149864734e+02 -3.149864734e+02
219 0 +4.990560214e+01 -3.209343979e+02 -3.209343979e+02
375 0 +4.303703062e+01 -3.278029694e+02 -3.278029694e+02
431 0 +3.938113990e+01 -3.314588601e+02 -3.314588601e+02
541 0 +3.362054400e+01 -3.372194560e+02 -3.372194560e+02
647 0 +3.064277073e+01 -3.401972293e+02 -3.401972293e+02
782 0 +2.796188038e+01 -3.428781196e+02 -3.428781196e+02
826 0 +2.734646911e+01 -3.434935309e+02 -3.434935309e+02
% f evaluations | g evaluations | best noise-free fitness - Fopt (-3.256000000000e+01) + sum g_i+ | measured fitness | best measured fitness or single-digit g-values | x1 | x2...
1 0 +8.070000981e+01 +4.814000981e+01 +4.814000981e+01
2 0 +7.980039987e+01 +4.724039987e+01 +4.724039987e+01
3 0 +7.679048864e+01 +4.423048864e+01 +4.423048864e+01
86 0 +7.005757645e+01 +3.749757645e+01 +3.749757645e+01
188 0 +5.972884797e+01 +2.716884797e+01 +2.716884797e+01
237 0 +5.414067972e+01 +2.158067972e+01 +2.158067972e+01
381 0 +4.796615842e+01 +1.540615842e+01 +1.540615842e+01
455 0 +4.395326601e+01 +1.139326601e+01 +1.139326601e+01
549 0 +3.921470508e+01 +6.654705078e+00 +6.654705078e+00
657 0 +3.547976555e+01 +2.919765550e+00 +2.919765550e+00
837 0 +3.157116413e+01 -9.888358707e-01 -9.888358707e-01
906 0 +3.113751296e+01 -1.422487041e+00 -1.422487041e+00
% f evaluations | g evaluations | best noise-free fitness - Fopt (5.154000000000e+02) + sum g_i+ | measured fitness | best measured fitness or single-digit g-values | x1 | x2...
1 0 +7.644921374e+01 +5.918492137e+02 +5.918492137e+02
4 0 +7.427468824e+01 +5.896746882e+02 +5.896746882e+02
44 0 +7.045454389e+01 +5.858545439e+02 +5.858545439e+02
82 0 +6.203374095e+01 +5.774337410e+02 +5.774337410e+02
127 0 +5.115217110e+01 +5.665521711e+02 +5.665521711e+02
154 0 +4.832693043e+01 +5.637269304e+02 +5.637269304e+02
178 0 +4.008360158e+01 +5.554836016e+02 +5.554836016e+02
211 0 +3.445634841e+01 +5.498563484e+02 +5.498563484e+02
236 0 +3.074844645e+01 +5.461484465e+02 +5.461484465e+02
301 0 +2.537701135e+01 +5.407770113e+02 +5.407770113e+02
360 0 +2.315798845e+01 +5.385579885e+02 +5.385579885e+02
420 0 +2.007868425e+01 +5.354786843e+02 +5.354786843e+02
439 0 +1.899783470e+01 +5.343978347e+02 +5.343978347e+02
476 0 +1.716630882e+01 +5.325663088e+02 +5.325663088e+02
629 0 +1.513883708e+01 +5.305388371e+02 +5.305388371e+02
712 0 +1.178364477e+01 +5.271836448e+02 +5.271836448e+02
776 0 +1.178364477e+01 +5.271836448e+02 +5.271836448e+02
% f evaluations | g evaluations | best noise-free fitness - Fopt (1.559800000000e+02) + sum g_i+ | measured fitness | best measured fitness or single-digit g-values | x1 | x2...
1 0 +8.144666338e+01 +2.374266634e+02 +2.374266634e+02
2 0 +7.941484917e+01 +2.353948492e+02 +2.353948492e+02
120 0 +6.913204381e+01 +2.251120438e+02 +2.251120438e+02
187 0 +6.251883256e+01 +2.184988326e+02 +2.184988326e+02
245 0 +5.298354946e+01 +2.089635495e+02 +2.089635495e+02
258 0 +4.999208639e+01 +2.059720864e+02 +2.059720864e+02
302 0 +4.072046474e+01 +1.967004647e+02 +1.967004647e+02
327 0 +3.909885792e+01 +1.950788579e+02 +1.950788579e+02
369 0 +3.535212654e+01 +1.913321265e+02 +1.913321265e+02
456 0 +3.071961316e+01 +1.866996132e+02 +1.866996132e+02
504 0 +2.749140827e+01 +1.834714083e+02 +1.834714083e+02
554 0 +2.467514097e+01 +1.806551410e+02 +1.806551410e+02
600 0 +2.232979245e+01 +1.783097924e+02 +1.783097924e+02
642 0 +1.974957011e+01 +1.757295701e+02 +1.757295701e+02
714 0 +1.767884147e+01 +1.736588415e+02 +1.736588415e+02
750 0 +1.493968775e+01 +1.709196877e+02 +1.709196877e+02
778 0 +1.386571615e+01 +1.698457161e+02 +1.698457161e+02
804 0 +1.244874414e+01 +1.684287441e+02 +1.684287441e+02
840 0 +1.109107229e+01 +1.670710723e+02 +1.670710723e+02
872 0 +9.973410656e+00 +1.659534107e+02 +1.659534107e+02
914 0 +9.235423240e+00 +1.652154232e+02 +1.652154232e+02
% f evaluations | g evaluations | best noise-free fitness - Fopt (-1.764600000000e+02) + sum g_i+ | measured fitness | best measured fitness or single-digit g-values | x1 | x2...
1 0 +7.942682289e+01 -9.703317711e+01 -9.703317711e+01
2 0 +7.749855373e+01 -9.896144627e+01 -9.896144627e+01
42 0 +7.030171652e+01 -1.061582835e+02 -1.061582835e+02
80 0 +6.181964591e+01 -1.146403541e+02 -1.146403541e+02
116 0 +5.496543166e+01 -1.214945683e+02 -1.214945683e+02
119 0 +4.496165803e+01 -1.314983420e+02 -1.314983420e+02
205 0 +4.420011904e+01 -1.322598810e+02 -1.322598810e+02
221 0 +3.682861390e+01 -1.396313861e+02 -1.396313861e+02
224 0 +3.396261801e+01 -1.424973820e+02 -1.424973820e+02
289 0 +3.075028254e+01 -1.457097175e+02 -1.457097175e+02
309 0 +2.739921998e+01 -1.490607800e+02 -1.490607800e+02
355 0 +2.457801208e+01 -1.518819879e+02 -1.518819879e+02
367 0 +2.218736474e+01 -1.542726353e+02 -1.542726353e+02
525 0 +1.910152970e+01 -1.573584703e+02 -1.573584703e+02
601 0 +1.708053580e+01 -1.593794642e+02 -1.593794642e+02
624 0 +1.448604945e+01 -1.619739505e+02 -1.619739505e+02
635 0 +1.036579317e+01 -1.660942068e+02 -1.660942068e+02
692 0 +1.036579317e+01 -1.660942068e+02 -1.660942068e+02
% f evaluations | g evaluations | best noise-free fitness - Fopt (1.195800000000e+02) + sum g_i+ | measured fitness | best measured fitness or single-digit g-values | x1 | x2...
1 0 +8.044350029e+01 +2.000235003e+02 +2.000235003e+02
5 0 +7.908008397e+01 +1.986600840e+02 +1.986600840e+02
60 0 +7.005325280e+01 +1.896332528e+02 +1.896332528e+02
116 0 +6.125921836e+01 +1.808392184e+02 +1.808392184e+02
281 0 +5.519627064e+01 +1.747762706e+02 +1.747762706e+02
363 0 +4.680088434e+01 +1.663808843e+02 +1.663808843e+02
406 0 +4.258989725e+01 +1.621698973e+02 +1.621698973e+02
423 0 +3.902197628e+01 +1.586019763e+02 +1.586019763e+02
560 0 +3.488165083e+01 +1.544616508e+02 +1.544616508e+02
657 0 +3.032997989e+01 +1.499099799e+02 +1.499099799e+02
740 0 +2.937784990e+01 +1.489578499e+02 +1.489578499e+02
% f evaluations | g evaluations | best noise-free fitness - Fopt (1.460000000000e+01) + sum g_i+ | measured fitness | best measured fitness or single-digit g-values | x1 | x2...
1 0 +8.107103099e+01 +9.567103099e+01 +9.567103099e+01
6 0 +8.082271171e+01 +9.542271171e+01 +9.542271171e+01
7 0 +7.874969986e+01 +9.334969986e+01 +9.334969986e+01
123 0 +7.011539391e+01 +8.471539391e+01 +8.471539391e+01
189 0 +6.085379268e+01 +7.545379268e+01 +7.545379268e+01
219 0 +4.862359339e+01 +6.322359339e+01 +6.322359339e+01
246 0 +3.880619598e+01 +5.340619598e+01 +5.340619598e+01
272 0 +2.743474618e+01 +4.203474618e+01 +4.203474618e+01
301 0 +2.439989638e+01 +3.899989638e+01 +3.899989638e+01
315 0 +2.062830997e+01 +3.522830997e+01 +3.522830997e+01
323 0 +1.904644825e+01 +3.364644825e+01 +3.364644825e+01
335 0 +1.517184687e+01 +2.977184687e+01 +2.977184687e+01
382 0 +1.287677005e+01 +2.747677005e+01 +2.747677005e+01
385 0 +1.254000909e+01 +2.714000909e+01 +2.714000909e+01
434 0 +1.054095910e+01 +2.514095910e+01 +2.514095910e+01
490 0 +9.558366070e+00 +2.415836607e+01 +2.415836607e+01
542 0 +8.313598418e+00 +2.291359842e+01 +2.291359842e+01
585 0 +7.624013816e+00 +2.222401382e+01 +2.222401382e+01
642 0 +7.011377623e+00 +2.161137762e+01 +2.161137762e+01
674 0 +6.174458724e+00 +2.077445872e+01 +2.077445872e+01
709 0 +5.329829875e+00 +1.992982988e+01 +1.992982988e+01
737 0 +4.624938070e+00 +1.922493807e+01 +1.922493807e+01
747 0 +4.132575421e+00 +1.873257542e+01 +1.873257542e+01
771 0 +3.738776945e+00 +1.833877694e+01 +1.833877694e+01
773 0 +3.407344555e+00 +1.800734455e+01 +1.800734455e+01
874 0 +3.250421851e+00 +1.785042185e+01 +1.785042185e+01
% f evaluations | g evaluations | best noise-free fitness - Fopt (-2.550000000000e+01) + sum g_i+ | measured fitness | best measured fitness or single-digit g-values | x1 | x2...
1 0 +7.708804559e+01 +5.158804559e+01 +5.158804559e+01
7 0 +7.506541802e+01 +4.956541802e+01 +4.956541802e+01
87 0 +6.852391139e+01 +4.302391139e+01 +4.302391139e+01
123 0 +6.271399898e+01 +3.721399898e+01 +3.721399898e+01
157 0 +5.070461005e+01 +2.520461005e+01 +2.520461005e+01
189 0 +4.451833256e+01 +1.901833256e+01 +1.901833256e+01
196 0 +3.530038858e+01 +9.800388578e+00 +9.800388578e+00
219 0 +2.848337900e+01 +2.983379003e+00 +2.983379003e+00
224 0 +2.575416350e+01 +2.541635013e-01 +2.541635013e-01
247 0 +1.904044658e+01 -6.459553415e+00 -6.459553415e+00
278 0 +1.403410455e+01 -1.146589545e+01 -1.146589545e+01
290 0 +1.227248810e+01 -1.322751190e+01 -1.322751190e+01
351 0 +1.041443249e+01 -1.508556751e+01 -1.508556751e+01
380 0 +9.687340978e+00 -1.581265902e+01 -1.581265902e+01
407 0 +8.494146902e+00 -1.700585310e+01 -1.700585310e+01
463 0 +7.493545673e+00 -1.800645433e+01 -1.800645433e+01
519 0 +6.483955311e+00 -1.901604469e+01 -1.901604469e+01
574 0 +6.220703348e+00 -1.927929665e+01 -1.927929665e+01
582 0 +5.494976432e+00 -2.000502357e+01 -2.000502357e+01
620 0 +4.892307343e+00 -2.060769266e+01 -2.060769266e+01
628 0 +4.282204127e+00 -2.121779587e+01 -2.121779587e+01
668 0 +3.713026818e+00 -2.178697318e+01 -2.178697318e+01
676 0 +3.517350729e+00 -2.198264927e+01 -2.198264927e+01
712 0 +3.128380709e+00 -2.237161929e+01 -2.237161929e+01
750 0 +2.641580902e+00 -2.285841910e+01 -2.285841910e+01
788 0 +2.498738126e+00 -2.300126187e+01 -2.300126187e+01
924 0 +2.335211658e+00 -2.316478834e+01 -2.316478834e+01
% f evaluations | g evaluations | best noise-free fitness - Fopt (-2.799000000000e+01) + sum g_i+ | measured fitness | best measured fitness or single-digit g-values | x1 | x2...
1 0 +7.702752215e+01 +4.903752215e+01 +4.903752215e+01
2 0 +7.550375351e+01 +4.751375351e+01 +4.751375351e+01
94 0 +6.886682284e+01 +4.087682284e+01 +4.087682284e+01
148 0 +6.080155854e+01 +3.281155854e+01 +3.281155854e+01
156 0 +4.842622892e+01 +2.043622892e+01 +2.043622892e+01
228 0 +4.394598688e+01 +1.595598688e+01 +1.595598688e+01
248 0 +3.716960997e+01 +9.179609972e+00 +9.179609972e+00
286 0 +2.809934593e+01 +1.093459317e-01 +1.093459317e-01
317 0 +1.980295954e+01 -8.187040463e+00 -8.187040463e+00
361 0 +1.660632438e+01 -1.138367562e+01 -1.138367562e+01
379 0 +1.024681249e+01 -1.774318751e+01 -1.774318751e+01
402 0 +9.715032037e+00 -1.827496796e+01 -1.827496796e+01
404 0 +8.723077518e+00 -1.926692248e+01 -1.926692248e+01
418 0 +7.847845442e+00 -2.014215456e+01 -2.014215456e+01
498 0 +5.406513249e+00 -2.258348675e+01 -2.258348675e+01
549 0 +4.097930802e+00 -2.389206920e+01 -2.389206920e+01
553 0 +3.788675226e+00 -2.420132477e+01 -2.420132477e+01
555 0 +3.458428732e+00 -2.453157127e+01 -2.453157127e+01
593 0 +2.192385215e+00 -2.579761478e+01 -2.579761478e+01
625 0 +1.908612458e+00 -2.608138754e+01 -2.608138754e+01
674 0 +1.677237459e+00 -2.631276254e+01 -2.631276254e+01
710 0 +8.208330643e-01 -2.716916694e+01 -2.716916694e+01
750 0 +8.208330643e-01 -2.716916694e+01 -2.716916694e+01
% f evaluations | g evaluations | best noise-free fitness - Fopt (-5.112000000000e+01) + sum g_i+ | measured fitness | best measured fitness or single-digit g-values | x1 | x2...
1 0 +7.548823041e+01 +2.436823041e+01 +2.436823041e+01
5 0 +7.202645881e+01 +2.090645881e+01 +2.090645881e+01
55 0 +7.063139122e+01 +1.951139122e+01 +1.951139122e+01
218 0 +6.189588375e+01 +1.077588375e+01 +1.077588375e+01
363 0 +5.576801759e+01 +4.648017592e+00 +4.648017592e+00
479 0 +5.011312122e+01 -1.006878778e+00 -1.006878778e+00
626 0 +4.444038595e+01 -6.679614050e+00 -6.679614050e+00
726 0 +3.971997912e+01 -1.140002088e+01 -1.140002088e+01
848 0 +3.544682246e+01 -1.567317754e+01 -1.567317754e+01
980 0 +3.312025204e+01 -1.799974796e+01 -1.799974796e+01
% f evaluations | g evaluations | best noise-free fitness - Fopt (-4.336200000000e+02) + sum g_i+ | measured fitness | best measured fitness or single-digit g-values | x1 | x2...
1 0 +8.114844801e+01 -3.524715520e+02 -3.524715520e+02
2 0 +7.923940749e+01 -3.543805925e+02 -3.543805925e+02
63 0 +6.875230950e+01 -3.648676905e+02 -3.648676905e+02
101 0 +6.218438218e+01 -3.714356178e+02 -3.714356178e+02
195 0 +5.392883495e+01 -3.796911651e+02 -3.796911651e+02
258 0 +5.000743282e+01 -3.836125672e+02 -3.836125672e+02
347 0 +4.366373418e+01 -3.899562658e+02 -3.899562658e+02
394 0 +3.885201199e+01 -3.947679880e+02 -3.947679880e+02
492 0 +3.491188293e+01 -3.987081171e+02 -3.987081171e+02
559 0 +3.118838206e+01 -4.024316179e+02 -4.024316179e+02
678 0 +2.665372024e+01 -4.069662798e+02 -4.069662798e+02
763 0 +2.335108744e+01 -4.102689126e+02 -4.102689126e+02
786 0 +2.238021127e+01 -4.112397887e+02 -4.112397887e+02
820 0 +2.238021127e+01 -4.112397887e+02 -4.112397887e+02
% f evaluations | g evaluations | best noise-free fitness - Fopt (1.088800000000e+02) + sum g_i+ | measured fitness | best measured fitness or single-digit g-values | x1 | x2...
1 0 +6.920421161e+01 +1.780842116e+02 +1.780842116e+02
3 0 +6.714821559e+01 +1.760282156e+02 +1.760282156e+02
24 0 +5.543830995e+01 +1.643183100e+02 +1.643183100e+02
68 0 +2.686151365e+01 +1.357415137e+02 +1.357415137e+02
105 0 +2.460271812e+01 +1.334827181e+02 +1.334827181e+02
187 0 +2.148403643e+01 +1.303640364e+02 +1.303640364e+02
202 0 +1.882007681e+01 +1.277000768e+02 +1.277000768e+02
257 0 +1.688039049e+01 +1.257603905e+02 +1.257603905e+02
259 0 +1.324427519e+01 +1.221242752e+02 +1.221242752e+02
323 0 +1.201812550e+01 +1.208981255e+02 +1.208981255e+02
337 0 +9.947278718e+00 +1.188272787e+02 +1.188272787e+02
381 0 +8.487628675e+00 +1.173676287e+02 +1.173676287e+02
387 0 +7.750779135e+00 +1.166307791e+02 +1.166307791e+02
463 0 +6.253064899e+00 +1.151330649e+02 +1.151330649e+02
503 0 +5.102833986e+00 +1.139828340e+02 +1.139828340e+02
531 0 +4.100741676e+00 +1.129807417e+02 +1.129807417e+02
555 0 +3.234050002e+00 +1.121140500e+02 +1.121140500e+02
566 0 +2.435415673e+00 +1.113154157e+02 +1.113154157e+02
609 0 +2.164320804e+00 +1.110443208e+02 +1.110443208e+02
688 0 +2.164320804e+00 +1.110443208e+02 +1.110443208e+02
% f evaluations | g evaluations | best noise-free fitness - Fopt (1.112000000000e+01) + sum g_i+ | measured fitness | best measured fitness or single-digit g-values | x1 | x2...
1 0 +7.884369269e+01 +8.996369269e+01 +8.996369269e+01
7 0 +7.814757986e+01 +8.926757986e+01 +8.926757986e+01
354 0 +7.041770398e+01 +8.153770398e+01 +8.153770398e+01
626 0 +6.288938820e+01 +7.400938820e+01 +7.400938820e+01
632 0 +5.399500768e+01 +6.511500768e+01 +6.511500768e+01
681 0 +4.710863149e+01 +5.822863149e+01 +5.822863149e+01
723 0 +4.246365070e+01 +5.358365070e+01 +5.358365070e+01
728 0 +3.968321409e+01 +5.080321409e+01 +5.080321409e+01
767 0 +3.484768910e+01 +4.596768910e+01 +4.596768910e+01
801 0 +3.141695403e+01 +4.253695403e+01 +4.253695403e+01
807 0 +2.804411204e+01 +3.916411204e+01 +3.916411204e+01
854 0 +2.463600289e+01 +3.575600289e+01 +3.575600289e+01
886 0 +2.215436065e+01 +3.327436065e+01 +3.327436065e+01
924 0 +1.959672377e+01 +3.071672377e+01 +3.071672377e+01
947 0 +1.768206910e+01 +2.880206910e+01 +2.880206910e+01
982 0 +1.460256969e+01 +2.572256969e+01 +2.572256969e+01
1001 0 +1.401346609e+01 +2.513346609e+01 +2.513346609e+01
1032 0 +1.201782079e+01 +2.313782079e+01 +2.313782079e+01
1061 0 +1.007122242e+01 +2.119122242e+01 +2.119122242e+01
1094 0 +1.007122242e+01 +2.119122242e+01 +2.119122242e+01
