% f evaluations | g evaluations | best noise-free fitness - Fopt (-1.025500000000e+02) + sum g_i+ | measured fitness | best measured fitness or single-digit g-values | x1 | x2...
1 0 +2.503737427e-01 -1.022996263e+02 -1.022996263e+02 +0.0000e+00 +0.0000e+00
412 0 +2.364948643e-01 -1.023135051e+02 -1.023135051e+02 -5.9720e-02 +2.2793e+00
717 0 +1.565790360e-01 -1.023934210e+02 -1.023934210e+02 -1.1350e-01 +1.6539e+00
732 0 +1.124334755e-01 -1.024375665e+02 -1.024375665e+02 -1.1350e-01 +1.7790e+00
764 0 +1.084630698e-01 -1.024415369e+02 -1.024415369e+02 -1.1350e-01 +1.7800e+00
771 0 +9.430963927e-02 -1.024556904e+02 -1.024556904e+02 -1.1350e-01 +1.7795e+00
1701 0 +1.756056685e-02 -1.025324394e+02 -1.025324394e+02 +7.9903e-02 -2.7031e-01
1746 0 +1.579135054e-02 -1.025342086e+02 -1.025342086e+02 +7.9903e-02 -2.7129e-01
3051 0 +1.391995469e-02 -1.025360800e+02 -1.025360800e+02 -1.6479e-01 +2.8708e-01
3055 0 +1.113487499e-02 -1.025388651e+02 -1.025388651e+02 -1.6479e-01 +3.0271e-01
3059 0 +8.705611498e-03 -1.025412944e+02 -1.025412944e+02 -1.6479e-01 +3.1835e-01
3063 0 +6.654128758e-03 -1.025433459e+02 -1.025433459e+02 -1.6479e-01 +3.3398e-01
3067 0 +4.984965058e-03 -1.025450150e+02 -1.025450150e+02 -1.6479e-01 +3.4962e-01
3071 0 +3.685087101e-03 -1.025463149e+02 -1.025463149e+02 -1.6479e-01 +3.6526e-01
3075 0 +2.726171528e-03 -1.025472738e+02 -1.025472738e+02 -1.6479e-01 +3.8089e-01
3079 0 +2.069984626e-03 -1.025479300e+02 -1.025479300e+02 -1.6479e-01 +3.9653e-01
3083 0 +1.677599107e-03 -1.025483224e+02 -1.025483224e+02 -1.6479e-01 +4.1216e-01
3087 0 +1.523254712e-03 -1.025484767e+02 -1.025484767e+02 -1.6479e-01 +4.2780e-01
3103 0 +1.286338346e-03 -1.025487137e+02 -1.025487137e+02 -1.6088e-01 +4.3561e-01
3107 0 +1.162031548e-03 -1.025488380e+02 -1.025488380e+02 -1.6088e-01 +4.3952e-01
3111 0 +1.055279571e-03 -1.025489447e+02 -1.025489447e+02 -1.6088e-01 +4.4343e-01
3115 0 +9.648937886e-04 -1.025490351e+02 -1.025490351e+02 -1.6088e-01 +4.4734e-01
3119 0 +8.897964423e-04 -1.025491102e+02 -1.025491102e+02 -1.6088e-01 +4.5125e-01
3127 0 +7.818762689e-04 -1.025492181e+02 -1.025492181e+02 -1.6088e-01 +4.5907e-01
3145 0 +6.455058416e-04 -1.025493545e+02 -1.025493545e+02 -1.5892e-01 +4.7079e-01
3147 0 +6.150574173e-04 -1.025493849e+02 -1.025493849e+02 -1.5892e-01 +4.7275e-01
3159 0 +5.437222182e-04 -1.025494563e+02 -1.025494563e+02 -1.5892e-01 +4.7861e-01
3171 0 +5.001315283e-04 -1.025494999e+02 -1.025494999e+02 -1.5892e-01 +4.8447e-01
3187 0 +4.346171972e-04 -1.025495654e+02 -1.025495654e+02 -1.5697e-01 +4.9229e-01
3195 0 +3.889239174e-04 -1.025496111e+02 -1.025496111e+02 -1.5697e-01 +4.9620e-01
3207 0 +3.426352495e-04 -1.025496574e+02 -1.025496574e+02 -1.5697e-01 +5.0206e-01
3229 0 +2.886933768e-04 -1.025497113e+02 -1.025497113e+02 -1.5599e-01 +5.0988e-01
3235 0 +2.772475365e-04 -1.025497228e+02 -1.025497228e+02 -1.5599e-01 +5.1183e-01
3259 0 +2.450260008e-04 -1.025497550e+02 -1.025497550e+02 -1.5501e-01 +5.1770e-01
3275 0 +2.222632480e-04 -1.025497777e+02 -1.025497777e+02 -1.5501e-01 +5.2161e-01
3299 0 +1.961144955e-04 -1.025498039e+02 -1.025498039e+02 -1.5404e-01 +5.2747e-01
3315 0 +1.762776822e-04 -1.025498237e+02 -1.025498237e+02 -1.5404e-01 +5.3138e-01
3339 0 +1.549320583e-04 -1.025498451e+02 -1.025498451e+02 -1.5306e-01 +5.3724e-01
3355 0 +1.381086727e-04 -1.025498619e+02 -1.025498619e+02 -1.5306e-01 +5.4115e-01
3377 0 +1.252883812e-04 -1.025498747e+02 -1.025498747e+02 -1.5208e-01 +5.4604e-01
3391 0 +1.094640391e-04 -1.025498905e+02 -1.025498905e+02 -1.5208e-01 +5.4995e-01
3415 0 +9.997775952e-05 -1.025499000e+02 -1.025499000e+02 -1.5208e-01 +5.5581e-01
3423 0 +8.878734003e-05 -1.025499112e+02 -1.025499112e+02 -1.5110e-01 +5.5776e-01
3443 0 +7.845464322e-05 -1.025499215e+02 -1.025499215e+02 -1.5110e-01 +5.6265e-01
3459 0 +6.912274581e-05 -1.025499309e+02 -1.025499309e+02 -1.5013e-01 +5.6656e-01
3471 0 +6.245884110e-05 -1.025499375e+02 -1.025499375e+02 -1.5013e-01 +5.6949e-01
3491 0 +5.572460368e-05 -1.025499443e+02 -1.025499443e+02 -1.4915e-01 +5.7438e-01
3503 0 +4.881045392e-05 -1.025499512e+02 -1.025499512e+02 -1.4915e-01 +5.7731e-01
3519 0 +4.463414008e-05 -1.025499554e+02 -1.025499554e+02 -1.4915e-01 +5.8122e-01
3539 0 +3.974355819e-05 -1.025499603e+02 -1.025499603e+02 -1.4866e-01 +5.8366e-01
3567 0 +3.512151275e-05 -1.025499649e+02 -1.025499649e+02 -1.4817e-01 +5.8708e-01
3595 0 +3.120216985e-05 -1.025499688e+02 -1.025499688e+02 -1.4768e-01 +5.9050e-01
3625 0 +2.789362865e-05 -1.025499721e+02 -1.025499721e+02 -1.4720e-01 +5.9392e-01
3647 0 +2.483920589e-05 -1.025499752e+02 -1.025499752e+02 -1.4720e-01 +5.9685e-01
3671 0 +2.205012964e-05 -1.025499779e+02 -1.025499779e+02 -1.4671e-01 +5.9978e-01
3699 0 +1.942636246e-05 -1.025499806e+02 -1.025499806e+02 -1.4622e-01 +6.0320e-01
3719 0 +1.768527711e-05 -1.025499823e+02 -1.025499823e+02 -1.4622e-01 +6.0565e-01
3739 0 +1.584189410e-05 -1.025499842e+02 -1.025499842e+02 -1.4573e-01 +6.0809e-01
3767 0 +1.387662591e-05 -1.025499861e+02 -1.025499861e+02 -1.4524e-01 +6.1151e-01
3787 0 +1.244291319e-05 -1.025499876e+02 -1.025499876e+02 -1.4524e-01 +6.1395e-01
3807 0 +1.109907902e-05 -1.025499889e+02 -1.025499889e+02 -1.4475e-01 +6.1639e-01
3835 0 +9.646953728e-06 -1.025499904e+02 -1.025499904e+02 -1.4426e-01 +6.1981e-01
3847 0 +8.837525925e-06 -1.025499912e+02 -1.025499912e+02 -1.4426e-01 +6.2128e-01
3871 0 +7.802500392e-06 -1.025499922e+02 -1.025499922e+02 -1.4378e-01 +6.2421e-01
3887 0 +7.029671480e-06 -1.025499930e+02 -1.025499930e+02 -1.4378e-01 +6.2617e-01
3907 0 +6.245900863e-06 -1.025499938e+02 -1.025499938e+02 -1.4329e-01 +6.2861e-01
3927 0 +5.616206394e-06 -1.025499944e+02 -1.025499944e+02 -1.4329e-01 +6.3105e-01
3959 0 +4.946597002e-06 -1.025499951e+02 -1.025499951e+02 -1.4280e-01 +6.3301e-01
3991 0 +4.462374065e-06 -1.025499955e+02 -1.025499955e+02 -1.4255e-01 +6.3496e-01
4027 0 +3.942158330e-06 -1.025499961e+02 -1.025499961e+02 -1.4231e-01 +6.3716e-01
4059 0 +3.536686577e-06 -1.025499965e+02 -1.025499965e+02 -1.4207e-01 +6.3911e-01
4095 0 +3.104267066e-06 -1.025499969e+02 -1.025499969e+02 -1.4182e-01 +6.4131e-01
4127 0 +2.767703137e-06 -1.025499972e+02 -1.025499972e+02 -1.4158e-01 +6.4327e-01
4159 0 +2.460798314e-06 -1.025499975e+02 -1.025499975e+02 -1.4133e-01 +6.4522e-01
4189 0 +2.233716287e-06 -1.025499978e+02 -1.025499978e+02 -1.4109e-01 +6.4693e-01
4219 0 +1.994101808e-06 -1.025499980e+02 -1.025499980e+02 -1.4109e-01 +6.4889e-01
4243 0 +1.773598044e-06 -1.025499982e+02 -1.025499982e+02 -1.4084e-01 +6.5035e-01
4271 0 +1.571431895e-06 -1.025499984e+02 -1.025499984e+02 -1.4060e-01 +6.5206e-01
4299 0 +1.393330152e-06 -1.025499986e+02 -1.025499986e+02 -1.4036e-01 +6.5377e-01
4327 0 +1.236896168e-06 -1.025499988e+02 -1.025499988e+02 -1.4011e-01 +6.5548e-01
4355 0 +1.119274700e-06 -1.025499989e+02 -1.025499989e+02 -1.3999e-01 +6.5683e-01
4407 0 +9.969092076e-07 -1.025499990e+02 -1.025499990e+02 -1.3974e-01 +6.5841e-01
4455 0 +8.891718011e-07 -1.025499991e+02 -1.025499991e+02 -1.3962e-01 +6.5988e-01
4503 0 +7.938355822e-07 -1.025499992e+02 -1.025499992e+02 -1.3938e-01 +6.6135e-01
4551 0 +7.027813211e-07 -1.025499993e+02 -1.025499993e+02 -1.3926e-01 +6.6281e-01
4599 0 +6.231657892e-07 -1.025499994e+02 -1.025499994e+02 -1.3901e-01 +6.6428e-01
4639 0 +5.579454552e-07 -1.025499994e+02 -1.025499994e+02 -1.3889e-01 +6.6550e-01
4683 0 +4.977756021e-07 -1.025499995e+02 -1.025499995e+02 -1.3877e-01 +6.6684e-01
4725 0 +4.465751005e-07 -1.025499996e+02 -1.025499996e+02 -1.3852e-01 +6.6806e-01
4763 0 +3.936832229e-07 -1.025499996e+02 -1.025499996e+02 -1.3840e-01 +6.6929e-01
4799 0 +3.525342152e-07 -1.025499996e+02 -1.025499996e+02 -1.3828e-01 +6.7038e-01
4835 0 +3.153722332e-07 -1.025499997e+02 -1.025499997e+02 -1.3816e-01 +6.7148e-01
4875 0 +2.803726460e-07 -1.025499997e+02 -1.025499997e+02 -1.3803e-01 +6.7271e-01
4913 0 +2.500324570e-07 -1.025499997e+02 -1.025499997e+02 -1.3779e-01 +6.7380e-01
4945 0 +2.233999794e-07 -1.025499998e+02 -1.025499998e+02 -1.3767e-01 +6.7478e-01
4977 0 +1.973964032e-07 -1.025499998e+02 -1.025499998e+02 -1.3761e-01 +6.7564e-01
5035 0 +1.762436170e-07 -1.025499998e+02 -1.025499998e+02 -1.3748e-01 +6.7655e-01
5093 0 +1.584516127e-07 -1.025499998e+02 -1.025499998e+02 -1.3736e-01 +6.7741e-01
5147 0 +1.410142829e-07 -1.025499999e+02 -1.025499999e+02 -1.3730e-01 +6.7826e-01
5199 0 +1.253211366e-07 -1.025499999e+02 -1.025499999e+02 -1.3718e-01 +6.7906e-01
5251 0 +1.118519037e-07 -1.025499999e+02 -1.025499999e+02 -1.3706e-01 +6.7985e-01
5299 0 +9.970678150e-08 -1.025499999e+02 -1.025499999e+02 -1.3700e-01 +6.8058e-01
5347 0 +8.844327226e-08 -1.025499999e+02 -1.025499999e+02 -1.3687e-01 +6.8132e-01
5391 0 +7.882023567e-08 -1.025499999e+02 -1.025499999e+02 -1.3681e-01 +6.8199e-01
5437 0 +7.042129369e-08 -1.025499999e+02 -1.025499999e+02 -1.3669e-01 +6.8266e-01
5471 0 +6.305565137e-08 -1.025499999e+02 -1.025499999e+02 -1.3663e-01 +6.8321e-01
5511 0 +5.564757544e-08 -1.025499999e+02 -1.025499999e+02 -1.3657e-01 +6.8382e-01
5547 0 +4.983155577e-08 -1.025500000e+02 -1.025500000e+02 -1.3651e-01 +6.8437e-01
5611 0 +4.439813495e-08 -1.025500000e+02 -1.025500000e+02 -1.3642e-01 +6.8489e-01
5675 0 +3.960965955e-08 -1.025500000e+02 -1.025500000e+02 -1.3636e-01 +6.8538e-01
5739 0 +3.512127478e-08 -1.025500000e+02 -1.025500000e+02 -1.3629e-01 +6.8587e-01
5797 0 +3.161173368e-08 -1.025500000e+02 -1.025500000e+02 -1.3623e-01 +6.8629e-01
5851 0 +2.814719835e-08 -1.025500000e+02 -1.025500000e+02 -1.3620e-01 +6.8672e-01
5903 0 +2.496311424e-08 -1.025500000e+02 -1.025500000e+02 -1.3614e-01 +6.8712e-01
5955 0 +2.219709927e-08 -1.025500000e+02 -1.025500000e+02 -1.3608e-01 +6.8752e-01
5999 0 +1.991988086e-08 -1.025500000e+02 -1.025500000e+02 -1.3605e-01 +6.8785e-01
6047 0 +1.764202295e-08 -1.025500000e+02 -1.025500000e+02 -1.3599e-01 +6.8822e-01
6087 0 +1.575347142e-08 -1.025500000e+02 -1.025500000e+02 -1.3596e-01 +6.8852e-01
6137 0 +1.389689430e-08 -1.025500000e+02 -1.025500000e+02 -1.3590e-01 +6.8889e-01
6167 0 +1.258200655e-08 -1.025500000e+02 -1.025500000e+02 -1.3587e-01 +6.8913e-01
6203 0 +1.110988990e-08 -1.025500000e+02 -1.025500000e+02 -1.3584e-01 +6.8941e-01
6251 0 +9.950667845e-09 -1.025500000e+02 -1.025500000e+02 -1.3581e-01 +6.8965e-01
20000 0 +4.206412996e-12 -1.025500000e+02 -1.025500000e+02 -1.3525e-01 +6.9396e-01
% f evaluations | g evaluations | best noise-free fitness - Fopt (7.169000000000e+01) + sum g_i+ | measured fitness | best measured fitness or single-digit g-values | x1 | x2...
1 0 +2.503737427e-01 +7.194037374e+01 +7.194037374e+01 +0.0000e+00 +0.0000e+00
1145 0 +1.170256597e-01 +7.180702566e+01 +7.180702566e+01 -3.8960e+00 +5.0032e+00
1200 0 +1.107469003e-01 +7.180074690e+01 +7.180074690e+01 -3.8959e+00 +5.0031e+00
1567 0 +7.704355804e-02 +7.176704356e+01 +7.176704356e+01 -2.3969e+00 +2.6691e+00
1575 0 +6.512324169e-02 +7.175512324e+01 +7.175512324e+01 -2.3972e+00 +2.6696e+00
1593 0 +6.298786676e-02 +7.175298787e+01 +7.175298787e+01 -2.3970e+00 +2.6694e+00
2305 0 +2.622665928e-02 +7.171622666e+01 +7.171622666e+01 -2.0246e+00 +1.8155e+00
2314 0 +1.867760584e-02 +7.170867761e+01 +7.170867761e+01 -2.0241e+00 +1.8155e+00
2321 0 +1.627942073e-02 +7.170627942e+01 +7.170627942e+01 -2.0243e+00 +1.8155e+00
2338 0 +1.575148287e-02 +7.170575148e+01 +7.170575148e+01 -2.0242e+00 +1.8154e+00
10607 0 +1.406372882e-02 +7.170406373e+01 +7.170406373e+01 -2.8617e-01 -6.7398e-03
10647 0 +1.246141789e-02 +7.170246142e+01 +7.170246142e+01 -2.9594e-01 +1.0778e-03
10686 0 +1.118078629e-02 +7.170118079e+01 +7.170118079e+01 -3.0474e-01 +7.9181e-03
10723 0 +9.948570629e-03 +7.169994857e+01 +7.169994857e+01 -3.1451e-01 +1.4759e-02
10759 0 +8.874988985e-03 +7.169887499e+01 +7.169887499e+01 -3.2330e-01 +2.1599e-02
10795 0 +7.899396562e-03 +7.169789940e+01 +7.169789940e+01 -3.3210e-01 +2.8439e-02
10862 0 +7.064576945e-03 +7.169706458e+01 +7.169706458e+01 -3.3991e-01 +3.5280e-02
10930 0 +6.294387506e-03 +7.169629439e+01 +7.169629439e+01 -3.4822e-01 +4.1631e-02
10995 0 +5.597138731e-03 +7.169559714e+01 +7.169559714e+01 -3.5653e-01 +4.7983e-02
11059 0 +4.985332836e-03 +7.169498533e+01 +7.169498533e+01 -3.6434e-01 +5.4335e-02
11119 0 +4.464257119e-03 +7.169446426e+01 +7.169446426e+01 -3.7167e-01 +6.0198e-02
11183 0 +3.977690719e-03 +7.169397769e+01 +7.169397769e+01 -3.7949e-01 +6.6061e-02
11243 0 +3.520951511e-03 +7.169352095e+01 +7.169352095e+01 -3.8682e-01 +7.2413e-02
11299 0 +3.154879267e-03 +7.169315488e+01 +7.169315488e+01 -3.9366e-01 +7.7788e-02
11358 0 +2.807251805e-03 +7.169280725e+01 +7.169280725e+01 -4.0050e-01 +8.3651e-02
11411 0 +2.500348691e-03 +7.169250035e+01 +7.169250035e+01 -4.0734e-01 +8.9025e-02
11466 0 +2.232064368e-03 +7.169223206e+01 +7.169223206e+01 -4.1369e-01 +9.4400e-02
11518 0 +1.988325151e-03 +7.169198833e+01 +7.169198833e+01 -4.2004e-01 +9.9775e-02
11567 0 +1.774466784e-03 +7.169177447e+01 +7.169177447e+01 -4.2640e-01 +1.0466e-01
11618 0 +1.579357058e-03 +7.169157936e+01 +7.169157936e+01 -4.3226e-01 +1.1004e-01
11666 0 +1.407580930e-03 +7.169140758e+01 +7.169140758e+01 -4.3812e-01 +1.1492e-01
11750 0 +1.256846451e-03 +7.169125685e+01 +7.169125685e+01 -4.4374e-01 +1.1956e-01
11839 0 +1.119413413e-03 +7.169111941e+01 +7.169111941e+01 -4.4936e-01 +1.2420e-01
11930 0 +9.980354873e-04 +7.169099804e+01 +7.169099804e+01 -4.5474e-01 +1.2885e-01
12015 0 +8.887503203e-04 +7.169088875e+01 +7.169088875e+01 -4.6011e-01 +1.3324e-01
12099 0 +7.918610788e-04 +7.169079186e+01 +7.169079186e+01 -4.6524e-01 +1.3764e-01
12179 0 +7.078226538e-04 +7.169070782e+01 +7.169070782e+01 -4.7013e-01 +1.4179e-01
12262 0 +6.295776902e-04 +7.169062958e+01 +7.169062958e+01 -4.7501e-01 +1.4619e-01
12339 0 +5.609983371e-04 +7.169056100e+01 +7.169056100e+01 -4.7990e-01 +1.5010e-01
12414 0 +5.010875865e-04 +7.169050109e+01 +7.169050109e+01 -4.8430e-01 +1.5425e-01
12487 0 +4.462540202e-04 +7.169044625e+01 +7.169044625e+01 -4.8894e-01 +1.5792e-01
12559 0 +3.965992942e-04 +7.169039660e+01 +7.169039660e+01 -4.9333e-01 +1.6183e-01
12627 0 +3.541486636e-04 +7.169035415e+01 +7.169035415e+01 -4.9749e-01 +1.6549e-01
12698 0 +3.153966557e-04 +7.169031540e+01 +7.169031540e+01 -5.0164e-01 +1.6916e-01
12763 0 +2.813766406e-04 +7.169028138e+01 +7.169028138e+01 -5.0579e-01 +1.7258e-01
12827 0 +2.509653021e-04 +7.169025097e+01 +7.169025097e+01 -5.0970e-01 +1.7600e-01
12890 0 +2.236662770e-04 +7.169022367e+01 +7.169022367e+01 -5.1337e-01 +1.7942e-01
12954 0 +1.982237012e-04 +7.169019822e+01 +7.169019822e+01 -5.1728e-01 +1.8284e-01
13042 0 +1.777395641e-04 +7.169017774e+01 +7.169017774e+01 -5.2070e-01 +1.8589e-01
13158 0 +1.583241331e-04 +7.169015832e+01 +7.169015832e+01 -5.2424e-01 +1.8907e-01
13270 0 +1.412016045e-04 +7.169014120e+01 +7.169014120e+01 -5.2766e-01 +1.9212e-01
13379 0 +1.255574254e-04 +7.169012556e+01 +7.169012556e+01 -5.3108e-01 +1.9505e-01
13487 0 +1.117370634e-04 +7.169011174e+01 +7.169011174e+01 -5.3438e-01 +1.9798e-01
13590 0 +9.998768388e-05 +7.169009999e+01 +7.169009999e+01 -5.3743e-01 +2.0079e-01
13691 0 +8.894751052e-05 +7.169008895e+01 +7.169008895e+01 -5.4061e-01 +2.0348e-01
13790 0 +7.940934283e-05 +7.169007941e+01 +7.169007941e+01 -5.4354e-01 +2.0617e-01
13886 0 +7.076465496e-05 +7.169007076e+01 +7.169007076e+01 -5.4647e-01 +2.0885e-01
13979 0 +6.308989407e-05 +7.169006309e+01 +7.169006309e+01 -5.4940e-01 +2.1130e-01
14071 0 +5.606700742e-05 +7.169005607e+01 +7.169005607e+01 -5.5221e-01 +2.1386e-01
14159 0 +4.997190169e-05 +7.169004997e+01 +7.169004997e+01 -5.5490e-01 +2.1631e-01
14243 0 +4.466746879e-05 +7.169004467e+01 +7.169004467e+01 -5.5746e-01 +2.1863e-01
14331 0 +3.958414658e-05 +7.169003958e+01 +7.169003958e+01 -5.6015e-01 +2.2107e-01
14411 0 +3.538186030e-05 +7.169003538e+01 +7.169003538e+01 -5.6259e-01 +2.2327e-01
14491 0 +3.153684055e-05 +7.169003154e+01 +7.169003154e+01 -5.6504e-01 +2.2547e-01
14570 0 +2.816969953e-05 +7.169002817e+01 +7.169002817e+01 -5.6736e-01 +2.2767e-01
14646 0 +2.509685480e-05 +7.169002510e+01 +7.169002510e+01 -5.6968e-01 +2.2974e-01
14722 0 +2.229827226e-05 +7.169002230e+01 +7.169002230e+01 -5.7200e-01 +2.3182e-01
14791 0 +1.989293467e-05 +7.169001989e+01 +7.169001989e+01 -5.7420e-01 +2.3377e-01
14934 0 +1.777936724e-05 +7.169001778e+01 +7.169001778e+01 -5.7627e-01 +2.3573e-01
15071 0 +1.581654168e-05 +7.169001582e+01 +7.169001582e+01 -5.7841e-01 +2.3762e-01
15203 0 +1.411845615e-05 +7.169001412e+01 +7.169001412e+01 -5.8043e-01 +2.3945e-01
15335 0 +1.256733277e-05 +7.169001257e+01 +7.169001257e+01 -5.8244e-01 +2.4128e-01
15463 0 +1.119792523e-05 +7.169001120e+01 +7.169001120e+01 -5.8440e-01 +2.4306e-01
15587 0 +9.965031907e-06 +7.169000997e+01 +7.169000997e+01 -5.8629e-01 +2.4483e-01
15707 0 +8.896432647e-06 +7.169000890e+01 +7.169000890e+01 -5.8812e-01 +2.4648e-01
15823 0 +7.936316806e-06 +7.169000794e+01 +7.169000794e+01 -5.8989e-01 +2.4813e-01
15939 0 +7.076584211e-06 +7.169000708e+01 +7.169000708e+01 -5.9166e-01 +2.4971e-01
16051 0 +6.302419180e-06 +7.169000630e+01 +7.169000630e+01 -5.9337e-01 +2.5130e-01
16159 0 +5.622942084e-06 +7.169000562e+01 +7.169000562e+01 -5.9502e-01 +2.5283e-01
16270 0 +5.003163935e-06 +7.169000500e+01 +7.169000500e+01 -5.9667e-01 +2.5435e-01
16374 0 +4.459213045e-06 +7.169000446e+01 +7.169000446e+01 -5.9826e-01 +2.5582e-01
16475 0 +3.975536941e-06 +7.169000398e+01 +7.169000398e+01 -5.9985e-01 +2.5723e-01
16574 0 +3.545081370e-06 +7.169000355e+01 +7.169000355e+01 -6.0131e-01 +2.5863e-01
16671 0 +3.161117291e-06 +7.169000316e+01 +7.169000316e+01 -6.0284e-01 +2.5997e-01
16763 0 +2.814252923e-06 +7.169000281e+01 +7.169000281e+01 -6.0425e-01 +2.6132e-01
16855 0 +2.510551610e-06 +7.169000251e+01 +7.169000251e+01 -6.0565e-01 +2.6260e-01
16966 0 +2.238043194e-06 +7.169000224e+01 +7.169000224e+01 -6.0699e-01 +2.6388e-01
17139 0 +1.994588970e-06 +7.169000199e+01 +7.169000199e+01 -6.0834e-01 +2.6510e-01
17311 0 +1.775235717e-06 +7.169000178e+01 +7.169000178e+01 -6.0965e-01 +2.6633e-01
17475 0 +1.584365663e-06 +7.169000158e+01 +7.169000158e+01 -6.1090e-01 +2.6749e-01
17639 0 +1.409788837e-06 +7.169000141e+01 +7.169000141e+01 -6.1216e-01 +2.6865e-01
17795 0 +1.258190835e-06 +7.169000126e+01 +7.169000126e+01 -6.1335e-01 +2.6975e-01
17950 0 +1.121526367e-06 +7.169000112e+01 +7.169000112e+01 -6.1451e-01 +2.7085e-01
18099 0 +9.997217916e-07 +7.169000100e+01 +7.169000100e+01 -6.1567e-01 +2.7188e-01
18243 0 +8.903020188e-07 +7.169000089e+01 +7.169000089e+01 -6.1677e-01 +2.7292e-01
18386 0 +7.934278585e-07 +7.169000079e+01 +7.169000079e+01 -6.1784e-01 +2.7393e-01
18522 0 +7.074722959e-07 +7.169000071e+01 +7.169000071e+01 -6.1887e-01 +2.7491e-01
18655 0 +6.290647150e-07 +7.169000063e+01 +7.169000063e+01 -6.1991e-01 +2.7585e-01
18786 0 +5.607441835e-07 +7.169000056e+01 +7.169000056e+01 -6.2089e-01 +2.7677e-01
18910 0 +4.999388210e-07 +7.169000050e+01 +7.169000050e+01 -6.2184e-01 +2.7765e-01
19030 0 +4.457775020e-07 +7.169000045e+01 +7.169000045e+01 -6.2275e-01 +2.7851e-01
19223 0 +3.979421308e-07 +7.169000040e+01 +7.169000040e+01 -6.2364e-01 +2.7932e-01
19447 0 +3.545516449e-07 +7.169000035e+01 +7.169000035e+01 -6.2449e-01 +2.8013e-01
19666 0 +3.161288760e-07 +7.169000032e+01 +7.169000032e+01 -6.2532e-01 +2.8091e-01
19875 0 +2.813846436e-07 +7.169000028e+01 +7.169000028e+01 -6.2613e-01 +2.8166e-01
20000 0 +2.626378830e-07 +7.169000026e+01 +7.169000026e+01 -6.2660e-01 +2.8208e-01
% f evaluations | g evaluations | best noise-free fitness - Fopt (2.140100000000e+02) + sum g_i+ | measured fitness | best measured fitness or single-digit g-values | x1 | x2...
1 0 +2.503737427e-01 +2.142603737e+02 +2.142603737e+02 +0.0000e+00 +0.0000e+00
136 0 +1.517233205e-01 +2.141617233e+02 +2.141617233e+02 -4.0016e+00 +2.5739e+00
143 0 +1.377963932e-01 +2.141477964e+02 +2.141477964e+02 -4.0021e+00 +2.5739e+00
163 0 +1.257329745e-01 +2.141357330e+02 +2.141357330e+02 -4.0019e+00 +2.5739e+00
492 0 +9.759698306e-02 +2.141075970e+02 +2.141075970e+02 -2.9428e+00 +1.7809e+00
3154 0 +2.625805350e-02 +2.140362581e+02 +2.140362581e+02 -4.3095e+00 +2.5884e+00
3196 0 +1.968969149e-02 +2.140296897e+02 +2.140296897e+02 -4.3105e+00 +2.5884e+00
3205 0 +1.609342673e-02 +2.140260934e+02 +2.140260934e+02 -4.3100e+00 +2.5884e+00
3216 0 +1.570881061e-02 +2.140257088e+02 +2.140257088e+02 -4.3101e+00 +2.5884e+00
15171 0 +1.411113547e-02 +2.140241111e+02 +2.140241111e+02 -8.7542e-01 +8.9049e-01
15412 0 +1.258102916e-02 +2.140225810e+02 +2.140225810e+02 -8.6077e-01 +8.8120e-01
15647 0 +1.120718106e-02 +2.140212072e+02 +2.140212072e+02 -8.4635e-01 +8.7241e-01
15871 0 +9.999299636e-03 +2.140199993e+02 +2.140199993e+02 -8.3267e-01 +8.6386e-01
16091 0 +8.896787745e-03 +2.140188968e+02 +2.140188968e+02 -8.1924e-01 +8.5531e-01
16299 0 +7.940159598e-03 +2.140179402e+02 +2.140179402e+02 -8.0653e-01 +8.4724e-01
16504 0 +7.076055969e-03 +2.140170761e+02 +2.140170761e+02 -7.9407e-01 +8.3918e-01
16703 0 +6.297144164e-03 +2.140162971e+02 +2.140162971e+02 -7.8186e-01 +8.3161e-01
16891 0 +5.621290898e-03 +2.140156213e+02 +2.140156213e+02 -7.7038e-01 +8.2428e-01
17076 0 +5.008786342e-03 +2.140150088e+02 +2.140150088e+02 -7.5914e-01 +8.1695e-01
17255 0 +4.466490865e-03 +2.140144665e+02 +2.140144665e+02 -7.4814e-01 +8.1011e-01
17427 0 +3.979137678e-03 +2.140139791e+02 +2.140139791e+02 -7.3764e-01 +8.0327e-01
17595 0 +3.545951788e-03 +2.140135460e+02 +2.140135460e+02 -7.2738e-01 +7.9667e-01
17756 0 +3.158590248e-03 +2.140131586e+02 +2.140131586e+02 -7.1761e-01 +7.9008e-01
17911 0 +2.816072434e-03 +2.140128161e+02 +2.140128161e+02 -7.0808e-01 +7.8397e-01
18064 0 +2.507995039e-03 +2.140125080e+02 +2.140125080e+02 -6.9880e-01 +7.7786e-01
18211 0 +2.233077691e-03 +2.140122331e+02 +2.140122331e+02 -6.8976e-01 +7.7200e-01
18351 0 +1.993047329e-03 +2.140119930e+02 +2.140119930e+02 -6.8121e-01 +7.6638e-01
18488 0 +1.777608250e-03 +2.140117776e+02 +2.140117776e+02 -6.7290e-01 +7.6076e-01
18623 0 +1.580203795e-03 +2.140115802e+02 +2.140115802e+02 -6.6459e-01 +7.5539e-01
18751 0 +1.409887458e-03 +2.140114099e+02 +2.140114099e+02 -6.5678e-01 +7.5026e-01
18876 0 +1.256333721e-03 +2.140112563e+02 +2.140112563e+02 -6.4920e-01 +7.4513e-01
18996 0 +1.120462049e-03 +2.140111205e+02 +2.140111205e+02 -6.4187e-01 +7.4024e-01
19116 0 +9.956110354e-04 +2.140109956e+02 +2.140109956e+02 -6.3455e-01 +7.3536e-01
19227 0 +8.910914562e-04 +2.140108911e+02 +2.140108911e+02 -6.2770e-01 +7.3096e-01
19336 0 +7.932382294e-04 +2.140107932e+02 +2.140107932e+02 -6.2111e-01 +7.2632e-01
19483 0 +7.076823016e-04 +2.140107077e+02 +2.140107077e+02 -6.1463e-01 +7.2204e-01
19691 0 +6.302031529e-04 +2.140106302e+02 +2.140106302e+02 -6.0828e-01 +7.1777e-01
19891 0 +5.614696284e-04 +2.140105615e+02 +2.140105615e+02 -6.0218e-01 +7.1361e-01
20011 0 +5.270795688e-04 +2.140105271e+02 +2.140105271e+02 -5.9888e-01 +7.1141e-01
% f evaluations | g evaluations | best noise-free fitness - Fopt (-5.848000000000e+01) + sum g_i+ | measured fitness | best measured fitness or single-digit g-values | x1 | x2...
1 0 +2.503737427e-01 -5.822962626e+01 -5.822962626e+01 +0.0000e+00 +0.0000e+00
90 0 +9.395445215e-02 -5.838604555e+01 -5.838604555e+01 +4.0026e+00 -1.5107e+00
128 0 +6.930143922e-02 -5.841069856e+01 -5.841069856e+01 +4.0046e+00 -1.5107e+00
135 0 +4.827818951e-02 -5.843172181e+01 -5.843172181e+01 +4.0036e+00 -1.5107e+00
2193 0 +8.961000244e-04 -5.847910390e+01 -5.847910390e+01 +6.9373e-01 -5.8713e-01
2225 0 +3.303905275e-04 -5.847966961e+01 -5.847966961e+01 +6.8591e-01 -5.8713e-01
2285 0 +3.156644077e-04 -5.847968434e+01 -5.847968434e+01 +6.8469e-01 -5.8615e-01
2377 0 +2.817350953e-04 -5.847971826e+01 -5.847971826e+01 +6.7907e-01 -5.8371e-01
2469 0 +2.495704257e-04 -5.847975043e+01 -5.847975043e+01 +6.7345e-01 -5.8102e-01
2636 0 +2.236778357e-04 -5.847977632e+01 -5.847977632e+01 +6.6844e-01 -5.7870e-01
2801 0 +1.992793501e-04 -5.847980072e+01 -5.847980072e+01 +6.6331e-01 -5.7638e-01
2965 0 +1.773960666e-04 -5.847982260e+01 -5.847982260e+01 +6.5830e-01 -5.7406e-01
3121 0 +1.582957415e-04 -5.847984170e+01 -5.847984170e+01 +6.5354e-01 -5.7186e-01
3276 0 +1.412288349e-04 -5.847985877e+01 -5.847985877e+01 +6.4890e-01 -5.6966e-01
3425 0 +1.255371094e-04 -5.847987446e+01 -5.847987446e+01 +6.4426e-01 -5.6758e-01
3569 0 +1.118780407e-04 -5.847988812e+01 -5.847988812e+01 +6.3986e-01 -5.6551e-01
3709 0 +9.974745307e-05 -5.847990025e+01 -5.847990025e+01 +6.3558e-01 -5.6355e-01
3845 0 +8.888420963e-05 -5.847991112e+01 -5.847991112e+01 +6.3143e-01 -5.6160e-01
3977 0 +7.931319684e-05 -5.847992069e+01 -5.847992069e+01 +6.2740e-01 -5.5977e-01
4105 0 +7.070922621e-05 -5.847992929e+01 -5.847992929e+01 +6.2349e-01 -5.5793e-01
4229 0 +6.299400174e-05 -5.847993701e+01 -5.847993701e+01 +6.1970e-01 -5.5610e-01
4349 0 +5.621512692e-05 -5.847994378e+01 -5.847994378e+01 +6.1604e-01 -5.5439e-01
4469 0 +5.000590233e-05 -5.847994999e+01 -5.847994999e+01 +6.1238e-01 -5.5268e-01
4585 0 +4.466182201e-05 -5.847995534e+01 -5.847995534e+01 +6.0883e-01 -5.5109e-01
4696 0 +3.979897625e-05 -5.847996020e+01 -5.847996020e+01 +6.0553e-01 -5.4938e-01
4805 0 +3.545852114e-05 -5.847996454e+01 -5.847996454e+01 +6.0211e-01 -5.4792e-01
4909 0 +3.151828807e-05 -5.847996848e+01 -5.847996848e+01 +5.9894e-01 -5.4633e-01
5009 0 +2.815715185e-05 -5.847997184e+01 -5.847997184e+01 +5.9589e-01 -5.4486e-01
5112 0 +2.508138365e-05 -5.847997492e+01 -5.847997492e+01 +5.9283e-01 -5.4340e-01
5209 0 +2.235778100e-05 -5.847997764e+01 -5.847997764e+01 +5.8978e-01 -5.4205e-01
5304 0 +1.990495613e-05 -5.847998010e+01 -5.847998010e+01 +5.8697e-01 -5.4059e-01
5396 0 +1.773448013e-05 -5.847998227e+01 -5.847998227e+01 +5.8416e-01 -5.3924e-01
5481 0 +1.582487720e-05 -5.847998418e+01 -5.847998418e+01 +5.8147e-01 -5.3802e-01
5572 0 +1.408532426e-05 -5.847998591e+01 -5.847998591e+01 +5.7878e-01 -5.3668e-01
5697 0 +1.258768994e-05 -5.847998741e+01 -5.847998741e+01 +5.7628e-01 -5.3552e-01
5865 0 +1.119147587e-05 -5.847998881e+01 -5.847998881e+01 +5.7371e-01 -5.3430e-01
6025 0 +9.976759600e-06 -5.847999002e+01 -5.847999002e+01 +5.7127e-01 -5.3314e-01
6181 0 +8.888929351e-06 -5.847999111e+01 -5.847999111e+01 +5.6889e-01 -5.3198e-01
6333 0 +7.922548981e-06 -5.847999208e+01 -5.847999208e+01 +5.6657e-01 -5.3088e-01
6481 0 +7.058638126e-06 -5.847999294e+01 -5.847999294e+01 +5.6431e-01 -5.2978e-01
6625 0 +6.293757998e-06 -5.847999371e+01 -5.847999371e+01 +5.6211e-01 -5.2874e-01
6765 0 +5.609034559e-06 -5.847999439e+01 -5.847999439e+01 +5.5997e-01 -5.2770e-01
6901 0 +5.007900164e-06 -5.847999499e+01 -5.847999499e+01 +5.5790e-01 -5.2672e-01
7033 0 +4.466708674e-06 -5.847999553e+01 -5.847999553e+01 +5.5588e-01 -5.2575e-01
7165 0 +3.972179876e-06 -5.847999603e+01 -5.847999603e+01 +5.5387e-01 -5.2477e-01
7289 0 +3.547900398e-06 -5.847999645e+01 -5.847999645e+01 +5.5197e-01 -5.2385e-01
7413 0 +3.159723157e-06 -5.847999684e+01 -5.847999684e+01 +5.5008e-01 -5.2294e-01
7533 0 +2.812314818e-06 -5.847999719e+01 -5.847999719e+01 +5.4825e-01 -5.2202e-01
7649 0 +2.508614834e-06 -5.847999749e+01 -5.847999749e+01 +5.4648e-01 -5.2117e-01
7765 0 +2.231002384e-06 -5.847999777e+01 -5.847999777e+01 +5.4470e-01 -5.2031e-01
7873 0 +1.994820288e-06 -5.847999801e+01 -5.847999801e+01 +5.4306e-01 -5.1952e-01
7985 0 +1.778120840e-06 -5.847999822e+01 -5.847999822e+01 +5.4135e-01 -5.1872e-01
8089 0 +1.581548048e-06 -5.847999842e+01 -5.847999842e+01 +5.3976e-01 -5.1793e-01
8192 0 +1.410049428e-06 -5.847999859e+01 -5.847999859e+01 +5.3823e-01 -5.1714e-01
8296 0 +1.258747808e-06 -5.847999874e+01 -5.847999874e+01 +5.3673e-01 -5.1643e-01
8489 0 +1.119824255e-06 -5.847999888e+01 -5.847999888e+01 +5.3524e-01 -5.1570e-01
8677 0 +9.977852145e-07 -5.847999900e+01 -5.847999900e+01 +5.3380e-01 -5.1500e-01
8857 0 +8.905657509e-07 -5.847999911e+01 -5.847999911e+01 +5.3243e-01 -5.1433e-01
9036 0 +7.942452953e-07 -5.847999921e+01 -5.847999921e+01 +5.3108e-01 -5.1365e-01
9208 0 +7.077373780e-07 -5.847999929e+01 -5.847999929e+01 +5.2977e-01 -5.1301e-01
9373 0 +6.302050508e-07 -5.847999937e+01 -5.847999937e+01 +5.2849e-01 -5.1240e-01
9536 0 +5.620120902e-07 -5.847999944e+01 -5.847999944e+01 +5.2727e-01 -5.1179e-01
9689 0 +5.009018551e-07 -5.847999950e+01 -5.847999950e+01 +5.2608e-01 -5.1121e-01
9841 0 +4.466557115e-07 -5.847999955e+01 -5.847999955e+01 +5.2492e-01 -5.1066e-01
9989 0 +3.976979102e-07 -5.847999960e+01 -5.847999960e+01 +5.2379e-01 -5.1011e-01
10132 0 +3.538257687e-07 -5.847999965e+01 -5.847999965e+01 +5.2272e-01 -5.0956e-01
10265 0 +3.157824011e-07 -5.847999968e+01 -5.847999968e+01 +5.2168e-01 -5.0907e-01
10393 0 +2.817435174e-07 -5.847999972e+01 -5.847999972e+01 +5.2070e-01 -5.0859e-01
10521 0 +2.504086538e-07 -5.847999975e+01 -5.847999975e+01 +5.1972e-01 -5.0810e-01
10717 0 +2.237574463e-07 -5.847999978e+01 -5.847999978e+01 +5.1882e-01 -5.0765e-01
10952 0 +1.994312981e-07 -5.847999980e+01 -5.847999980e+01 +5.1794e-01 -5.0721e-01
11173 0 +1.775864860e-07 -5.847999982e+01 -5.847999982e+01 +5.1708e-01 -5.0680e-01
11385 0 +1.583763165e-07 -5.847999984e+01 -5.847999984e+01 +5.1627e-01 -5.0640e-01
11589 0 +1.411707800e-07 -5.847999986e+01 -5.847999986e+01 +5.1550e-01 -5.0602e-01
11785 0 +1.257810496e-07 -5.847999987e+01 -5.847999987e+01 +5.1475e-01 -5.0565e-01
11969 0 +1.121832653e-07 -5.847999989e+01 -5.847999989e+01 +5.1404e-01 -5.0530e-01
12149 0 +9.986777627e-08 -5.847999990e+01 -5.847999990e+01 +5.1336e-01 -5.0497e-01
12317 0 +8.904820703e-08 -5.847999991e+01 -5.847999991e+01 +5.1272e-01 -5.0465e-01
12481 0 +7.924369783e-08 -5.847999992e+01 -5.847999992e+01 +5.1209e-01 -5.0434e-01
12633 0 +7.067752250e-08 -5.847999993e+01 -5.847999993e+01 +5.1151e-01 -5.0405e-01
12781 0 +6.292805921e-08 -5.847999994e+01 -5.847999994e+01 +5.1095e-01 -5.0378e-01
12917 0 +5.618937848e-08 -5.847999994e+01 -5.847999994e+01 +5.1043e-01 -5.0352e-01
13072 0 +5.007033366e-08 -5.847999995e+01 -5.847999995e+01 +5.0992e-01 -5.0326e-01
13321 0 +4.459446501e-08 -5.847999996e+01 -5.847999996e+01 +5.0944e-01 -5.0303e-01
13557 0 +3.978004770e-08 -5.847999996e+01 -5.847999996e+01 +5.0899e-01 -5.0281e-01
13784 0 +3.548089467e-08 -5.847999996e+01 -5.847999996e+01 +5.0856e-01 -5.0259e-01
13997 0 +3.160261031e-08 -5.847999997e+01 -5.847999997e+01 +5.0815e-01 -5.0239e-01
14201 0 +2.816069866e-08 -5.847999997e+01 -5.847999997e+01 +5.0776e-01 -5.0220e-01
14393 0 +2.507769636e-08 -5.847999997e+01 -5.847999997e+01 +5.0740e-01 -5.0202e-01
14576 0 +2.236385654e-08 -5.847999998e+01 -5.847999998e+01 +5.0705e-01 -5.0184e-01
14745 0 +1.992787446e-08 -5.847999998e+01 -5.847999998e+01 +5.0672e-01 -5.0168e-01
14909 0 +1.774973413e-08 -5.847999998e+01 -5.847999998e+01 +5.0641e-01 -5.0153e-01
15061 0 +1.583834575e-08 -5.847999998e+01 -5.847999998e+01 +5.0612e-01 -5.0139e-01
15209 0 +1.409861738e-08 -5.847999999e+01 -5.847999999e+01 +5.0584e-01 -5.0125e-01
15345 0 +1.257745907e-08 -5.847999999e+01 -5.847999999e+01 +5.0558e-01 -5.0112e-01
15477 0 +1.120778137e-08 -5.847999999e+01 -5.847999999e+01 +5.0533e-01 -5.0100e-01
15669 0 +9.983224913e-09 -5.847999999e+01 -5.847999999e+01 +5.0509e-01 -5.0088e-01
20000 0 +6.393037211e-10 -5.848000000e+01 -5.848000000e+01 +5.0211e-01 -4.9940e-01
% f evaluations | g evaluations | best noise-free fitness - Fopt (-6.130800000000e+02) + sum g_i+ | measured fitness | best measured fitness or single-digit g-values | x1 | x2...
1 0 +2.503737427e-01 -6.128296263e+02 -6.128296263e+02 +0.0000e+00 +0.0000e+00
29 0 +1.404829898e-01 -6.129395170e+02 -6.129395170e+02 -1.3899e+00 +2.1231e+00
59 0 +6.210745693e-02 -6.130178925e+02 -6.130178925e+02 -1.3899e+00 +1.8162e+00
720 0 +4.081666814e-02 -6.130391833e+02 -6.130391833e+02 -1.3899e+00 +1.9413e+00
754 0 +1.840205547e-02 -6.130615979e+02 -6.130615979e+02 -1.3880e+00 +1.9178e+00
796 0 +1.771113359e-02 -6.130622889e+02 -6.130622889e+02 -1.3880e+00 +1.9393e+00
896 0 +1.584590059e-02 -6.130641541e+02 -6.130641541e+02 -1.3880e+00 +1.9882e+00
20011 0 +1.570765077e-02 -6.130642923e+02 -6.130642923e+02 -1.3880e+00 +2.0005e+00
% f evaluations | g evaluations | best noise-free fitness - Fopt (1.814100000000e+02) + sum g_i+ | measured fitness | best measured fitness or single-digit g-values | x1 | x2...
1 0 +2.503737427e-01 +1.816603737e+02 +1.816603737e+02 +0.0000e+00 +0.0000e+00
9367 0 +2.464531631e-01 +1.816564532e+02 +1.816564532e+02 -5.4584e-03 -1.5779e+00
10002 0 +1.366853187e-01 +1.815466853e+02 +1.815466853e+02 +4.3420e-01 +1.8473e+00
10043 0 +9.443345249e-02 +1.815044335e+02 +1.815044335e+02 +4.3420e-01 +1.8454e+00
15062 0 +1.594549486e-02 +1.814259455e+02 +1.814259455e+02 +4.8793e-02 +1.3507e-01
15102 0 +1.578107668e-02 +1.814257811e+02 +1.814257811e+02 +4.8793e-02 +1.3458e-01
20011 0 +1.570765077e-02 +1.814257077e+02 +1.814257077e+02 +4.8793e-02 +1.3476e-01
% f evaluations | g evaluations | best noise-free fitness - Fopt (-8.350000000000e+00) + sum g_i+ | measured fitness | best measured fitness or single-digit g-values | x1 | x2...
1 0 +2.503737427e-01 -8.099626257e+00 -8.099626257e+00 +0.0000e+00 +0.0000e+00
7111 0 +9.437364071e-02 -8.255626359e+00 -8.255626359e+00 +2.2231e-01 +1.1439e+00
18160 0 +7.875402037e-02 -8.271245980e+00 -8.271245980e+00 +8.7791e-01 -3.1910e-01
18180 0 +6.295185616e-02 -8.287048144e+00 -8.287048144e+00 +8.7693e-01 -3.1910e-01
18502 0 +2.501503067e-02 -8.324984969e+00 -8.324984969e+00 +5.7741e-01 +4.4264e-01
18515 0 +1.578355555e-02 -8.334216444e+00 -8.334216444e+00 +5.7741e-01 +4.4655e-01
20000 0 +1.570765077e-02 -8.334292349e+00 -8.334292349e+00 +5.7741e-01 +4.4622e-01
% f evaluations | g evaluations | best noise-free fitness - Fopt (-2.563800000000e+02) + sum g_i+ | measured fitness | best measured fitness or single-digit g-values | x1 | x2...
1 0 +2.503737427e-01 -2.561296263e+02 -2.561296263e+02 +0.0000e+00 +0.0000e+00
124 0 +2.366835147e-01 -2.561433165e+02 -2.561433165e+02 +1.2782e+00 +2.8204e-03
1380 0 +1.563908305e-01 -2.562236092e+02 -2.562236092e+02 +5.9649e-01 +7.9903e-02
1406 0 +1.076423428e-01 -2.562723577e+02 -2.562723577e+02 +5.9649e-01 +8.7721e-02
1412 0 +2.670694030e-02 -2.563532931e+02 -2.563532931e+02 +6.0040e-01 +8.7721e-02
1421 0 +2.032816551e-02 -2.563596718e+02 -2.563596718e+02 +5.9845e-01 +8.5766e-02
1427 0 +1.690200952e-02 -2.563630980e+02 -2.563630980e+02 +5.9747e-01 +8.5766e-02
1443 0 +1.578798400e-02 -2.563642120e+02 -2.563642120e+02 +5.9772e-01 +8.5766e-02
8115 0 +1.409101986e-02 -2.563659090e+02 -2.563659090e+02 -1.0453e+00 -6.8270e-01
8249 0 +1.258441989e-02 -2.563674156e+02 -2.563674156e+02 -1.0292e+00 -6.7684e-01
8379 0 +1.121006881e-02 -2.563687899e+02 -2.563687899e+02 -1.0131e+00 -6.7146e-01
8505 0 +9.990474412e-03 -2.563700095e+02 -2.563700095e+02 -9.9793e-01 -6.6560e-01
8627 0 +8.874905964e-03 -2.563711251e+02 -2.563711251e+02 -9.8279e-01 -6.6022e-01
8743 0 +7.926358941e-03 -2.563720736e+02 -2.563720736e+02 -9.6862e-01 -6.5534e-01
8857 0 +7.074045952e-03 -2.563729260e+02 -2.563729260e+02 -9.5494e-01 -6.4996e-01
8967 0 +6.282410558e-03 -2.563737176e+02 -2.563737176e+02 -9.4126e-01 -6.4508e-01
9071 0 +5.620700707e-03 -2.563743793e+02 -2.563743793e+02 -9.2855e-01 -6.4068e-01
9175 0 +4.993176830e-03 -2.563750068e+02 -2.563750068e+02 -9.1585e-01 -6.3579e-01
9275 0 +4.452287436e-03 -2.563755477e+02 -2.563755477e+02 -9.0363e-01 -6.3140e-01
9391 0 +3.973587617e-03 -2.563760264e+02 -2.563760264e+02 -8.9215e-01 -6.2700e-01
9577 0 +3.546095395e-03 -2.563764539e+02 -2.563764539e+02 -8.8091e-01 -6.2260e-01
9757 0 +3.161007274e-03 -2.563768390e+02 -2.563768390e+02 -8.6992e-01 -6.1845e-01
9931 0 +2.813802661e-03 -2.563771862e+02 -2.563771862e+02 -8.5917e-01 -6.1454e-01
10099 0 +2.509215876e-03 -2.563774908e+02 -2.563774908e+02 -8.4891e-01 -6.1063e-01
10263 0 +2.235155912e-03 -2.563777648e+02 -2.563777648e+02 -8.3890e-01 -6.0672e-01
10423 0 +1.990106401e-03 -2.563780099e+02 -2.563780099e+02 -8.2912e-01 -6.0306e-01
10575 0 +1.775094435e-03 -2.563782249e+02 -2.563782249e+02 -8.1984e-01 -5.9939e-01
10723 0 +1.582952717e-03 -2.563784170e+02 -2.563784170e+02 -8.1080e-01 -5.9597e-01
10867 0 +1.410679011e-03 -2.563785893e+02 -2.563785893e+02 -8.0201e-01 -5.9255e-01
11009 0 +1.256721162e-03 -2.563787433e+02 -2.563787433e+02 -7.9346e-01 -5.8913e-01
11143 0 +1.119069795e-03 -2.563788809e+02 -2.563788809e+02 -7.8515e-01 -5.8596e-01
11275 0 +9.963609642e-04 -2.563790036e+02 -2.563790036e+02 -7.7709e-01 -5.8278e-01
11399 0 +8.905525804e-04 -2.563791094e+02 -2.563791094e+02 -7.6951e-01 -5.7985e-01
11523 0 +7.936310469e-04 -2.563792064e+02 -2.563792064e+02 -7.6194e-01 -5.7692e-01
11643 0 +7.064705674e-04 -2.563792935e+02 -2.563792935e+02 -7.5461e-01 -5.7399e-01
11761 0 +6.290103509e-04 -2.563793710e+02 -2.563793710e+02 -7.4753e-01 -5.7105e-01
11871 0 +5.605813467e-04 -2.563794394e+02 -2.563794394e+02 -7.4069e-01 -5.6837e-01
11981 0 +5.000514668e-04 -2.563794999e+02 -2.563794999e+02 -7.3409e-01 -5.6568e-01
12083 0 +4.464344721e-04 -2.563795536e+02 -2.563795536e+02 -7.2774e-01 -5.6324e-01
12189 0 +3.971833099e-04 -2.563796028e+02 -2.563796028e+02 -7.2139e-01 -5.6055e-01
12289 0 +3.535321441e-04 -2.563796465e+02 -2.563796465e+02 -7.1528e-01 -5.5811e-01
12383 0 +3.155291984e-04 -2.563796845e+02 -2.563796845e+02 -7.0942e-01 -5.5591e-01
12477 0 +2.813022935e-04 -2.563797187e+02 -2.563797187e+02 -7.0380e-01 -5.5347e-01
12567 0 +2.501805027e-04 -2.563797498e+02 -2.563797498e+02 -6.9818e-01 -5.5127e-01
12655 0 +2.228994310e-04 -2.563797771e+02 -2.563797771e+02 -6.9280e-01 -5.4907e-01
12741 0 +1.991876605e-04 -2.563798008e+02 -2.563798008e+02 -6.8767e-01 -5.4687e-01
12823 0 +1.771281609e-04 -2.563798229e+02 -2.563798229e+02 -6.8254e-01 -5.4491e-01
12903 0 +1.581622883e-04 -2.563798418e+02 -2.563798418e+02 -6.7766e-01 -5.4296e-01
12979 0 +1.411813778e-04 -2.563798588e+02 -2.563798588e+02 -6.7302e-01 -5.4101e-01
13123 0 +1.256948023e-04 -2.563798743e+02 -2.563798743e+02 -6.6837e-01 -5.3905e-01
13271 0 +1.119976658e-04 -2.563798880e+02 -2.563798880e+02 -6.6385e-01 -5.3722e-01
13411 0 +9.999031283e-05 -2.563799000e+02 -2.563799000e+02 -6.5958e-01 -5.3539e-01
13551 0 +8.907346682e-05 -2.563799109e+02 -2.563799109e+02 -6.5530e-01 -5.3368e-01
13687 0 +7.933488610e-05 -2.563799207e+02 -2.563799207e+02 -6.5115e-01 -5.3197e-01
13819 0 +7.058354595e-05 -2.563799294e+02 -2.563799294e+02 -6.4712e-01 -5.3026e-01
13943 0 +6.308082499e-05 -2.563799369e+02 -2.563799369e+02 -6.4333e-01 -5.2867e-01
14067 0 +5.619725101e-05 -2.563799438e+02 -2.563799438e+02 -6.3955e-01 -5.2708e-01
14189 0 +5.011293797e-05 -2.563799499e+02 -2.563799499e+02 -6.3588e-01 -5.2549e-01
14307 0 +4.450998904e-05 -2.563799555e+02 -2.563799555e+02 -6.3222e-01 -5.2403e-01
14419 0 +3.971707224e-05 -2.563799603e+02 -2.563799603e+02 -6.2880e-01 -5.2256e-01
14531 0 +3.544098581e-05 -2.563799646e+02 -2.563799646e+02 -6.2538e-01 -5.2122e-01
14637 0 +3.161720588e-05 -2.563799684e+02 -2.563799684e+02 -6.2220e-01 -5.1975e-01
14743 0 +2.805250415e-05 -2.563799719e+02 -2.563799719e+02 -6.1890e-01 -5.1841e-01
14843 0 +2.510594499e-05 -2.563799749e+02 -2.563799749e+02 -6.1585e-01 -5.1719e-01
14943 0 +2.228992372e-05 -2.563799777e+02 -2.563799777e+02 -6.1280e-01 -5.1584e-01
15039 0 +1.987920200e-05 -2.563799801e+02 -2.563799801e+02 -6.0986e-01 -5.1462e-01
15131 0 +1.773185528e-05 -2.563799823e+02 -2.563799823e+02 -6.0706e-01 -5.1340e-01
15225 0 +1.577954993e-05 -2.563799842e+02 -2.563799842e+02 -6.0425e-01 -5.1218e-01
15311 0 +1.407934911e-05 -2.563799859e+02 -2.563799859e+02 -6.0156e-01 -5.1108e-01
15395 0 +1.258133517e-05 -2.563799874e+02 -2.563799874e+02 -5.9899e-01 -5.0998e-01
15479 0 +1.120956699e-05 -2.563799888e+02 -2.563799888e+02 -5.9643e-01 -5.0888e-01
15563 0 +9.956247936e-06 -2.563799900e+02 -2.563799900e+02 -5.9386e-01 -5.0778e-01
15643 0 +8.906994822e-06 -2.563799911e+02 -2.563799911e+02 -5.9142e-01 -5.0680e-01
15721 0 +7.919853488e-06 -2.563799921e+02 -2.563799921e+02 -5.8910e-01 -5.0570e-01
15795 0 +7.049319834e-06 -2.563799930e+02 -2.563799930e+02 -5.8678e-01 -5.0473e-01
15869 0 +6.304588226e-06 -2.563799937e+02 -2.563799937e+02 -5.8458e-01 -5.0375e-01
15971 0 +5.619359911e-06 -2.563799944e+02 -2.563799944e+02 -5.8238e-01 -5.0290e-01
16111 0 +5.007449772e-06 -2.563799950e+02 -2.563799950e+02 -5.8024e-01 -5.0198e-01
16243 0 +4.466241137e-06 -2.563799955e+02 -2.563799955e+02 -5.7823e-01 -5.0106e-01
16379 0 +3.975076595e-06 -2.563799960e+02 -2.563799960e+02 -5.7615e-01 -5.0021e-01
16507 0 +3.542391028e-06 -2.563799965e+02 -2.563799965e+02 -5.7420e-01 -4.9935e-01
16633 0 +3.158722166e-06 -2.563799968e+02 -2.563799968e+02 -5.7230e-01 -4.9850e-01
16755 0 +2.811441675e-06 -2.563799972e+02 -2.563799972e+02 -5.7041e-01 -4.9770e-01
16875 0 +2.503394114e-06 -2.563799975e+02 -2.563799975e+02 -5.6858e-01 -4.9691e-01
16991 0 +2.237713773e-06 -2.563799978e+02 -2.563799978e+02 -5.6681e-01 -4.9618e-01
17105 0 +1.989945304e-06 -2.563799980e+02 -2.563799980e+02 -5.6510e-01 -4.9538e-01
17215 0 +1.769711275e-06 -2.563799982e+02 -2.563799982e+02 -5.6339e-01 -4.9465e-01
17319 0 +1.583519577e-06 -2.563799984e+02 -2.563799984e+02 -5.6180e-01 -4.9398e-01
17425 0 +1.411927826e-06 -2.563799986e+02 -2.563799986e+02 -5.6021e-01 -4.9325e-01
17529 0 +1.253421260e-06 -2.563799987e+02 -2.563799987e+02 -5.5862e-01 -4.9257e-01
17635 0 +1.121491380e-06 -2.563799989e+02 -2.563799989e+02 -5.5716e-01 -4.9196e-01
17827 0 +9.990130820e-07 -2.563799990e+02 -2.563799990e+02 -5.5569e-01 -4.9132e-01
18013 0 +8.910186011e-07 -2.563799991e+02 -2.563799991e+02 -5.5429e-01 -4.9068e-01
18195 0 +7.931298001e-07 -2.563799992e+02 -2.563799992e+02 -5.5288e-01 -4.9010e-01
18367 0 +7.078953672e-07 -2.563799993e+02 -2.563799993e+02 -5.5157e-01 -4.8952e-01
18539 0 +6.297261734e-07 -2.563799994e+02 -2.563799994e+02 -5.5026e-01 -4.8894e-01
18703 0 +5.613738949e-07 -2.563799994e+02 -2.563799994e+02 -5.4900e-01 -4.8839e-01
18863 0 +5.006122592e-07 -2.563799995e+02 -2.563799995e+02 -5.4778e-01 -4.8787e-01
19015 0 +4.463442451e-07 -2.563799996e+02 -2.563799996e+02 -5.4662e-01 -4.8735e-01
19167 0 +3.978236123e-07 -2.563799996e+02 -2.563799996e+02 -5.4546e-01 -4.8686e-01
19307 0 +3.545956133e-07 -2.563799996e+02 -2.563799996e+02 -5.4439e-01 -4.8637e-01
19447 0 +3.159364610e-07 -2.563799997e+02 -2.563799997e+02 -5.4332e-01 -4.8592e-01
19579 0 +2.815398830e-07 -2.563799997e+02 -2.563799997e+02 -5.4232e-01 -4.8546e-01
19707 0 +2.509710839e-07 -2.563799997e+02 -2.563799997e+02 -5.4134e-01 -4.8503e-01
19833 0 +2.237043759e-07 -2.563799998e+02 -2.563799998e+02 -5.4039e-01 -4.8460e-01
19953 0 +1.989227485e-07 -2.563799998e+02 -2.563799998e+02 -5.3948e-01 -4.8421e-01
20011 0 +1.895171522e-07 -2.563799998e+02 -2.563799998e+02 -5.3911e-01 -4.8405e-01
% f evaluations | g evaluations | best noise-free fitness - Fopt (-1.451600000000e+02) + sum g_i+ | measured fitness | best measured fitness or single-digit g-values | x1 | x2...
1 0 +2.503737427e-01 -1.449096263e+02 -1.449096263e+02 +0.0000e+00 +0.0000e+00
719 0 +1.603243139e-02 -1.451439676e+02 -1.451439676e+02 -1.6145e+00 +1.6539e+00
764 0 +1.574689394e-02 -1.451442531e+02 -1.451442531e+02 -1.6145e+00 +1.6549e+00
2770 0 +4.220715789e-03 -1.451557793e+02 -1.451557793e+02 +5.3302e-01 +3.8198e-01
2776 0 +8.415054675e-04 -1.451591585e+02 -1.451591585e+02 +5.4865e-01 +3.8198e-01
2778 0 +3.539781783e-04 -1.451596460e+02 -1.451596460e+02 +5.4865e-01 +3.9762e-01
2784 0 +4.622782129e-05 -1.451599538e+02 -1.451599538e+02 +5.5647e-01 +3.9762e-01
2786 0 +3.601493498e-05 -1.451599640e+02 -1.451599640e+02 +5.5647e-01 +4.0544e-01
2792 0 +2.865071735e-06 -1.451599971e+02 -1.451599971e+02 +5.6038e-01 +4.0544e-01
2799 0 +8.908828306e-07 -1.451599991e+02 -1.451599991e+02 +5.5842e-01 +4.0544e-01
2801 0 +7.667633213e-07 -1.451599992e+02 -1.451599992e+02 +5.5842e-01 +4.0348e-01
2807 0 +3.530510924e-07 -1.451599996e+02 -1.451599996e+02 +5.5745e-01 +4.0348e-01
2816 0 +2.526331571e-07 -1.451599997e+02 -1.451599997e+02 +5.5793e-01 +4.0348e-01
2818 0 +2.505577186e-07 -1.451599997e+02 -1.451599997e+02 +5.5793e-01 +4.0397e-01
2824 0 +2.140941717e-07 -1.451599998e+02 -1.451599998e+02 +5.5818e-01 +4.0397e-01
2906 0 +1.993306000e-07 -1.451599998e+02 -1.451599998e+02 +5.5839e-01 +4.0437e-01
3106 0 +1.774487828e-07 -1.451599998e+02 -1.451599998e+02 +5.5894e-01 +4.0513e-01
3298 0 +1.580831679e-07 -1.451599998e+02 -1.451599998e+02 +5.5946e-01 +4.0586e-01
3480 0 +1.411716255e-07 -1.451599999e+02 -1.451599999e+02 +5.5995e-01 +4.0655e-01
3656 0 +1.257807867e-07 -1.451599999e+02 -1.451599999e+02 +5.6042e-01 +4.0722e-01
3824 0 +1.120726836e-07 -1.451599999e+02 -1.451599999e+02 +5.6088e-01 +4.0786e-01
3984 0 +9.989662431e-08 -1.451599999e+02 -1.451599999e+02 +5.6131e-01 +4.0847e-01
4136 0 +8.908205018e-08 -1.451599999e+02 -1.451599999e+02 +5.6172e-01 +4.0905e-01
4284 0 +7.924899137e-08 -1.451599999e+02 -1.451599999e+02 +5.6212e-01 +4.0962e-01
4522 0 +7.079094644e-08 -1.451599999e+02 -1.451599999e+02 +5.6248e-01 +4.1014e-01
4788 0 +6.309522860e-08 -1.451599999e+02 -1.451599999e+02 +5.6284e-01 +4.1064e-01
5038 0 +5.621930654e-08 -1.451599999e+02 -1.451599999e+02 +5.6318e-01 +4.1112e-01
5278 0 +5.009360393e-08 -1.451599999e+02 -1.451599999e+02 +5.6350e-01 +4.1158e-01
5506 0 +4.463655046e-08 -1.451600000e+02 -1.451600000e+02 +5.6380e-01 +4.1202e-01
5722 0 +3.977771712e-08 -1.451600000e+02 -1.451600000e+02 +5.6409e-01 +4.1243e-01
5926 0 +3.545707727e-08 -1.451600000e+02 -1.451600000e+02 +5.6437e-01 +4.1282e-01
6120 0 +3.159701123e-08 -1.451600000e+02 -1.451600000e+02 +5.6464e-01 +4.1318e-01
6304 0 +2.815426114e-08 -1.451600000e+02 -1.451600000e+02 +5.6488e-01 +4.1354e-01
6478 0 +2.505933594e-08 -1.451600000e+02 -1.451600000e+02 +5.6512e-01 +4.1387e-01
6644 0 +2.234469321e-08 -1.451600000e+02 -1.451600000e+02 +5.6534e-01 +4.1418e-01
6798 0 +1.993180376e-08 -1.451600000e+02 -1.451600000e+02 +5.6555e-01 +4.1448e-01
6998 0 +1.777809189e-08 -1.451600000e+02 -1.451600000e+02 +5.6574e-01 +4.1476e-01
7280 0 +1.583958920e-08 -1.451600000e+02 -1.451600000e+02 +5.6593e-01 +4.1503e-01
7542 0 +1.412337269e-08 -1.451600000e+02 -1.451600000e+02 +5.6611e-01 +4.1528e-01
7794 0 +1.258374027e-08 -1.451600000e+02 -1.451600000e+02 +5.6628e-01 +4.1552e-01
8030 0 +1.121449600e-08 -1.451600000e+02 -1.451600000e+02 +5.6644e-01 +4.1575e-01
8256 0 +9.994465699e-09 -1.451600000e+02 -1.451600000e+02 +5.6659e-01 +4.1596e-01
20000 0 +5.891820365e-11 -1.451600000e+02 -1.451600000e+02 +5.6895e-01 +4.1932e-01
% f evaluations | g evaluations | best noise-free fitness - Fopt (-2.915700000000e+02) + sum g_i+ | measured fitness | best measured fitness or single-digit g-values | x1 | x2...
1 0 +2.503737427e-01 -2.913196263e+02 -2.913196263e+02 +0.0000e+00 +0.0000e+00
29 0 +1.257156203e-01 -2.914442844e+02 -2.914442844e+02 +7.3316e-01 +0.0000e+00
671 0 +1.101430283e-01 -2.914598570e+02 -2.914598570e+02 -1.4962e-01 -7.9442e-02
687 0 +9.934546791e-02 -2.914706545e+02 -2.914706545e+02 -1.5353e-01 -6.3807e-02
704 0 +8.860159700e-02 -2.914813984e+02 -2.914813984e+02 -1.6135e-01 -4.8171e-02
719 0 +7.901621625e-02 -2.914909838e+02 -2.914909838e+02 -1.6526e-01 -3.2536e-02
740 0 +6.854429511e-02 -2.915014557e+02 -2.915014557e+02 -1.7307e-01 -1.2992e-02
752 0 +6.284737860e-02 -2.915071526e+02 -2.915071526e+02 -1.7698e-01 -1.2660e-03
767 0 +5.565633244e-02 -2.915143437e+02 -2.915143437e+02 -1.8089e-01 +1.4369e-02
783 0 +4.968692921e-02 -2.915203131e+02 -2.915203131e+02 -1.8480e-01 +3.0004e-02
799 0 +4.465913343e-02 -2.915253409e+02 -2.915253409e+02 -1.8871e-01 +4.5639e-02
816 0 +3.970699573e-02 -2.915302930e+02 -2.915302930e+02 -1.9457e-01 +5.7366e-02
847 0 +3.495584918e-02 -2.915350442e+02 -2.915350442e+02 -1.9848e-01 +7.3001e-02
875 0 +3.119267409e-02 -2.915388073e+02 -2.915388073e+02 -2.0239e-01 +8.6682e-02
903 0 +2.776096157e-02 -2.915422390e+02 -2.915422390e+02 -2.0630e-01 +1.0036e-01
927 0 +2.509406789e-02 -2.915449059e+02 -2.915449059e+02 -2.1021e-01 +1.1209e-01
956 0 +2.227991468e-02 -2.915477201e+02 -2.915477201e+02 -2.1412e-01 +1.2577e-01
983 0 +1.985526041e-02 -2.915501447e+02 -2.915501447e+02 -2.1607e-01 +1.3945e-01
1007 0 +1.762769641e-02 -2.915523723e+02 -2.915523723e+02 -2.1998e-01 +1.5118e-01
1035 0 +1.549136219e-02 -2.915545086e+02 -2.915545086e+02 -2.2389e-01 +1.6486e-01
1055 0 +1.411618574e-02 -2.915558838e+02 -2.915558838e+02 -2.2584e-01 +1.7463e-01
1083 0 +1.232773651e-02 -2.915576723e+02 -2.915576723e+02 -2.2975e-01 +1.8831e-01
1103 0 +1.117980634e-02 -2.915588202e+02 -2.915588202e+02 -2.3171e-01 +1.9808e-01
1131 0 +9.724203149e-03 -2.915602758e+02 -2.915602758e+02 -2.3562e-01 +2.1176e-01
1151 0 +8.755044321e-03 -2.915612450e+02 -2.915612450e+02 -2.3757e-01 +2.2153e-01
1171 0 +7.894696650e-03 -2.915621053e+02 -2.915621053e+02 -2.3952e-01 +2.3131e-01
1195 0 +7.068477666e-03 -2.915629315e+02 -2.915629315e+02 -2.4148e-01 +2.4303e-01
1216 0 +6.258765200e-03 -2.915637412e+02 -2.915637412e+02 -2.4539e-01 +2.5281e-01
1235 0 +5.566846976e-03 -2.915644332e+02 -2.915644332e+02 -2.4734e-01 +2.6258e-01
1255 0 +4.948052574e-03 -2.915650519e+02 -2.915650519e+02 -2.4930e-01 +2.7235e-01
1275 0 +4.392855929e-03 -2.915656071e+02 -2.915656071e+02 -2.5125e-01 +2.8212e-01
1295 0 +3.893303752e-03 -2.915661067e+02 -2.915661067e+02 -2.5321e-01 +2.9189e-01
1323 0 +3.530076828e-03 -2.915664699e+02 -2.915664699e+02 -2.5516e-01 +2.9971e-01
1360 0 +3.156069037e-03 -2.915668439e+02 -2.915668439e+02 -2.5711e-01 +3.0851e-01
1396 0 +2.818341599e-03 -2.915671817e+02 -2.915671817e+02 -2.5907e-01 +3.1730e-01
1431 0 +2.497499041e-03 -2.915675025e+02 -2.915675025e+02 -2.6005e-01 +3.2609e-01
1463 0 +2.229393497e-03 -2.915677706e+02 -2.915677706e+02 -2.6200e-01 +3.3391e-01
1499 0 +1.969174917e-03 -2.915680308e+02 -2.915680308e+02 -2.6395e-01 +3.4271e-01
1531 0 +1.765077733e-03 -2.915682349e+02 -2.915682349e+02 -2.6493e-01 +3.5052e-01
1563 0 +1.560197771e-03 -2.915684398e+02 -2.915684398e+02 -2.6689e-01 +3.5834e-01
1591 0 +1.411286259e-03 -2.915685887e+02 -2.915685887e+02 -2.6786e-01 +3.6518e-01
1623 0 +1.243045220e-03 -2.915687570e+02 -2.915687570e+02 -2.6982e-01 +3.7300e-01
1651 0 +1.114444332e-03 -2.915688856e+02 -2.915688856e+02 -2.7079e-01 +3.7984e-01
1683 0 +9.816051304e-04 -2.915690184e+02 -2.915690184e+02 -2.7275e-01 +3.8766e-01
1707 0 +8.859615295e-04 -2.915691140e+02 -2.915691140e+02 -2.7373e-01 +3.9352e-01
1735 0 +7.861156067e-04 -2.915692139e+02 -2.915692139e+02 -2.7470e-01 +4.0036e-01
1763 0 +7.029215377e-04 -2.915692971e+02 -2.915692971e+02 -2.7568e-01 +4.0720e-01
1791 0 +6.172287341e-04 -2.915693828e+02 -2.915693828e+02 -2.7763e-01 +4.1404e-01
1815 0 +5.511072804e-04 -2.915694489e+02 -2.915694489e+02 -2.7861e-01 +4.1991e-01
1839 0 +4.911621218e-04 -2.915695088e+02 -2.915695088e+02 -2.7959e-01 +4.2577e-01
1863 0 +4.368162327e-04 -2.915695632e+02 -2.915695632e+02 -2.8057e-01 +4.3163e-01
1883 0 +3.968543140e-04 -2.915696031e+02 -2.915696031e+02 -2.8154e-01 +4.3652e-01
1907 0 +3.508323402e-04 -2.915696492e+02 -2.915696492e+02 -2.8252e-01 +4.4238e-01
1931 0 +3.092546129e-04 -2.915696907e+02 -2.915696907e+02 -2.8350e-01 +4.4824e-01
1951 0 +2.793540263e-04 -2.915697206e+02 -2.915697206e+02 -2.8448e-01 +4.5313e-01
1975 0 +2.445862761e-04 -2.915697554e+02 -2.915697554e+02 -2.8545e-01 +4.5899e-01
1996 0 +2.223258530e-04 -2.915697777e+02 -2.915697777e+02 -2.8594e-01 +4.6290e-01
2036 0 +1.990201043e-04 -2.915698010e+02 -2.915698010e+02 -2.8692e-01 +4.6779e-01
2075 0 +1.765709050e-04 -2.915698234e+02 -2.915698234e+02 -2.8741e-01 +4.7267e-01
2111 0 +1.580137310e-04 -2.915698420e+02 -2.915698420e+02 -2.8838e-01 +4.7707e-01
2151 0 +1.405530622e-04 -2.915698594e+02 -2.915698594e+02 -2.8887e-01 +4.8196e-01
2187 0 +1.241989528e-04 -2.915698758e+02 -2.915698758e+02 -2.8985e-01 +4.8635e-01
2219 0 +1.121992100e-04 -2.915698878e+02 -2.915698878e+02 -2.9034e-01 +4.9026e-01
2255 0 +9.940829153e-05 -2.915699006e+02 -2.915699006e+02 -2.9132e-01 +4.9466e-01
2287 0 +8.875985213e-05 -2.915699112e+02 -2.915699112e+02 -2.9180e-01 +4.9857e-01
2323 0 +7.917178237e-05 -2.915699208e+02 -2.915699208e+02 -2.9229e-01 +5.0297e-01
2355 0 +6.974829876e-05 -2.915699303e+02 -2.915699303e+02 -2.9327e-01 +5.0688e-01
2383 0 +6.270795410e-05 -2.915699373e+02 -2.915699373e+02 -2.9376e-01 +5.1030e-01
2415 0 +5.557007455e-05 -2.915699444e+02 -2.915699444e+02 -2.9425e-01 +5.1421e-01
2443 0 +4.997025610e-05 -2.915699500e+02 -2.915699500e+02 -2.9474e-01 +5.1763e-01
2475 0 +4.464208979e-05 -2.915699554e+02 -2.915699554e+02 -2.9522e-01 +5.2153e-01
2504 0 +3.931244481e-05 -2.915699607e+02 -2.915699607e+02 -2.9620e-01 +5.2495e-01
2531 0 +3.476894597e-05 -2.915699652e+02 -2.915699652e+02 -2.9669e-01 +5.2837e-01
2555 0 +3.144653624e-05 -2.915699686e+02 -2.915699686e+02 -2.9718e-01 +5.3131e-01
2583 0 +2.765255715e-05 -2.915699723e+02 -2.915699723e+02 -2.9767e-01 +5.3473e-01
2607 0 +2.489405227e-05 -2.915699751e+02 -2.915699751e+02 -2.9816e-01 +5.3766e-01
2635 0 +2.174833776e-05 -2.915699783e+02 -2.915699783e+02 -2.9864e-01 +5.4108e-01
2659 0 +1.948651254e-05 -2.915699805e+02 -2.915699805e+02 -2.9913e-01 +5.4401e-01
2684 0 +1.745520376e-05 -2.915699825e+02 -2.915699825e+02 -2.9962e-01 +5.4694e-01
2699 0 +1.583740925e-05 -2.915699842e+02 -2.915699842e+02 -2.9962e-01 +5.4890e-01
2739 0 +1.407812658e-05 -2.915699859e+02 -2.915699859e+02 -3.0011e-01 +5.5158e-01
2783 0 +1.257277665e-05 -2.915699874e+02 -2.915699874e+02 -3.0060e-01 +5.5427e-01
2827 0 +1.117598049e-05 -2.915699888e+02 -2.915699888e+02 -3.0084e-01 +5.5696e-01
2867 0 +9.964310948e-06 -2.915699900e+02 -2.915699900e+02 -3.0133e-01 +5.5940e-01
2911 0 +8.872909802e-06 -2.915699911e+02 -2.915699911e+02 -3.0158e-01 +5.6209e-01
2947 0 +7.917969072e-06 -2.915699921e+02 -2.915699921e+02 -3.0206e-01 +5.6429e-01
2987 0 +7.049284648e-06 -2.915699930e+02 -2.915699930e+02 -3.0231e-01 +5.6673e-01
3027 0 +6.221385775e-06 -2.915699938e+02 -2.915699938e+02 -3.0280e-01 +5.6917e-01
3059 0 +5.614397480e-06 -2.915699944e+02 -2.915699944e+02 -3.0304e-01 +5.7113e-01
3099 0 +4.991307037e-06 -2.915699950e+02 -2.915699950e+02 -3.0329e-01 +5.7357e-01
3135 0 +4.400018383e-06 -2.915699956e+02 -2.915699956e+02 -3.0377e-01 +5.7577e-01
3167 0 +3.935740835e-06 -2.915699961e+02 -2.915699961e+02 -3.0402e-01 +5.7772e-01
3199 0 +3.523828241e-06 -2.915699965e+02 -2.915699965e+02 -3.0426e-01 +5.7968e-01
3231 0 +3.159151504e-06 -2.915699968e+02 -2.915699968e+02 -3.0451e-01 +5.8163e-01
3268 0 +2.802630206e-06 -2.915699972e+02 -2.915699972e+02 -3.0500e-01 +5.8383e-01
3299 0 +2.465441241e-06 -2.915699975e+02 -2.915699975e+02 -3.0524e-01 +5.8578e-01
3327 0 +2.214836059e-06 -2.915699978e+02 -2.915699978e+02 -3.0549e-01 +5.8749e-01
3355 0 +1.984855544e-06 -2.915699980e+02 -2.915699980e+02 -3.0573e-01 +5.8920e-01
3383 0 +1.774178543e-06 -2.915699982e+02 -2.915699982e+02 -3.0597e-01 +5.9092e-01
3411 0 +1.581546314e-06 -2.915699984e+02 -2.915699984e+02 -3.0622e-01 +5.9263e-01
3447 0 +1.410142829e-06 -2.915699986e+02 -2.915699986e+02 -3.0634e-01 +5.9421e-01
3499 0 +1.257221925e-06 -2.915699987e+02 -2.915699987e+02 -3.0658e-01 +5.9580e-01
3551 0 +1.118774321e-06 -2.915699989e+02 -2.915699989e+02 -3.0683e-01 +5.9739e-01
3603 0 +9.938800076e-07 -2.915699990e+02 -2.915699990e+02 -3.0707e-01 +5.9898e-01
3655 0 +8.816575701e-07 -2.915699991e+02 -2.915699991e+02 -3.0732e-01 +6.0056e-01
3699 0 +7.921851193e-07 -2.915699992e+02 -2.915699992e+02 -3.0744e-01 +6.0191e-01
3747 0 +7.007510590e-07 -2.915699993e+02 -2.915699993e+02 -3.0768e-01 +6.0337e-01
3795 0 +6.230745839e-07 -2.915699994e+02 -2.915699994e+02 -3.0793e-01 +6.0484e-01
3835 0 +5.569045811e-07 -2.915699994e+02 -2.915699994e+02 -3.0805e-01 +6.0606e-01
3880 0 +4.982855444e-07 -2.915699995e+02 -2.915699995e+02 -3.0829e-01 +6.0741e-01
3915 0 +4.463793744e-07 -2.915699996e+02 -2.915699996e+02 -3.0842e-01 +6.0850e-01
3959 0 +3.962148298e-07 -2.915699996e+02 -2.915699996e+02 -3.0854e-01 +6.0985e-01
3995 0 +3.546422818e-07 -2.915699996e+02 -2.915699996e+02 -3.0878e-01 +6.1095e-01
4031 0 +3.141495881e-07 -2.915699997e+02 -2.915699997e+02 -3.0891e-01 +6.1205e-01
4067 0 +2.798556693e-07 -2.915699997e+02 -2.915699997e+02 -3.0903e-01 +6.1315e-01
4107 0 +2.510935246e-07 -2.915699997e+02 -2.915699997e+02 -3.0915e-01 +6.1437e-01
4139 0 +2.204082534e-07 -2.915699998e+02 -2.915699998e+02 -3.0939e-01 +6.1534e-01
4168 0 +1.993526553e-07 -2.915699998e+02 -2.915699998e+02 -3.0945e-01 +6.1608e-01
4231 0 +1.767186291e-07 -2.915699998e+02 -2.915699998e+02 -3.0958e-01 +6.1706e-01
4287 0 +1.580209528e-07 -2.915699998e+02 -2.915699998e+02 -3.0970e-01 +6.1791e-01
4343 0 +1.406420438e-07 -2.915699999e+02 -2.915699999e+02 -3.0982e-01 +6.1877e-01
4395 0 +1.257413942e-07 -2.915699999e+02 -2.915699999e+02 -3.0994e-01 +6.1956e-01
4451 0 +1.108703032e-07 -2.915699999e+02 -2.915699999e+02 -3.1007e-01 +6.2041e-01
4499 0 +9.971932968e-08 -2.915699999e+02 -2.915699999e+02 -3.1013e-01 +6.2115e-01
4543 0 +8.843704791e-08 -2.915699999e+02 -2.915699999e+02 -3.1025e-01 +6.2182e-01
4592 0 +7.876116115e-08 -2.915699999e+02 -2.915699999e+02 -3.1037e-01 +6.2255e-01
4627 0 +7.075726671e-08 -2.915699999e+02 -2.915699999e+02 -3.1043e-01 +6.2310e-01
4671 0 +6.283340781e-08 -2.915699999e+02 -2.915699999e+02 -3.1049e-01 +6.2377e-01
4739 0 +5.611974530e-08 -2.915699999e+02 -2.915699999e+02 -3.1058e-01 +6.2429e-01
4815 0 +4.987754210e-08 -2.915700000e+02 -2.915700000e+02 -3.1068e-01 +6.2487e-01
4883 0 +4.435224810e-08 -2.915700000e+02 -2.915700000e+02 -3.1074e-01 +6.2539e-01
4947 0 +3.963384643e-08 -2.915700000e+02 -2.915700000e+02 -3.1080e-01 +6.2588e-01
5007 0 +3.547023653e-08 -2.915700000e+02 -2.915700000e+02 -3.1086e-01 +6.2634e-01
5067 0 +3.156264938e-08 -2.915700000e+02 -2.915700000e+02 -3.1092e-01 +6.2680e-01
5123 0 +2.806899602e-08 -2.915700000e+02 -2.915700000e+02 -3.1098e-01 +6.2722e-01
5175 0 +2.502792995e-08 -2.915700000e+02 -2.915700000e+02 -3.1104e-01 +6.2762e-01
5227 0 +2.228881613e-08 -2.915700000e+02 -2.915700000e+02 -3.1110e-01 +6.2802e-01
5275 0 +1.987780252e-08 -2.915700000e+02 -2.915700000e+02 -3.1113e-01 +6.2838e-01
5319 0 +1.764306035e-08 -2.915700000e+02 -2.915700000e+02 -3.1120e-01 +6.2872e-01
5359 0 +1.584868414e-08 -2.915700000e+02 -2.915700000e+02 -3.1123e-01 +6.2903e-01
5435 0 +1.408773187e-08 -2.915700000e+02 -2.915700000e+02 -3.1127e-01 +6.2933e-01
5511 0 +1.256813675e-08 -2.915700000e+02 -2.915700000e+02 -3.1132e-01 +6.2962e-01
5583 0 +1.118473847e-08 -2.915700000e+02 -2.915700000e+02 -3.1135e-01 +6.2990e-01
5655 0 +9.999155282e-09 -2.915700000e+02 -2.915700000e+02 -3.1138e-01 +6.3017e-01
20000 0 +1.665512173e-11 -2.915700000e+02 -2.915700000e+02 -3.1196e-01 +6.3438e-01
% f evaluations | g evaluations | best noise-free fitness - Fopt (1.396300000000e+02) + sum g_i+ | measured fitness | best measured fitness or single-digit g-values | x1 | x2...
1 0 +2.503737427e-01 +1.398803737e+02 +1.398803737e+02 +0.0000e+00 +0.0000e+00
128 0 +3.194232860e-02 +1.396619423e+02 +1.396619423e+02 +1.5828e+00 -8.2068e-01
156 0 +3.141777385e-02 +1.396614178e+02 +1.396614178e+02 +1.5828e+00 -8.2068e-01
457 0 +1.700365364e-02 +1.396470037e+02 +1.396470037e+02 +2.3915e+00 -1.8834e+00
481 0 +1.571196581e-02 +1.396457120e+02 +1.396457120e+02 +2.3914e+00 -1.8834e+00
1817 0 +5.366343850e-03 +1.396353663e+02 +1.396353663e+02 +9.9691e-01 -4.5560e-01
1837 0 +4.054731744e-03 +1.396340547e+02 +1.396340547e+02 +9.9301e-01 -4.5560e-01
1880 0 +3.980719473e-03 +1.396339807e+02 +1.396339807e+02 +9.9130e-01 -4.5438e-01
2035 0 +3.544489493e-03 +1.396335445e+02 +1.396335445e+02 +9.8201e-01 -4.4656e-01
2184 0 +3.158322972e-03 +1.396331583e+02 +1.396331583e+02 +9.7273e-01 -4.3923e-01
2331 0 +2.812219462e-03 +1.396328122e+02 +1.396328122e+02 +9.6393e-01 -4.3190e-01
2471 0 +2.508089629e-03 +1.396325081e+02 +1.396325081e+02 +9.5538e-01 -4.2506e-01
2604 0 +2.237570272e-03 +1.396322376e+02 +1.396322376e+02 +9.4708e-01 -4.1847e-01
2739 0 +1.993250241e-03 +1.396319933e+02 +1.396319933e+02 +9.3902e-01 -4.1187e-01
2867 0 +1.777632900e-03 +1.396317776e+02 +1.396317776e+02 +9.3120e-01 -4.0552e-01
2992 0 +1.584082393e-03 +1.396315841e+02 +1.396315841e+02 +9.2338e-01 -3.9966e-01
3112 0 +1.411932218e-03 +1.396314119e+02 +1.396314119e+02 +9.1605e-01 -3.9379e-01
3231 0 +1.256438395e-03 +1.396312564e+02 +1.396312564e+02 +9.0897e-01 -3.8793e-01
3343 0 +1.121910326e-03 +1.396311219e+02 +1.396311219e+02 +9.0213e-01 -3.8255e-01
3536 0 +9.983942836e-04 +1.396309984e+02 +1.396309984e+02 +8.9529e-01 -3.7718e-01
3748 0 +8.907645600e-04 +1.396308908e+02 +1.396308908e+02 +8.8881e-01 -3.7205e-01
3959 0 +7.938601105e-04 +1.396307939e+02 +1.396307939e+02 +8.8246e-01 -3.6704e-01
4160 0 +7.074804226e-04 +1.396307075e+02 +1.396307075e+02 +8.7623e-01 -3.6228e-01
4356 0 +6.299052014e-04 +1.396306299e+02 +1.396306299e+02 +8.7025e-01 -3.5751e-01
4547 0 +5.620598369e-04 +1.396305621e+02 +1.396305621e+02 +8.6450e-01 -3.5299e-01
4731 0 +5.011531707e-04 +1.396305012e+02 +1.396305012e+02 +8.5889e-01 -3.4860e-01
4911 0 +4.464680923e-04 +1.396304465e+02 +1.396304465e+02 +8.5339e-01 -3.4432e-01
5084 0 +3.979722283e-04 +1.396303980e+02 +1.396303980e+02 +8.4801e-01 -3.4029e-01
5252 0 +3.546114976e-04 +1.396303546e+02 +1.396303546e+02 +8.4288e-01 -3.3626e-01
5419 0 +3.159822126e-04 +1.396303160e+02 +1.396303160e+02 +8.3788e-01 -3.3235e-01
5579 0 +2.814887401e-04 +1.396302815e+02 +1.396302815e+02 +8.3299e-01 -3.2856e-01
5732 0 +2.511571300e-04 +1.396302512e+02 +1.396302512e+02 +8.2823e-01 -3.2502e-01
5884 0 +2.231687433e-04 +1.396302232e+02 +1.396302232e+02 +8.2358e-01 -3.2136e-01
6028 0 +1.995031852e-04 +1.396301995e+02 +1.396301995e+02 +8.1919e-01 -3.1806e-01
6172 0 +1.773235299e-04 +1.396301773e+02 +1.396301773e+02 +8.1479e-01 -3.1464e-01
6308 0 +1.582953991e-04 +1.396301583e+02 +1.396301583e+02 +8.1064e-01 -3.1146e-01
6444 0 +1.408308545e-04 +1.396301408e+02 +1.396301408e+02 +8.0648e-01 -3.0829e-01
6575 0 +1.257107095e-04 +1.396301257e+02 +1.396301257e+02 +8.0257e-01 -3.0523e-01
6703 0 +1.119031162e-04 +1.396301119e+02 +1.396301119e+02 +7.9867e-01 -3.0230e-01
6824 0 +9.976905682e-05 +1.396300998e+02 +1.396300998e+02 +7.9488e-01 -2.9949e-01
6943 0 +8.911578223e-05 +1.396300891e+02 +1.396300891e+02 +7.9134e-01 -2.9668e-01
7060 0 +7.917275386e-05 +1.396300792e+02 +1.396300792e+02 +7.8767e-01 -2.9400e-01
7172 0 +7.067979195e-05 +1.396300707e+02 +1.396300707e+02 +7.8425e-01 -2.9143e-01
7283 0 +6.304100521e-05 +1.396300630e+02 +1.396300630e+02 +7.8095e-01 -2.8887e-01
7388 0 +5.615306483e-05 +1.396300562e+02 +1.396300562e+02 +7.7766e-01 -2.8642e-01
7495 0 +5.001370900e-05 +1.396300500e+02 +1.396300500e+02 +7.7448e-01 -2.8398e-01
7595 0 +4.463589028e-05 +1.396300446e+02 +1.396300446e+02 +7.7143e-01 -2.8166e-01
7692 0 +3.976210382e-05 +1.396300398e+02 +1.396300398e+02 +7.6837e-01 -2.7946e-01
7788 0 +3.543021532e-05 +1.396300354e+02 +1.396300354e+02 +7.6544e-01 -2.7726e-01
7883 0 +3.156994359e-05 +1.396300316e+02 +1.396300316e+02 +7.6263e-01 -2.7506e-01
7975 0 +2.808727641e-05 +1.396300281e+02 +1.396300281e+02 +7.5982e-01 -2.7299e-01
8060 0 +2.507477836e-05 +1.396300251e+02 +1.396300251e+02 +7.5713e-01 -2.7103e-01
8144 0 +2.237668642e-05 +1.396300224e+02 +1.396300224e+02 +7.5457e-01 -2.6908e-01
8288 0 +1.994477148e-05 +1.396300199e+02 +1.396300199e+02 +7.5200e-01 -2.6718e-01
8452 0 +1.774680217e-05 +1.396300177e+02 +1.396300177e+02 +7.4950e-01 -2.6529e-01
8608 0 +1.584635106e-05 +1.396300158e+02 +1.396300158e+02 +7.4712e-01 -2.6352e-01
8764 0 +1.410600916e-05 +1.396300141e+02 +1.396300141e+02 +7.4474e-01 -2.6175e-01
8915 0 +1.258899695e-05 +1.396300126e+02 +1.396300126e+02 +7.4248e-01 -2.6004e-01
9060 0 +1.121060666e-05 +1.396300112e+02 +1.396300112e+02 +7.4022e-01 -2.5839e-01
9207 0 +9.976515059e-06 +1.396300100e+02 +1.396300100e+02 +7.3802e-01 -2.5674e-01
9344 0 +8.905318253e-06 +1.396300089e+02 +1.396300089e+02 +7.3588e-01 -2.5521e-01
9479 0 +7.941851635e-06 +1.396300079e+02 +1.396300079e+02 +7.3387e-01 -2.5363e-01
9611 0 +7.075172988e-06 +1.396300071e+02 +1.396300071e+02 +7.3185e-01 -2.5216e-01
9740 0 +6.288378245e-06 +1.396300063e+02 +1.396300063e+02 +7.2983e-01 -2.5069e-01
9864 0 +5.609871835e-06 +1.396300056e+02 +1.396300056e+02 +7.2794e-01 -2.4929e-01
9984 0 +5.011000269e-06 +1.396300050e+02 +1.396300050e+02 +7.2611e-01 -2.4795e-01
10104 0 +4.463360341e-06 +1.396300045e+02 +1.396300045e+02 +7.2428e-01 -2.4660e-01
10223 0 +3.974265837e-06 +1.396300040e+02 +1.396300040e+02 +7.2251e-01 -2.4526e-01
10335 0 +3.547891083e-06 +1.396300035e+02 +1.396300035e+02 +7.2080e-01 -2.4398e-01
10447 0 +3.154263197e-06 +1.396300032e+02 +1.396300032e+02 +7.1909e-01 -2.4275e-01
10555 0 +2.808906828e-06 +1.396300028e+02 +1.396300028e+02 +7.1744e-01 -2.4153e-01
10752 0 +2.511163700e-06 +1.396300025e+02 +1.396300025e+02 +7.1588e-01 -2.4040e-01
10959 0 +2.237396870e-06 +1.396300022e+02 +1.396300022e+02 +7.1432e-01 -2.3924e-01
11156 0 +1.993280904e-06 +1.396300020e+02 +1.396300020e+02 +7.1279e-01 -2.3814e-01
11351 0 +1.777300497e-06 +1.396300018e+02 +1.396300018e+02 +7.1133e-01 -2.3704e-01
11536 0 +1.584433591e-06 +1.396300016e+02 +1.396300016e+02 +7.0989e-01 -2.3601e-01
11723 0 +1.411402053e-06 +1.396300014e+02 +1.396300014e+02 +7.0849e-01 -2.3497e-01
11900 0 +1.257958587e-06 +1.396300013e+02 +1.396300013e+02 +7.0711e-01 -2.3399e-01
12072 0 +1.121193321e-06 +1.396300011e+02 +1.396300011e+02 +7.0580e-01 -2.3301e-01
12243 0 +9.995344215e-07 +1.396300010e+02 +1.396300010e+02 +7.0452e-01 -2.3207e-01
12407 0 +8.907505276e-07 +1.396300009e+02 +1.396300009e+02 +7.0327e-01 -2.3115e-01
12567 0 +7.934333155e-07 +1.396300008e+02 +1.396300008e+02 +7.0205e-01 -2.3026e-01
12720 0 +7.068603054e-07 +1.396300007e+02 +1.396300007e+02 +7.0085e-01 -2.2941e-01
12868 0 +6.308231377e-07 +1.396300006e+02 +1.396300006e+02 +6.9972e-01 -2.2858e-01
13015 0 +5.621708681e-07 +1.396300006e+02 +1.396300006e+02 +6.9863e-01 -2.2776e-01
13156 0 +5.011815460e-07 +1.396300005e+02 +1.396300005e+02 +6.9753e-01 -2.2700e-01
13291 0 +4.466827193e-07 +1.396300004e+02 +1.396300004e+02 +6.9652e-01 -2.2623e-01
13431 0 +3.978581162e-07 +1.396300004e+02 +1.396300004e+02 +6.9551e-01 -2.2550e-01
13680 0 +3.547904726e-07 +1.396300004e+02 +1.396300004e+02 +6.9455e-01 -2.2480e-01
13928 0 +3.156767150e-07 +1.396300003e+02 +1.396300003e+02 +6.9360e-01 -2.2411e-01
14163 0 +2.818367477e-07 +1.396300003e+02 +1.396300003e+02 +6.9272e-01 -2.2345e-01
14388 0 +2.511823993e-07 +1.396300003e+02 +1.396300003e+02 +6.9185e-01 -2.2284e-01
14607 0 +2.238694492e-07 +1.396300002e+02 +1.396300002e+02 +6.9102e-01 -2.2223e-01
14816 0 +1.993078627e-07 +1.396300002e+02 +1.396300002e+02 +6.9021e-01 -2.2165e-01
15016 0 +1.778134049e-07 +1.396300002e+02 +1.396300002e+02 +6.8945e-01 -2.2110e-01
15208 0 +1.584375013e-07 +1.396300002e+02 +1.396300002e+02 +6.8872e-01 -2.2057e-01
15395 0 +1.410644472e-07 +1.396300001e+02 +1.396300001e+02 +6.8801e-01 -2.2005e-01
15571 0 +1.257051849e-07 +1.396300001e+02 +1.396300001e+02 +6.8734e-01 -2.1956e-01
15736 0 +1.121012190e-07 +1.396300001e+02 +1.396300001e+02 +6.8670e-01 -2.1910e-01
15896 0 +9.993942740e-08 +1.396300001e+02 +1.396300001e+02 +6.8609e-01 -2.1866e-01
16051 0 +8.907394999e-08 +1.396300001e+02 +1.396300001e+02 +6.8551e-01 -2.1823e-01
16248 0 +7.943000924e-08 +1.396300001e+02 +1.396300001e+02 +6.8495e-01 -2.1784e-01
16527 0 +7.078062936e-08 +1.396300001e+02 +1.396300001e+02 +6.8443e-01 -2.1745e-01
16791 0 +6.308525258e-08 +1.396300001e+02 +1.396300001e+02 +6.8392e-01 -2.1708e-01
17040 0 +5.620819366e-08 +1.396300001e+02 +1.396300001e+02 +6.8344e-01 -2.1674e-01
17280 0 +5.008755011e-08 +1.396300001e+02 +1.396300001e+02 +6.8298e-01 -2.1641e-01
17504 0 +4.466721748e-08 +1.396300000e+02 +1.396300000e+02 +6.8255e-01 -2.1609e-01
17720 0 +3.978965424e-08 +1.396300000e+02 +1.396300000e+02 +6.8214e-01 -2.1580e-01
17924 0 +3.545463301e-08 +1.396300000e+02 +1.396300000e+02 +6.8175e-01 -2.1551e-01
18119 0 +3.161613904e-08 +1.396300000e+02 +1.396300000e+02 +6.8139e-01 -2.1525e-01
18300 0 +2.816832989e-08 +1.396300000e+02 +1.396300000e+02 +6.8104e-01 -2.1500e-01
18479 0 +2.505728958e-08 +1.396300000e+02 +1.396300000e+02 +6.8070e-01 -2.1475e-01
18640 0 +2.236561158e-08 +1.396300000e+02 +1.396300000e+02 +6.8039e-01 -2.1453e-01
18796 0 +1.994450827e-08 +1.396300000e+02 +1.396300000e+02 +6.8009e-01 -2.1432e-01
18943 0 +1.777468128e-08 +1.396300000e+02 +1.396300000e+02 +6.7981e-01 -2.1411e-01
19216 0 +1.583663334e-08 +1.396300000e+02 +1.396300000e+02 +6.7955e-01 -2.1392e-01
19480 0 +1.410762707e-08 +1.396300000e+02 +1.396300000e+02 +6.7929e-01 -2.1374e-01
19731 0 +1.257905069e-08 +1.396300000e+02 +1.396300000e+02 +6.7906e-01 -2.1356e-01
19964 0 +1.121512128e-08 +1.396300000e+02 +1.396300000e+02 +6.7883e-01 -2.1340e-01
20000 0 +1.103217073e-08 +1.396300000e+02 +1.396300000e+02 +6.7880e-01 -2.1338e-01
% f evaluations | g evaluations | best noise-free fitness - Fopt (6.596000000000e+02) + sum g_i+ | measured fitness | best measured fitness or single-digit g-values | x1 | x2...
1 0 +2.503737427e-01 +6.598503737e+02 +6.598503737e+02 +0.0000e+00 +0.0000e+00
2 0 +2.220222687e-01 +6.598220223e+02 +6.598220223e+02 -2.9289e+00 +0.0000e+00
23 0 +7.982500165e-05 +6.596000798e+02 +6.596000798e+02 +0.0000e+00 -8.0583e-01
6080 0 +7.940089063e-05 +6.596000794e+02 +6.596000794e+02 +6.3536e-02 -5.7790e-01
6142 0 +7.043023504e-05 +6.596000704e+02 +6.596000704e+02 +6.2559e-02 -5.8180e-01
6202 0 +6.285772599e-05 +6.596000629e+02 +6.596000629e+02 +6.1581e-02 -5.8547e-01
6262 0 +5.593072660e-05 +6.596000559e+02 +6.596000559e+02 +6.0604e-02 -5.8913e-01
6322 0 +4.960825095e-05 +6.596000496e+02 +6.596000496e+02 +5.9627e-02 -5.9280e-01
6374 0 +4.459674290e-05 +6.596000446e+02 +6.596000446e+02 +5.8894e-02 -5.9597e-01
6430 0 +3.959829735e-05 +6.596000396e+02 +6.596000396e+02 +5.7917e-02 -5.9939e-01
6486 0 +3.547139136e-05 +6.596000355e+02 +6.596000355e+02 +5.7184e-02 -6.0281e-01
6534 0 +3.154549722e-05 +6.596000315e+02 +6.596000315e+02 +5.6207e-02 -6.0575e-01
6586 0 +2.817623908e-05 +6.596000282e+02 +6.596000282e+02 +5.5474e-02 -6.0892e-01
6636 0 +2.510737681e-05 +6.596000251e+02 +6.596000251e+02 +5.4497e-02 -6.1185e-01
6682 0 +2.235032014e-05 +6.596000224e+02 +6.596000224e+02 +5.3764e-02 -6.1478e-01
6730 0 +1.990185410e-05 +6.596000199e+02 +6.596000199e+02 +5.3031e-02 -6.1772e-01
6778 0 +1.774152349e-05 +6.596000177e+02 +6.596000177e+02 +5.2298e-02 -6.2065e-01
6822 0 +1.584654308e-05 +6.596000158e+02 +6.596000158e+02 +5.1565e-02 -6.2333e-01
6866 0 +1.411718176e-05 +6.596000141e+02 +6.596000141e+02 +5.0832e-02 -6.2602e-01
6906 0 +1.258719533e-05 +6.596000126e+02 +6.596000126e+02 +5.0099e-02 -6.2847e-01
6962 0 +1.118429191e-05 +6.596000112e+02 +6.596000112e+02 +4.9366e-02 -6.3103e-01
7042 0 +9.976439173e-06 +6.596000100e+02 +6.596000100e+02 +4.8633e-02 -6.3347e-01
7122 0 +8.883665259e-06 +6.596000089e+02 +6.596000089e+02 +4.8023e-02 -6.3592e-01
7200 0 +7.937126270e-06 +6.596000079e+02 +6.596000079e+02 +4.7290e-02 -6.3824e-01
7274 0 +7.053088666e-06 +6.596000071e+02 +6.596000071e+02 +4.6679e-02 -6.4056e-01
7346 0 +6.299584129e-06 +6.596000063e+02 +6.596000063e+02 +4.6068e-02 -6.4276e-01
7418 0 +5.610738526e-06 +6.596000056e+02 +6.596000056e+02 +4.5458e-02 -6.4496e-01
7490 0 +4.982419341e-06 +6.596000050e+02 +6.596000050e+02 +4.4847e-02 -6.4715e-01
7558 0 +4.459579600e-06 +6.596000045e+02 +6.596000045e+02 +4.4358e-02 -6.4923e-01
7622 0 +3.973512776e-06 +6.596000040e+02 +6.596000040e+02 +4.3747e-02 -6.5118e-01
7692 0 +3.524533099e-06 +6.596000035e+02 +6.596000035e+02 +4.3137e-02 -6.5326e-01
7750 0 +3.157395440e-06 +6.596000032e+02 +6.596000032e+02 +4.2648e-02 -6.5509e-01
7814 0 +2.813225592e-06 +6.596000028e+02 +6.596000028e+02 +4.2160e-02 -6.5705e-01
7876 0 +2.503885526e-06 +6.596000025e+02 +6.596000025e+02 +4.1549e-02 -6.5888e-01
7934 0 +2.221645900e-06 +6.596000022e+02 +6.596000022e+02 +4.1060e-02 -6.6071e-01
7990 0 +1.985810854e-06 +6.596000020e+02 +6.596000020e+02 +4.0572e-02 -6.6242e-01
8050 0 +1.776058980e-06 +6.596000018e+02 +6.596000018e+02 +4.0144e-02 -6.6407e-01
8158 0 +1.583940161e-06 +6.596000016e+02 +6.596000016e+02 +3.9655e-02 -6.6572e-01
8266 0 +1.411115704e-06 +6.596000014e+02 +6.596000014e+02 +3.9228e-02 -6.6737e-01
8370 0 +1.254628273e-06 +6.596000013e+02 +6.596000013e+02 +3.8739e-02 -6.6896e-01
8470 0 +1.118746127e-06 +6.596000011e+02 +6.596000011e+02 +3.8312e-02 -6.7048e-01
8568 0 +9.998200312e-07 +6.596000010e+02 +6.596000010e+02 +3.7884e-02 -6.7195e-01
8666 0 +8.855407714e-07 +6.596000009e+02 +6.596000009e+02 +3.7457e-02 -6.7348e-01
8754 0 +7.934442010e-07 +6.596000008e+02 +6.596000008e+02 +3.7090e-02 -6.7482e-01
8848 0 +7.061944416e-07 +6.596000007e+02 +6.596000007e+02 +3.6663e-02 -6.7623e-01
8934 0 +6.277575721e-07 +6.596000006e+02 +6.596000006e+02 +3.6296e-02 -6.7757e-01
9018 0 +5.598477628e-07 +6.596000006e+02 +6.596000006e+02 +3.5930e-02 -6.7885e-01
9102 0 +4.974183412e-07 +6.596000005e+02 +6.596000005e+02 +3.5563e-02 -6.8013e-01
9178 0 +4.457347131e-07 +6.596000004e+02 +6.596000004e+02 +3.5258e-02 -6.8129e-01
9256 0 +3.977041843e-07 +6.596000004e+02 +6.596000004e+02 +3.4892e-02 -6.8246e-01
9330 0 +3.529461310e-07 +6.596000004e+02 +6.596000004e+02 +3.4586e-02 -6.8362e-01
9398 0 +3.161741233e-07 +6.596000003e+02 +6.596000003e+02 +3.4281e-02 -6.8465e-01
9494 0 +2.812422508e-07 +6.596000003e+02 +6.596000003e+02 +3.3976e-02 -6.8572e-01
9626 0 +2.511012553e-07 +6.596000003e+02 +6.596000003e+02 +3.3701e-02 -6.8673e-01
9756 0 +2.235519787e-07 +6.596000002e+02 +6.596000002e+02 +3.3395e-02 -6.8771e-01
9878 0 +1.992149237e-07 +6.596000002e+02 +6.596000002e+02 +3.3151e-02 -6.8865e-01
9994 0 +1.774534439e-07 +6.596000002e+02 +6.596000002e+02 +3.2876e-02 -6.8954e-01
10106 0 +1.582521918e-07 +6.596000002e+02 +6.596000002e+02 +3.2632e-02 -6.9039e-01
10216 0 +1.411460744e-07 +6.596000001e+02 +6.596000001e+02 +3.2388e-02 -6.9122e-01
10318 0 +1.256081532e-07 +6.596000001e+02 +6.596000001e+02 +3.2174e-02 -6.9201e-01
10418 0 +1.118951332e-07 +6.596000001e+02 +6.596000001e+02 +3.1960e-02 -6.9278e-01
10510 0 +9.984410099e-08 +6.596000001e+02 +6.596000001e+02 +3.1746e-02 -6.9348e-01
10604 0 +8.891981906e-08 +6.596000001e+02 +6.596000001e+02 +3.1533e-02 -6.9418e-01
10688 0 +7.939127045e-08 +6.596000001e+02 +6.596000001e+02 +3.1349e-02 -6.9482e-01
10772 0 +7.048026873e-08 +6.596000001e+02 +6.596000001e+02 +3.1166e-02 -6.9546e-01
10898 0 +6.307107014e-08 +6.596000001e+02 +6.596000001e+02 +3.1013e-02 -6.9603e-01
11046 0 +5.620927368e-08 +6.596000001e+02 +6.596000001e+02 +3.0845e-02 -6.9659e-01
11186 0 +5.010485893e-08 +6.596000001e+02 +6.596000001e+02 +3.0693e-02 -6.9713e-01
11324 0 +4.457183422e-08 +6.596000000e+02 +6.596000000e+02 +3.0540e-02 -6.9765e-01
11450 0 +3.964771622e-08 +6.596000000e+02 +6.596000000e+02 +3.0403e-02 -6.9814e-01
11570 0 +3.544585070e-08 +6.596000000e+02 +6.596000000e+02 +3.0280e-02 -6.9859e-01
11684 0 +3.156651474e-08 +6.596000000e+02 +6.596000000e+02 +3.0143e-02 -6.9902e-01
11792 0 +2.817102995e-08 +6.596000000e+02 +6.596000000e+02 +3.0021e-02 -6.9943e-01
11894 0 +2.500291885e-08 +6.596000000e+02 +6.596000000e+02 +2.9914e-02 -6.9983e-01
11990 0 +2.230228802e-08 +6.596000000e+02 +6.596000000e+02 +2.9807e-02 -7.0020e-01
12084 0 +1.989894827e-08 +6.596000000e+02 +6.596000000e+02 +2.9700e-02 -7.0055e-01
12170 0 +1.767512003e-08 +6.596000000e+02 +6.596000000e+02 +2.9609e-02 -7.0088e-01
12314 0 +1.582577625e-08 +6.596000000e+02 +6.596000000e+02 +2.9525e-02 -7.0119e-01
12468 0 +1.412399797e-08 +6.596000000e+02 +6.596000000e+02 +2.9433e-02 -7.0148e-01
12614 0 +1.258024440e-08 +6.596000000e+02 +6.596000000e+02 +2.9357e-02 -7.0176e-01
12754 0 +1.121259174e-08 +6.596000000e+02 +6.596000000e+02 +2.9280e-02 -7.0203e-01
12886 0 +9.973064152e-09 +6.596000000e+02 +6.596000000e+02 +2.9204e-02 -7.0228e-01
20011 0 +9.640643839e-11 +6.596000000e+02 +6.596000000e+02 +2.8086e-02 -7.0613e-01
% f evaluations | g evaluations | best noise-free fitness - Fopt (1.737100000000e+02) + sum g_i+ | measured fitness | best measured fitness or single-digit g-values | x1 | x2...
1 0 +2.503737427e-01 +1.739603737e+02 +1.739603737e+02 +0.0000e+00 +0.0000e+00
489 0 +1.269582863e-01 +1.738369583e+02 +1.738369583e+02 +3.7050e+00 -2.5685e+00
496 0 +7.265650916e-02 +1.737826565e+02 +1.737826565e+02 +3.7045e+00 -2.5685e+00
505 0 +6.875443263e-02 +1.737787544e+02 +1.737787544e+02 +3.7047e+00 -2.5685e+00
512 0 +6.295522416e-02 +1.737729552e+02 +1.737729552e+02 +3.7046e+00 -2.5685e+00
4692 0 +5.621430911e-02 +1.737662143e+02 +1.737662143e+02 +1.3681e+00 -6.2392e-01
5032 0 +5.009485335e-02 +1.737600949e+02 +1.737600949e+02 +1.3473e+00 -6.0804e-01
5364 0 +4.463988417e-02 +1.737546399e+02 +1.737546399e+02 +1.3270e+00 -5.9290e-01
5684 0 +3.977886499e-02 +1.737497789e+02 +1.737497789e+02 +1.3075e+00 -5.7824e-01
5995 0 +3.546233018e-02 +1.737454623e+02 +1.737454623e+02 +1.2887e+00 -5.6407e-01
6292 0 +3.160999464e-02 +1.737416100e+02 +1.737416100e+02 +1.2703e+00 -5.5063e-01
6584 0 +2.814628067e-02 +1.737381463e+02 +1.737381463e+02 +1.2525e+00 -5.3744e-01
6864 0 +2.510500567e-02 +1.737351050e+02 +1.737351050e+02 +1.2354e+00 -5.2498e-01
7136 0 +2.236414887e-02 +1.737323641e+02 +1.737323641e+02 +1.2188e+00 -5.1277e-01
7399 0 +1.994943795e-02 +1.737299494e+02 +1.737299494e+02 +1.2029e+00 -5.0104e-01
7652 0 +1.777379959e-02 +1.737277738e+02 +1.737277738e+02 +1.1873e+00 -4.8980e-01
7900 0 +1.582792955e-02 +1.737258279e+02 +1.737258279e+02 +1.1721e+00 -4.7881e-01
8139 0 +1.412505151e-02 +1.737241251e+02 +1.737241251e+02 +1.1577e+00 -4.6830e-01
8368 0 +1.258598905e-02 +1.737225860e+02 +1.737225860e+02 +1.1435e+00 -4.5829e-01
8592 0 +1.121763768e-02 +1.737212176e+02 +1.737212176e+02 +1.1299e+00 -4.4852e-01
8812 0 +9.983188034e-03 +1.737199832e+02 +1.737199832e+02 +1.1164e+00 -4.3899e-01
9020 0 +8.907187251e-03 +1.737189072e+02 +1.737189072e+02 +1.1037e+00 -4.2995e-01
9224 0 +7.937412758e-03 +1.737179374e+02 +1.737179374e+02 +1.0913e+00 -4.2116e-01
9424 0 +7.064825095e-03 +1.737170648e+02 +1.737170648e+02 +1.0790e+00 -4.1260e-01
9612 0 +6.308552226e-03 +1.737163086e+02 +1.737163086e+02 +1.0676e+00 -4.0454e-01
9800 0 +5.612350273e-03 +1.737156124e+02 +1.737156124e+02 +1.0561e+00 -3.9648e-01
9980 0 +5.003215326e-03 +1.737150032e+02 +1.737150032e+02 +1.0451e+00 -3.8891e-01
10152 0 +4.464220186e-03 +1.737144642e+02 +1.737144642e+02 +1.0346e+00 -3.8158e-01
10324 0 +3.978828454e-03 +1.737139788e+02 +1.737139788e+02 +1.0241e+00 -3.7449e-01
10487 0 +3.546617881e-03 +1.737135466e+02 +1.737135466e+02 +1.0143e+00 -3.6741e-01
10644 0 +3.157888565e-03 +1.737131579e+02 +1.737131579e+02 +1.0045e+00 -3.6081e-01
10800 0 +2.815085599e-03 +1.737128151e+02 +1.737128151e+02 +9.9501e-01 -3.5446e-01
10948 0 +2.506497812e-03 +1.737125065e+02 +1.737125065e+02 +9.8597e-01 -3.4811e-01
11092 0 +2.237770392e-03 +1.737122378e+02 +1.737122378e+02 +9.7717e-01 -3.4225e-01
11232 0 +1.993583359e-03 +1.737119936e+02 +1.737119936e+02 +9.6862e-01 -3.3638e-01
11368 0 +1.777088734e-03 +1.737117771e+02 +1.737117771e+02 +9.6032e-01 -3.3076e-01
11503 0 +1.582827777e-03 +1.737115828e+02 +1.737115828e+02 +9.5226e-01 -3.2515e-01
11628 0 +1.411162992e-03 +1.737114112e+02 +1.737114112e+02 +9.4444e-01 -3.2002e-01
11752 0 +1.257619000e-03 +1.737112576e+02 +1.737112576e+02 +9.3686e-01 -3.1488e-01
11872 0 +1.121607830e-03 +1.737111216e+02 +1.737111216e+02 +9.2954e-01 -3.1000e-01
11992 0 +9.967197055e-04 +1.737109967e+02 +1.737109967e+02 +9.2221e-01 -3.0511e-01
12107 0 +8.893015384e-04 +1.737108893e+02 +1.737108893e+02 +9.1537e-01 -3.0047e-01
12216 0 +7.921047401e-04 +1.737107921e+02 +1.737107921e+02 +9.0853e-01 -2.9607e-01
12323 0 +7.072025554e-04 +1.737107072e+02 +1.737107072e+02 +9.0217e-01 -2.9168e-01
12516 0 +6.308808911e-04 +1.737106309e+02 +1.737106309e+02 +8.9582e-01 -2.8765e-01
12719 0 +5.619821339e-04 +1.737105620e+02 +1.737105620e+02 +8.8971e-01 -2.8349e-01
12912 0 +5.008098874e-04 +1.737105008e+02 +1.737105008e+02 +8.8373e-01 -2.7958e-01
13104 0 +4.461744717e-04 +1.737104462e+02 +1.737104462e+02 +8.7787e-01 -2.7580e-01
13288 0 +3.979257046e-04 +1.737103979e+02 +1.737103979e+02 +8.7225e-01 -2.7213e-01
13467 0 +3.546986468e-04 +1.737103547e+02 +1.737103547e+02 +8.6687e-01 -2.6847e-01
13640 0 +3.158671620e-04 +1.737103159e+02 +1.737103159e+02 +8.6150e-01 -2.6505e-01
13811 0 +2.814505187e-04 +1.737102815e+02 +1.737102815e+02 +8.5637e-01 -2.6163e-01
13972 0 +2.510466194e-04 +1.737102510e+02 +1.737102510e+02 +8.5136e-01 -2.5845e-01
14132 0 +2.236006651e-04 +1.737102236e+02 +1.737102236e+02 +8.4647e-01 -2.5528e-01
14288 0 +1.992598863e-04 +1.737101993e+02 +1.737101993e+02 +8.4171e-01 -2.5222e-01
14439 0 +1.775330880e-04 +1.737101775e+02 +1.737101775e+02 +8.3719e-01 -2.4917e-01
14580 0 +1.584772648e-04 +1.737101585e+02 +1.737101585e+02 +8.3279e-01 -2.4636e-01
14724 0 +1.410289530e-04 +1.737101410e+02 +1.737101410e+02 +8.2840e-01 -2.4355e-01
14860 0 +1.258514553e-04 +1.737101259e+02 +1.737101259e+02 +8.2424e-01 -2.4086e-01
14996 0 +1.119370888e-04 +1.737101119e+02 +1.737101119e+02 +8.2009e-01 -2.3818e-01
15127 0 +9.995970387e-05 +1.737101000e+02 +1.737101000e+02 +8.1618e-01 -2.3561e-01
15252 0 +8.895488955e-05 +1.737100890e+02 +1.737100890e+02 +8.1227e-01 -2.3317e-01
15379 0 +7.918648777e-05 +1.737100792e+02 +1.737100792e+02 +8.0849e-01 -2.3072e-01
15496 0 +7.054527518e-05 +1.737100705e+02 +1.737100705e+02 +8.0482e-01 -2.2840e-01
15612 0 +6.297662182e-05 +1.737100630e+02 +1.737100630e+02 +8.0128e-01 -2.2620e-01
15724 0 +5.614483408e-05 +1.737100561e+02 +1.737100561e+02 +7.9786e-01 -2.2401e-01
15835 0 +5.009693331e-05 +1.737100501e+02 +1.737100501e+02 +7.9456e-01 -2.2181e-01
15943 0 +4.458360357e-05 +1.737100446e+02 +1.737100446e+02 +7.9126e-01 -2.1973e-01
16044 0 +3.975142585e-05 +1.737100398e+02 +1.737100398e+02 +7.8809e-01 -2.1778e-01
16144 0 +3.545968511e-05 +1.737100355e+02 +1.737100355e+02 +7.8503e-01 -2.1582e-01
16247 0 +3.153681845e-05 +1.737100315e+02 +1.737100315e+02 +7.8198e-01 -2.1387e-01
16340 0 +2.810165137e-05 +1.737100281e+02 +1.737100281e+02 +7.7905e-01 -2.1204e-01
16435 0 +2.508614796e-05 +1.737100251e+02 +1.737100251e+02 +7.7624e-01 -2.1020e-01
16524 0 +2.231572049e-05 +1.737100223e+02 +1.737100223e+02 +7.7343e-01 -2.0849e-01
16692 0 +1.994946703e-05 +1.737100199e+02 +1.737100199e+02 +7.7080e-01 -2.0684e-01
16864 0 +1.778010508e-05 +1.737100178e+02 +1.737100178e+02 +7.6818e-01 -2.0519e-01
17035 0 +1.583143904e-05 +1.737100158e+02 +1.737100158e+02 +7.6561e-01 -2.0355e-01
17196 0 +1.411027699e-05 +1.737100141e+02 +1.737100141e+02 +7.6311e-01 -2.0202e-01
17356 0 +1.256643850e-05 +1.737100126e+02 +1.737100126e+02 +7.6066e-01 -2.0049e-01
17508 0 +1.121570844e-05 +1.737100112e+02 +1.737100112e+02 +7.5834e-01 -1.9903e-01
17660 0 +9.980814610e-06 +1.737100100e+02 +1.737100100e+02 +7.5602e-01 -1.9756e-01
17807 0 +8.911955831e-06 +1.737100089e+02 +1.737100089e+02 +7.5382e-01 -1.9616e-01
17948 0 +7.937465284e-06 +1.737100079e+02 +1.737100079e+02 +7.5162e-01 -1.9481e-01
18088 0 +7.068244969e-06 +1.737100071e+02 +1.737100071e+02 +7.4949e-01 -1.9347e-01
18224 0 +6.299397285e-06 +1.737100063e+02 +1.737100063e+02 +7.4741e-01 -1.9219e-01
18359 0 +5.613141639e-06 +1.737100056e+02 +1.737100056e+02 +7.4539e-01 -1.9090e-01
18487 0 +5.006641658e-06 +1.737100050e+02 +1.737100050e+02 +7.4344e-01 -1.8968e-01
18612 0 +4.459356404e-06 +1.737100045e+02 +1.737100045e+02 +7.4149e-01 -1.8852e-01
18732 0 +3.978241551e-06 +1.737100040e+02 +1.737100040e+02 +7.3965e-01 -1.8736e-01
18855 0 +3.541326208e-06 +1.737100035e+02 +1.737100035e+02 +7.3782e-01 -1.8620e-01
18971 0 +3.156848294e-06 +1.737100032e+02 +1.737100032e+02 +7.3605e-01 -1.8510e-01
19084 0 +2.815935034e-06 +1.737100028e+02 +1.737100028e+02 +7.3428e-01 -1.8406e-01
19192 0 +2.511484098e-06 +1.737100025e+02 +1.737100025e+02 +7.3263e-01 -1.8302e-01
19364 0 +2.237619299e-06 +1.737100022e+02 +1.737100022e+02 +7.3101e-01 -1.8199e-01
19576 0 +1.993609658e-06 +1.737100020e+02 +1.737100020e+02 +7.2939e-01 -1.8101e-01
19780 0 +1.775354519e-06 +1.737100018e+02 +1.737100018e+02 +7.2784e-01 -1.8003e-01
19979 0 +1.584402696e-06 +1.737100016e+02 +1.737100016e+02 +7.2634e-01 -1.7909e-01
20000 0 +1.565792587e-06 +1.737100016e+02 +1.737100016e+02 +7.2619e-01 -1.7899e-01
% f evaluations | g evaluations | best noise-free fitness - Fopt (4.759300000000e+02) + sum g_i+ | measured fitness | best measured fitness or single-digit g-values | x1 | x2...
1 0 +2.503737427e-01 +4.761803737e+02 +4.761803737e+02 +0.0000e+00 +0.0000e+00
17 0 +4.797189837e-02 +4.759779719e+02 +4.759779719e+02 -8.0583e-01 +0.0000e+00
11150 0 +4.464614711e-02 +4.759746461e+02 +4.759746461e+02 -1.4320e+00 -2.4922e-01
11334 0 +3.980937861e-02 +4.759698094e+02 +4.759698094e+02 -1.4095e+00 -2.3993e-01
11516 0 +3.543606165e-02 +4.759654361e+02 +4.759654361e+02 -1.3875e+00 -2.3065e-01
11688 0 +3.161331731e-02 +4.759616133e+02 +4.759616133e+02 -1.3665e+00 -2.2185e-01
11856 0 +2.813804990e-02 +4.759581380e+02 +4.759581380e+02 -1.3460e+00 -2.1355e-01
12014 0 +2.509352291e-02 +4.759550935e+02 +4.759550935e+02 -1.3264e+00 -2.0573e-01
12172 0 +2.237245229e-02 +4.759523725e+02 +4.759523725e+02 -1.3074e+00 -1.9791e-01
12322 0 +1.991744122e-02 +4.759499174e+02 +4.759499174e+02 -1.2888e+00 -1.9058e-01
12470 0 +1.777592218e-02 +4.759477759e+02 +4.759477759e+02 -1.2707e+00 -1.8374e-01
12612 0 +1.582261873e-02 +4.759458226e+02 +4.759458226e+02 -1.2536e+00 -1.7641e-01
12746 0 +1.410353935e-02 +4.759441035e+02 +4.759441035e+02 -1.2370e+00 -1.7006e-01
12878 0 +1.257412358e-02 +4.759425741e+02 +4.759425741e+02 -1.2209e+00 -1.6371e-01
13010 0 +1.116819299e-02 +4.759411682e+02 +4.759411682e+02 -1.2048e+00 -1.5736e-01
13134 0 +9.953442771e-03 +4.759399534e+02 +4.759399534e+02 -1.1896e+00 -1.5150e-01
13250 0 +8.907893448e-03 +4.759389079e+02 +4.759389079e+02 -1.1755e+00 -1.4612e-01
13370 0 +7.936424010e-03 +4.759379364e+02 +4.759379364e+02 -1.1608e+00 -1.4075e-01
13482 0 +7.062021471e-03 +4.759370620e+02 +4.759370620e+02 -1.1471e+00 -1.3537e-01
13592 0 +6.298569267e-03 +4.759362986e+02 +4.759362986e+02 -1.1339e+00 -1.3000e-01
13698 0 +5.595312553e-03 +4.759355953e+02 +4.759355953e+02 -1.1207e+00 -1.2511e-01
13798 0 +5.004244022e-03 +4.759350042e+02 +4.759350042e+02 -1.1085e+00 -1.2071e-01
13900 0 +4.455491973e-03 +4.759344555e+02 +4.759344555e+02 -1.0963e+00 -1.1583e-01
13996 0 +3.972622249e-03 +4.759339726e+02 +4.759339726e+02 -1.0846e+00 -1.1143e-01
14130 0 +3.543077845e-03 +4.759335431e+02 +4.759335431e+02 -1.0733e+00 -1.0752e-01
14310 0 +3.157602030e-03 +4.759331576e+02 +4.759331576e+02 -1.0623e+00 -1.0337e-01
14486 0 +2.812843040e-03 +4.759328128e+02 +4.759328128e+02 -1.0516e+00 -9.9461e-02
14656 0 +2.510104147e-03 +4.759325101e+02 +4.759325101e+02 -1.0413e+00 -9.5552e-02
14820 0 +2.238023941e-03 +4.759322380e+02 +4.759322380e+02 -1.0313e+00 -9.1887e-02
14978 0 +1.993145939e-03 +4.759319931e+02 +4.759319931e+02 -1.0215e+00 -8.8467e-02
15134 0 +1.774807663e-03 +4.759317748e+02 +4.759317748e+02 -1.0120e+00 -8.5047e-02
15284 0 +1.584297303e-03 +4.759315843e+02 +4.759315843e+02 -1.0030e+00 -8.1627e-02
15430 0 +1.408323916e-03 +4.759314083e+02 +4.759314083e+02 -9.9394e-01 -7.8451e-02
15570 0 +1.257090392e-03 +4.759312571e+02 +4.759312571e+02 -9.8539e-01 -7.5519e-02
15706 0 +1.121629834e-03 +4.759311216e+02 +4.759311216e+02 -9.7708e-01 -7.2588e-02
15838 0 +9.990970468e-04 +4.759309991e+02 +4.759309991e+02 -9.6902e-01 -6.9656e-02
15968 0 +8.911459957e-04 +4.759308911e+02 +4.759308911e+02 -9.6120e-01 -6.6725e-02
16094 0 +7.913142101e-04 +4.759307913e+02 +4.759307913e+02 -9.5339e-01 -6.4037e-02
16214 0 +7.066156399e-04 +4.759307066e+02 +4.759307066e+02 -9.4606e-01 -6.1594e-02
16332 0 +6.304914857e-04 +4.759306305e+02 +4.759306305e+02 -9.3897e-01 -5.8907e-02
16446 0 +5.619861672e-04 +4.759305620e+02 +4.759305620e+02 -9.3189e-01 -5.6708e-02
16554 0 +5.006668127e-04 +4.759305007e+02 +4.759305007e+02 -9.2529e-01 -5.4265e-02
16662 0 +4.465196351e-04 +4.759304465e+02 +4.759304465e+02 -9.1870e-01 -5.2067e-02
16766 0 +3.980141919e-04 +4.759303980e+02 +4.759303980e+02 -9.1234e-01 -4.9868e-02
16866 0 +3.546409158e-04 +4.759303546e+02 +4.759303546e+02 -9.0624e-01 -4.7669e-02
16968 0 +3.156110006e-04 +4.759303156e+02 +4.759303156e+02 -9.0013e-01 -4.5471e-02
17062 0 +2.808173601e-04 +4.759302808e+02 +4.759302808e+02 -8.9427e-01 -4.3516e-02
17156 0 +2.505237801e-04 +4.759302505e+02 +4.759302505e+02 -8.8865e-01 -4.1562e-02
17242 0 +2.238021217e-04 +4.759302238e+02 +4.759302238e+02 -8.8327e-01 -3.9852e-02
17332 0 +1.992921805e-04 +4.759301993e+02 +4.759301993e+02 -8.7790e-01 -3.7897e-02
17416 0 +1.777037349e-04 +4.759301777e+02 +4.759301777e+02 -8.7277e-01 -3.6187e-02
17498 0 +1.579556309e-04 +4.759301580e+02 +4.759301580e+02 -8.6764e-01 -3.4477e-02
17580 0 +1.409163686e-04 +4.759301409e+02 +4.759301409e+02 -8.6275e-01 -3.2767e-02
17654 0 +1.257434302e-04 +4.759301257e+02 +4.759301257e+02 -8.5811e-01 -3.1301e-02
17734 0 +1.120978036e-04 +4.759301121e+02 +4.759301121e+02 -8.5322e-01 -2.9836e-02
17808 0 +9.941745571e-05 +4.759300994e+02 +4.759300994e+02 -8.4883e-01 -2.8125e-02
17880 0 +8.847891638e-05 +4.759300885e+02 +4.759300885e+02 -8.4443e-01 -2.6660e-02
17946 0 +7.919566218e-05 +4.759300792e+02 +4.759300792e+02 -8.4028e-01 -2.5438e-02
18014 0 +7.028196251e-05 +4.759300703e+02 +4.759300703e+02 -8.3612e-01 -2.3972e-02
18078 0 +6.294385582e-05 +4.759300629e+02 +4.759300629e+02 -8.3221e-01 -2.2751e-02
18144 0 +5.599226620e-05 +4.759300560e+02 +4.759300560e+02 -8.2830e-01 -2.1285e-02
18204 0 +5.010356216e-05 +4.759300501e+02 +4.759300501e+02 -8.2464e-01 -2.0064e-02
18266 0 +4.421905129e-05 +4.759300442e+02 +4.759300442e+02 -8.2073e-01 -1.8842e-02
18322 0 +3.980826665e-05 +4.759300398e+02 +4.759300398e+02 -8.1731e-01 -1.7865e-02
18430 0 +3.535136369e-05 +4.759300354e+02 +4.759300354e+02 -8.1389e-01 -1.6643e-02
18538 0 +3.158480047e-05 +4.759300316e+02 +4.759300316e+02 -8.1059e-01 -1.5544e-02
18646 0 +2.814082268e-05 +4.759300281e+02 +4.759300281e+02 -8.0730e-01 -1.4445e-02
18754 0 +2.506402257e-05 +4.759300251e+02 +4.759300251e+02 -8.0400e-01 -1.3467e-02
18854 0 +2.232048109e-05 +4.759300223e+02 +4.759300223e+02 -8.0094e-01 -1.2368e-02
18954 0 +1.986938531e-05 +4.759300199e+02 +4.759300199e+02 -7.9789e-01 -1.1391e-02
19052 0 +1.772773351e-05 +4.759300177e+02 +4.759300177e+02 -7.9496e-01 -1.0414e-02
19142 0 +1.583464984e-05 +4.759300158e+02 +4.759300158e+02 -7.9215e-01 -9.5587e-03
19236 0 +1.411601869e-05 +4.759300141e+02 +4.759300141e+02 -7.8934e-01 -8.5815e-03
19326 0 +1.251883111e-05 +4.759300125e+02 +4.759300125e+02 -7.8653e-01 -7.7264e-03
19410 0 +1.120064616e-05 +4.759300112e+02 +4.759300112e+02 -7.8396e-01 -6.8714e-03
19498 0 +9.932422870e-06 +4.759300099e+02 +4.759300099e+02 -7.8128e-01 -6.0163e-03
19578 0 +8.890498805e-06 +4.759300089e+02 +4.759300089e+02 -7.7883e-01 -5.2834e-03
19660 0 +7.920897076e-06 +4.759300079e+02 +4.759300079e+02 -7.7639e-01 -4.4284e-03
19734 0 +7.078776605e-06 +4.759300071e+02 +4.759300071e+02 -7.7407e-01 -3.6955e-03
19810 0 +6.308902073e-06 +4.759300063e+02 +4.759300063e+02 -7.7175e-01 -2.9626e-03
19886 0 +5.606448951e-06 +4.759300056e+02 +4.759300056e+02 -7.6943e-01 -2.2297e-03
19960 0 +5.003544061e-06 +4.759300050e+02 +4.759300050e+02 -7.6723e-01 -1.4968e-03
20000 0 +4.684311648e-06 +4.759300047e+02 +4.759300047e+02 -7.6601e-01 -1.1304e-03
% f evaluations | g evaluations | best noise-free fitness - Fopt (-1.000000000000e+03) + sum g_i+ | measured fitness | best measured fitness or single-digit g-values | x1 | x2...
1 0 +2.503737427e-01 -9.997496263e+02 -9.997496263e+02 +0.0000e+00 +0.0000e+00
111 0 +1.144987154e-01 -9.998855013e+02 -9.998855013e+02 +1.7741e+00 -5.9352e-03
132 0 +1.103480811e-01 -9.998896519e+02 -9.998896519e+02 +1.7744e+00 -5.9352e-03
6332 0 +1.641669242e-02 -9.999835833e+02 -9.999835833e+02 -1.9200e-01 +3.1987e-01
6339 0 +1.583766247e-02 -9.999841623e+02 -9.999841623e+02 -1.6073e-01 +3.1987e-01
8329 0 +8.401560569e-05 -9.999999160e+02 -9.999999160e+02 +7.4033e-01 +7.5489e-02
8344 0 +1.406360298e-06 -9.999999986e+02 -9.999999986e+02 +7.2469e-01 +7.5489e-02
8357 0 +4.953869848e-07 -9.999999995e+02 -9.999999995e+02 +7.2860e-01 +7.5489e-02
8368 0 +4.204255220e-07 -9.999999996e+02 -9.999999996e+02 +7.2762e-01 +7.5489e-02
8427 0 +3.979572512e-07 -9.999999996e+02 -9.999999996e+02 +7.2719e-01 +7.5672e-02
8503 0 +3.545598020e-07 -9.999999996e+02 -9.999999996e+02 +7.2603e-01 +7.5917e-02
8579 0 +3.145960363e-07 -9.999999997e+02 -9.999999997e+02 +7.2487e-01 +7.6161e-02
8648 0 +2.815663720e-07 -9.999999997e+02 -9.999999997e+02 +7.2377e-01 +7.6344e-02
8712 0 +2.508927537e-07 -9.999999997e+02 -9.999999997e+02 +7.2280e-01 +7.6588e-02
8783 0 +2.233844043e-07 -9.999999998e+02 -9.999999998e+02 +7.2176e-01 +7.6833e-02
8844 0 +1.982078857e-07 -9.999999998e+02 -9.999999998e+02 +7.2078e-01 +7.7016e-02
8904 0 +1.772971245e-07 -9.999999998e+02 -9.999999998e+02 +7.1987e-01 +7.7199e-02
8983 0 +1.583698577e-07 -9.999999998e+02 -9.999999998e+02 +7.1901e-01 +7.7413e-02
9095 0 +1.410389814e-07 -9.999999999e+02 -9.999999999e+02 +7.1816e-01 +7.7596e-02
9196 0 +1.258347311e-07 -9.999999999e+02 -9.999999999e+02 +7.1736e-01 +7.7749e-02
9303 0 +1.119112767e-07 -9.999999999e+02 -9.999999999e+02 +7.1657e-01 +7.7932e-02
9396 0 +9.976929505e-08 -9.999999999e+02 -9.999999999e+02 +7.1583e-01 +7.8085e-02
9488 0 +8.900940429e-08 -9.999999999e+02 -9.999999999e+02 +7.1513e-01 +7.8237e-02
9580 0 +7.932578683e-08 -9.999999999e+02 -9.999999999e+02 +7.1443e-01 +7.8360e-02
9660 0 +7.061009910e-08 -9.999999999e+02 -9.999999999e+02 +7.1382e-01 +7.8512e-02
9740 0 +6.291338650e-08 -9.999999999e+02 -9.999999999e+02 +7.1321e-01 +7.8634e-02
9816 0 +5.606466402e-08 -9.999999999e+02 -9.999999999e+02 +7.1263e-01 +7.8757e-02
9888 0 +4.991625246e-08 -1.000000000e+03 -1.000000000e+03 +7.1208e-01 +7.8879e-02
9959 0 +4.466221526e-08 -1.000000000e+03 -1.000000000e+03 +7.1156e-01 +7.9001e-02
10072 0 +3.972320428e-08 -1.000000000e+03 -1.000000000e+03 +7.1107e-01 +7.9092e-02
10199 0 +3.539935278e-08 -1.000000000e+03 -1.000000000e+03 +7.1060e-01 +7.9199e-02
10312 0 +3.154525530e-08 -1.000000000e+03 -1.000000000e+03 +7.1015e-01 +7.9291e-02
10424 0 +2.807530564e-08 -1.000000000e+03 -1.000000000e+03 +7.0973e-01 +7.9383e-02
10528 0 +2.504498298e-08 -1.000000000e+03 -1.000000000e+03 +7.0933e-01 +7.9459e-02
10628 0 +2.237266017e-08 -1.000000000e+03 -1.000000000e+03 +7.0895e-01 +7.9535e-02
10724 0 +1.992350462e-08 -1.000000000e+03 -1.000000000e+03 +7.0858e-01 +7.9612e-02
10808 0 +1.775219971e-08 -1.000000000e+03 -1.000000000e+03 +7.0826e-01 +7.9688e-02
10896 0 +1.574244379e-08 -1.000000000e+03 -1.000000000e+03 +7.0793e-01 +7.9764e-02
10972 0 +1.409694050e-08 -1.000000000e+03 -1.000000000e+03 +7.0764e-01 +7.9825e-02
11048 0 +1.254500148e-08 -1.000000000e+03 -1.000000000e+03 +7.0735e-01 +7.9886e-02
11123 0 +1.119099124e-08 -1.000000000e+03 -1.000000000e+03 +7.0707e-01 +7.9947e-02
11184 0 +9.995119399e-09 -1.000000000e+03 -1.000000000e+03 +7.0683e-01 +7.9993e-02
20011 0 +4.899902706e-11 -1.000000000e+03 -1.000000000e+03 +7.0277e-01 +8.0851e-02
