% f evaluations | g evaluations | best noise-free fitness - Fopt (9.294000000000e+01) + sum g_i+ | measured fitness | best measured fitness or single-digit g-values | x1 | x2...
1 0 +1.253398105e+01 +1.054739811e+02 +1.054739811e+02 +0.0000e+00 +0.0000e+00 +0.0000e+00
8 0 +1.015336504e+01 +1.030933650e+02 +1.030933650e+02 -1.2266e+00 -9.6753e-02 -3.5825e-01
78 0 +6.206776769e+00 +9.914677677e+01 +9.914677677e+01 -7.3336e-01 -6.0290e-01 -2.0175e+00
82 0 +2.673310063e+00 +9.561331006e+01 +9.561331006e+01 -6.5351e-02 -4.8185e-01 -3.4018e+00
268 0 +1.259164100e+00 +9.419916410e+01 +9.419916410e+01 -3.3978e-01 +9.9035e-01 +4.7139e-01
269 0 +8.076988904e-01 +9.374769889e+01 +9.374769889e+01 -3.4338e-02 +4.7998e-01 -2.4846e-01
314 0 +6.524550867e-01 +9.359245509e+01 +9.359245509e+01 -4.6717e-01 +6.9631e-01 -1.3645e-01
318 0 +5.016433091e-01 +9.344164331e+01 +9.344164331e+01 -3.6232e-01 +5.9022e-01 -1.8016e-01
396 0 +4.751240153e-01 +9.341512402e+01 +9.341512402e+01 -2.2436e-01 +9.6445e-01 +1.3201e+00
481 0 +3.143608472e-01 +9.325436085e+01 +9.325436085e+01 -1.6264e-01 +9.0082e-01 +4.5521e-01
489 0 +6.206776769e-02 +9.300206777e+01 +9.300206777e+01 -1.7854e-01 +8.6830e-01 +5.5461e-01
525 0 +8.711629656e-03 +9.294871163e+01 +9.294871163e+01 -2.5016e-01 +7.3316e-01 +3.0692e-01
541 0 +5.180641918e-03 +9.294518064e+01 +9.294518064e+01 -2.5016e-01 +7.3316e-01 +1.8184e-01
556 0 +3.227848726e-03 +9.294322785e+01 +9.294322785e+01 -2.1889e-01 +7.3316e-01 +1.8184e-01
2287 0 +3.515642675e-07 +9.294000035e+01 +9.294000035e+01 -2.2327e-01 +7.3316e-01 +2.4000e-01
2292 0 +5.622818833e-08 +9.294000006e+01 +9.294000006e+01 -2.2327e-01 +7.3316e-01 +2.7127e-01
2299 0 +3.642406909e-08 +9.294000004e+01 +9.294000004e+01 -2.3891e-01 +7.3316e-01 +2.7127e-01
2314 0 +1.271902761e-08 +9.294000001e+01 +9.294000001e+01 -2.3891e-01 +7.4098e-01 +2.7127e-01
2326 0 +8.665068663e-10 +9.294000000e+01 +9.294000000e+01 -2.3891e-01 +7.4488e-01 +2.7127e-01
2414 0 +3.126388037e-13 +9.294000000e+01 +9.294000000e+01 -2.3936e-01 +7.4488e-01 +2.7130e-01
2444 0 +0.000000000e+00 +9.294000000e+01 +9.294000000e+01 -2.3936e-01 +7.4488e-01 +2.7130e-01
30000 0 +0.000000000e+00 +9.294000000e+01 +9.294000000e+01 -2.3936e-01 +7.4488e-01 +2.7130e-01
% f evaluations | g evaluations | best noise-free fitness - Fopt (3.535000000000e+01) + sum g_i+ | measured fitness | best measured fitness or single-digit g-values | x1 | x2...
1 0 +3.012892492e+02 +3.366392492e+02 +3.366392492e+02 +0.0000e+00 +0.0000e+00 +0.0000e+00
19 0 +1.253186765e+02 +1.606686765e+02 +1.606686765e+02 +3.2906e+00 -1.2343e+00 +8.9066e-01
22 0 +2.616221500e+01 +6.151221500e+01 +6.151221500e+01 +2.3399e+00 +6.0727e-01 +5.3710e-01
23 0 +2.858242999e+00 +3.820824300e+01 +3.820824300e+01 +2.9887e+00 +1.0204e+00 +4.2320e-01
530 0 +2.017370621e+00 +3.736737062e+01 +3.736737062e+01 +2.1190e+00 +1.5390e+00 +3.0019e+00
543 0 +9.486699535e-01 +3.629866995e+01 +3.629866995e+01 +1.8689e+00 +1.5390e+00 +3.0019e+00
548 0 +8.755003114e-01 +3.622550031e+01 +3.622550031e+01 +1.8689e+00 +1.5390e+00 +3.2521e+00
554 0 +3.947868101e-01 +3.574478681e+01 +3.574478681e+01 +1.8689e+00 +1.5390e+00 +3.5023e+00
561 0 +3.038905625e-01 +3.565389056e+01 +3.565389056e+01 +1.7438e+00 +1.5390e+00 +3.5023e+00
566 0 +2.035846663e-01 +3.555358467e+01 +3.555358467e+01 +1.7438e+00 +1.5390e+00 +3.6274e+00
572 0 +1.232624339e-01 +3.547326243e+01 +3.547326243e+01 +1.7438e+00 +1.5390e+00 +3.7524e+00
578 0 +7.094540471e-02 +3.542094540e+01 +3.542094540e+01 +1.7438e+00 +1.5390e+00 +3.8775e+00
587 0 +6.088566506e-02 +3.541088567e+01 +3.541088567e+01 +1.7438e+00 +1.4764e+00 +3.8775e+00
592 0 +3.200964201e-03 +3.535320096e+01 +3.535320096e+01 +1.8063e+00 +1.4764e+00 +3.8775e+00
12068 0 +3.460583926e-07 +3.535000035e+01 +3.535000035e+01 +1.7641e+00 +1.4764e+00 +3.9401e+00
12074 0 +2.400713512e-07 +3.535000024e+01 +3.535000024e+01 +1.7641e+00 +1.4764e+00 +4.0026e+00
12085 0 +5.299352068e-08 +3.535000005e+01 +3.535000005e+01 +1.7641e+00 +1.4764e+00 +3.9713e+00
12093 0 +2.875850669e-10 +3.535000000e+01 +3.535000000e+01 +1.7485e+00 +1.4764e+00 +3.9713e+00
12191 0 +4.050093594e-13 +3.535000000e+01 +3.535000000e+01 +1.7485e+00 +1.4768e+00 +3.9713e+00
12276 0 +0.000000000e+00 +3.535000000e+01 +3.535000000e+01 +1.7485e+00 +1.4768e+00 +3.9713e+00
30000 0 +0.000000000e+00 +3.535000000e+01 +3.535000000e+01 +1.7485e+00 +1.4768e+00 +3.9713e+00
% f evaluations | g evaluations | best noise-free fitness - Fopt (3.820000000000e+00) + sum g_i+ | measured fitness | best measured fitness or single-digit g-values | x1 | x2...
1 0 +3.465623999e+02 +3.503823999e+02 +3.503823999e+02 +0.0000e+00 +0.0000e+00 +0.0000e+00
11 0 +3.422388911e+02 +3.460588911e+02 +3.460588911e+02 -2.0410e+00 +1.0028e+00 +1.0468e+00
19 0 +5.168365986e+01 +5.550365986e+01 +5.550365986e+01 +3.2906e+00 -1.2343e+00 +8.9066e-01
28 0 +3.244191363e+01 +3.626191363e+01 +3.626191363e+01 +3.8169e+00 +1.0028e+00 +1.0468e+00
121 0 +2.032752970e+01 +2.414752970e+01 +2.414752970e+01 +5.3142e+00 -8.9470e-01 +6.4562e-01
190 0 +4.684352622e+00 +8.504352622e+00 +8.504352622e+00 +3.4090e+00 -9.9587e-01 +1.4584e+00
195 0 +1.459396003e+00 +5.279396003e+00 +5.279396003e+00 +4.1629e+00 -7.0134e-02 +1.8634e+00
263 0 +1.945010879e-01 +4.014501088e+00 +4.014501088e+00 +3.8234e+00 +1.4881e+00 +1.9349e+00
337 0 +1.193134813e-01 +3.939313481e+00 +3.939313481e+00 +4.0196e+00 +1.3555e+00 +1.9430e+00
2622 0 +9.869159161e-02 +3.918691592e+00 +3.918691592e+00 +4.0445e+00 +1.5390e+00 +1.9311e+00
2638 0 +7.621994946e-02 +3.896219949e+00 +3.896219949e+00 +4.0445e+00 +1.2888e+00 +1.9311e+00
2648 0 +6.073606094e-02 +3.880736061e+00 +3.880736061e+00 +3.9194e+00 +1.2888e+00 +1.9311e+00
2651 0 +5.360151765e-02 +3.873601518e+00 +3.873601518e+00 +3.9194e+00 +1.4139e+00 +1.9311e+00
2655 0 +4.684352622e-02 +3.866843526e+00 +3.866843526e+00 +4.0445e+00 +1.4139e+00 +1.9311e+00
2666 0 +2.739943010e-02 +3.847399430e+00 +3.847399430e+00 +3.9820e+00 +1.4139e+00 +1.9311e+00
2669 0 +1.524463232e-02 +3.835244632e+00 +3.835244632e+00 +3.9820e+00 +1.4764e+00 +1.9311e+00
18969 0 +1.340037941e-02 +3.833400379e+00 +3.833400379e+00 +3.9465e+00 +1.2508e+00 +1.9311e+00
26132 0 +1.171088155e-02 +3.831710882e+00 +3.831710882e+00 +3.9676e+00 +1.0777e+00 +1.8729e+00
29686 0 +6.717050601e-03 +3.826717051e+00 +3.826717051e+00 +3.9574e+00 +1.3759e+00 +1.9311e+00
30101 0 +6.717050601e-03 +3.826717051e+00 +3.826717051e+00 +3.9574e+00 +1.3759e+00 +1.9311e+00
% f evaluations | g evaluations | best noise-free fitness - Fopt (2.175000000000e+01) + sum g_i+ | measured fitness | best measured fitness or single-digit g-values | x1 | x2...
1 0 +8.340418923e+01 +1.051541892e+02 +1.051541892e+02 +0.0000e+00 +0.0000e+00 +0.0000e+00
20 0 +2.619644567e+01 +4.794644567e+01 +4.794644567e+01 +3.5912e+00 -1.3739e+00 -9.1695e-01
22 0 +1.571999124e+01 +3.746999124e+01 +3.746999124e+01 +2.3399e+00 +6.0727e-01 +5.3710e-01
26 0 +7.295248785e+00 +2.904524878e+01 +2.904524878e+01 +2.2372e+00 +1.2420e+00 -1.5699e-01
326 0 +6.217716413e+00 +2.796771641e+01 +2.796771641e+01 +2.9068e+00 -5.2327e-01 -1.1551e+00
331 0 +1.661891739e+00 +2.341189174e+01 +2.341189174e+01 +3.3030e+00 -3.6851e-02 -9.4228e-01
528 0 +1.109925666e+00 +2.285992567e+01 +2.285992567e+01 +3.1549e+00 +6.9233e-01 -8.0583e-01
538 0 +6.467440122e-01 +2.239674401e+01 +2.239674401e+01 +3.4050e+00 +6.9233e-01 -8.0583e-01
540 0 +4.200810951e-01 +2.217008110e+01 +2.217008110e+01 +3.4050e+00 +9.4249e-01 -8.0583e-01
556 0 +3.816281763e-01 +2.213162818e+01 +2.213162818e+01 +3.4676e+00 +9.4249e-01 -8.0583e-01
558 0 +3.366164025e-01 +2.208661640e+01 +2.208661640e+01 +3.4676e+00 +1.0050e+00 -8.0583e-01
562 0 +2.915777366e-01 +2.204157774e+01 +2.204157774e+01 +3.5301e+00 +1.0050e+00 -8.0583e-01
979 0 +2.207205868e-01 +2.197072059e+01 +2.197072059e+01 +3.6552e+00 +1.4341e+00 -8.0583e-01
10539 0 +1.859512137e-01 +2.193595121e+01 +2.193595121e+01 +3.6654e+00 +6.1524e-01 -1.1141e+00
10541 0 +7.816916477e-02 +2.182816916e+01 +2.182816916e+01 +3.6654e+00 +7.4033e-01 -1.1141e+00
10552 0 +5.667663765e-02 +2.180667664e+01 +2.180667664e+01 +3.6654e+00 +6.7778e-01 -1.1141e+00
15001 0 +4.100852493e-02 +2.179100852e+01 +2.179100852e+01 +3.6654e+00 +8.0865e-01 -1.0458e+00
15019 0 +3.731546636e-02 +2.178731547e+01 +2.178731547e+01 +3.6966e+00 +8.0865e-01 -1.0458e+00
30000 0 +3.731546636e-02 +2.178731547e+01 +2.178731547e+01 +3.6966e+00 +8.0865e-01 -1.0458e+00
% f evaluations | g evaluations | best noise-free fitness - Fopt (6.479000000000e+01) + sum g_i+ | measured fitness | best measured fitness or single-digit g-values | x1 | x2...
1 0 +1.081542640e+02 +1.729442640e+02 +1.729442640e+02 +0.0000e+00 +0.0000e+00 +0.0000e+00
2 0 +3.483064921e+01 +9.962064921e+01 +9.962064921e+01 -2.5673e+00 -1.2343e+00 +8.9066e-01
3 0 +1.187948950e+01 +7.666948950e+01 +7.666948950e+01 -2.2666e+00 -1.3739e+00 -9.1695e-01
4 0 +4.437364224e+00 +6.922736422e+01 +6.922736422e+01 -2.2041e+00 -1.7931e+00 -9.5263e-02
50 0 +3.719064659e-01 +6.516190647e+01 +6.516190647e+01 -1.7268e+00 -2.3265e+00 +3.0277e-01
540 0 +2.163274576e-01 +6.500632746e+01 +6.500632746e+01 -1.8487e+00 -2.5598e+00 +0.0000e+00
956 0 +3.582677406e-02 +6.482582677e+01 +6.482582677e+01 -1.8487e+00 -2.0013e+00 -3.0832e-01
975 0 +2.201836317e-02 +6.481201836e+01 +6.481201836e+01 -1.8487e+00 -2.0013e+00 -1.8324e-01
981 0 +5.504590793e-03 +6.479550459e+01 +6.479550459e+01 -1.8487e+00 -2.1264e+00 -5.8160e-02
997 0 +4.306100436e-07 +6.479000043e+01 +6.479000043e+01 -1.8487e+00 -2.0951e+00 -5.8160e-02
998 0 +1.985566911e-07 +6.479000020e+01 +6.479000020e+01 -1.8487e+00 -2.0951e+00 -8.9430e-02
1004 0 +3.349664723e-08 +6.479000003e+01 +6.479000003e+01 -1.8487e+00 -2.0951e+00 -1.2070e-01
1019 0 +3.513207503e-10 +6.479000000e+01 +6.479000000e+01 -1.8409e+00 -2.0951e+00 -1.2070e-01
1145 0 +1.136868377e-13 +6.479000000e+01 +6.479000000e+01 -1.8410e+00 -2.0951e+00 -1.2070e-01
1205 0 +0.000000000e+00 +6.479000000e+01 +6.479000000e+01 -1.8410e+00 -2.0951e+00 -1.2070e-01
30000 0 +0.000000000e+00 +6.479000000e+01 +6.479000000e+01 -1.8410e+00 -2.0951e+00 -1.2070e-01
% f evaluations | g evaluations | best noise-free fitness - Fopt (-2.154600000000e+02) + sum g_i+ | measured fitness | best measured fitness or single-digit g-values | x1 | x2...
1 0 +3.690079047e+02 +1.535479047e+02 +1.535479047e+02 +0.0000e+00 +0.0000e+00 +0.0000e+00
3 0 +3.329311813e+02 +1.174711813e+02 +1.174711813e+02 -2.2666e+00 -1.3739e+00 -9.1695e-01
5 0 +8.958563457e+01 -1.258743654e+02 -1.258743654e+02 -3.5180e+00 +6.0727e-01 +5.3710e-01
6 0 +5.022298021e+01 -1.652370198e+02 -1.652370198e+02 -2.8692e+00 +1.0204e+00 +4.2320e-01
17 0 +3.672995727e+01 -1.787300427e+02 -1.787300427e+02 -2.5451e+00 +1.5295e+00 +3.9245e-01
56 0 +9.993049099e+00 -2.054669509e+02 -2.054669509e+02 -5.8907e-01 +3.5362e+00 +5.3710e-01
69 0 +1.875262675e+00 -2.135847373e+02 -2.135847373e+02 +0.0000e+00 +2.9289e+00 +0.0000e+00
11883 0 +1.114540531e+00 -2.143454595e+02 -2.143454595e+02 +1.1156e+00 +3.4701e+00 -5.7334e-01
30000 0 +1.114540531e+00 -2.143454595e+02 -2.143454595e+02 +1.1156e+00 +3.4701e+00 -5.7334e-01
% f evaluations | g evaluations | best noise-free fitness - Fopt (-3.217200000000e+02) + sum g_i+ | measured fitness | best measured fitness or single-digit g-values | x1 | x2...
1 0 +5.195368468e+01 -2.697663153e+02 -2.697663153e+02 +0.0000e+00 +0.0000e+00 +0.0000e+00
19 0 +5.133258601e+01 -2.703874140e+02 -2.703874140e+02 +3.2906e+00 -1.2343e+00 +8.9066e-01
20 0 +2.113611996e+01 -3.005838800e+02 -3.005838800e+02 +3.5912e+00 -1.3739e+00 -9.1695e-01
21 0 +1.659900783e+01 -3.051209922e+02 -3.051209922e+02 +3.6538e+00 -1.7931e+00 -9.5263e-02
45 0 +6.563597297e+00 -3.151564027e+02 -3.151564027e+02 +8.8792e-01 -1.9261e+00 +1.0468e+00
49 0 +6.258665844e+00 -3.154613342e+02 -3.154613342e+02 +1.0949e+00 -1.6781e+00 +9.1410e-01
189 0 +3.171007474e-01 -3.214028993e+02 -3.214028993e+02 -2.6668e+00 -8.9470e-01 +2.7687e+00
2240 0 +2.110832842e-01 -3.215089167e+02 -3.215089167e+02 -3.0642e+00 -1.0387e+00 +2.9318e+00
4052 0 +1.003856927e-01 -3.216196143e+02 -3.216196143e+02 -3.9296e+00 -8.4666e-01 +3.2387e+00
4068 0 +6.416083280e-02 -3.216558392e+02 -3.216558392e+02 -3.8045e+00 -8.4666e-01 +3.2387e+00
4069 0 +5.232680834e-02 -3.216676732e+02 -3.216676732e+02 -3.8045e+00 -9.7174e-01 +3.2387e+00
4074 0 +4.163325981e-02 -3.216783667e+02 -3.216783667e+02 -3.6794e+00 -9.7174e-01 +3.2387e+00
4917 0 +1.608622635e-02 -3.217039138e+02 -3.217039138e+02 -3.7463e+00 -9.1358e-01 +3.2387e+00
30000 0 +1.608622635e-02 -3.217039138e+02 -3.217039138e+02 -3.7463e+00 -9.1358e-01 +3.2387e+00
% f evaluations | g evaluations | best noise-free fitness - Fopt (-1.042000000000e+02) + sum g_i+ | measured fitness | best measured fitness or single-digit g-values | x1 | x2...
1 0 +2.079109210e+02 +1.037109210e+02 +1.037109210e+02 +0.0000e+00 +0.0000e+00 +0.0000e+00
2 0 +9.024482777e+01 -1.395517223e+01 -1.395517223e+01 -2.5673e+00 -1.2343e+00 +8.9066e-01
3 0 +1.242569998e+01 -9.177430002e+01 -9.177430002e+01 -2.2666e+00 -1.3739e+00 -9.1695e-01
44 0 +6.549521231e+00 -9.765047877e+01 -9.765047877e+01 -7.3336e-01 -3.5318e+00 +9.1139e-01
309 0 +4.540481508e+00 -9.965951849e+01 -9.965951849e+01 -8.6331e-01 -4.1854e+00 +2.5797e+00
415 0 +2.945936303e+00 -1.012540637e+02 -1.012540637e+02 -1.1653e+00 -4.6246e+00 +2.5309e+00
2185 0 +1.276988403e+00 -1.029230116e+02 -1.029230116e+02 -2.0013e+00 -3.9690e+00 +1.9283e+00
3133 0 +7.364840757e-01 -1.034635159e+02 -1.034635159e+02 -2.3096e+00 -3.6621e+00 +1.3130e+00
19288 0 +6.649036396e-01 -1.035350964e+02 -1.035350964e+02 -3.0019e+00 -2.9318e+00 +7.7470e-01
19303 0 +2.077148015e-01 -1.039922852e+02 -1.039922852e+02 -3.0019e+00 -2.9318e+00 +5.2454e-01
19312 0 +1.698671235e-01 -1.040301329e+02 -1.040301329e+02 -2.8769e+00 -2.9318e+00 +5.2454e-01
19316 0 +7.203841641e-02 -1.041279616e+02 -1.041279616e+02 -2.8769e+00 -2.9318e+00 +6.4962e-01
19317 0 +3.570504231e-02 -1.041642950e+02 -1.041642950e+02 -3.0019e+00 -2.9318e+00 +6.4962e-01
19339 0 +2.945936303e-02 -1.041705406e+02 -1.041705406e+02 -3.0019e+00 -2.9318e+00 +6.1835e-01
19341 0 +2.730374183e-02 -1.041726963e+02 -1.041726963e+02 -3.0332e+00 -2.9318e+00 +6.1835e-01
21501 0 +1.276988403e-02 -1.041872301e+02 -1.041872301e+02 -3.1896e+00 -2.6904e+00 +2.7438e-01
21517 0 +7.364840757e-03 -1.041926352e+02 -1.041926352e+02 -3.1896e+00 -2.6904e+00 +3.0565e-01
30049 0 +7.364840757e-03 -1.041926352e+02 -1.041926352e+02 -3.1896e+00 -2.6904e+00 +3.0565e-01
% f evaluations | g evaluations | best noise-free fitness - Fopt (6.147000000000e+01) + sum g_i+ | measured fitness | best measured fitness or single-digit g-values | x1 | x2...
1 0 +1.798011080e+02 +2.412711080e+02 +2.412711080e+02 +0.0000e+00 +0.0000e+00 +0.0000e+00
19 0 +1.663966489e+02 +2.278666489e+02 +2.278666489e+02 +3.2906e+00 -1.2343e+00 +8.9066e-01
20 0 +5.294433778e+01 +1.144143378e+02 +1.144143378e+02 +3.5912e+00 -1.3739e+00 -9.1695e-01
22 0 +3.151283153e+01 +9.298283153e+01 +9.298283153e+01 +2.3399e+00 +6.0727e-01 +5.3710e-01
23 0 +9.103571603e+00 +7.057357160e+01 +7.057357160e+01 +2.9887e+00 +1.0204e+00 +4.2320e-01
32 0 +4.145033760e+00 +6.561503376e+01 +6.561503376e+01 +4.0238e+00 +1.2509e+00 +9.1410e-01
953 0 +2.926853948e+00 +6.439685395e+01 +6.439685395e+01 +2.0013e+00 +3.7770e+00 +2.1203e+00
972 0 +2.544357739e+00 +6.401435774e+01 +6.401435774e+01 +2.0013e+00 +3.5268e+00 +2.1203e+00
977 0 +1.952738467e+00 +6.342273847e+01 +6.342273847e+01 +2.2515e+00 +3.5268e+00 +2.1203e+00
983 0 +1.343315219e+00 +6.281331522e+01 +6.281331522e+01 +2.5016e+00 +3.5268e+00 +2.3704e+00
3304 0 +1.062487492e+00 +6.253248749e+01 +6.253248749e+01 +2.9249e+00 +3.6621e+00 +2.9289e+00
5983 0 +9.853304945e-01 +6.245533049e+01 +6.245533049e+01 +2.3096e+00 +3.1618e+00 +1.8134e+00
6425 0 +7.293844652e-01 +6.219938447e+01 +6.219938447e+01 +2.7518e+00 +2.9698e+00 +1.8134e+00
6426 0 +5.780118812e-01 +6.204801188e+01 +6.204801188e+01 +2.7518e+00 +2.7196e+00 +1.8134e+00
6431 0 +2.479674614e-01 +6.171796746e+01 +6.171796746e+01 +3.0019e+00 +2.7196e+00 +1.8134e+00
6435 0 +2.232950918e-01 +6.169329509e+01 +6.169329509e+01 +3.0019e+00 +2.7196e+00 +2.0635e+00
6437 0 +1.925042358e-01 +6.166250424e+01 +6.166250424e+01 +3.2521e+00 +2.7196e+00 +2.0635e+00
6441 0 +1.420596552e-01 +6.161205966e+01 +6.161205966e+01 +3.2521e+00 +2.7196e+00 +2.3137e+00
6443 0 +1.020779962e-01 +6.157207800e+01 +6.157207800e+01 +3.5023e+00 +2.7196e+00 +2.3137e+00
6454 0 +4.558652907e-02 +6.151558653e+01 +6.151558653e+01 +3.3772e+00 +2.7196e+00 +2.3137e+00
6470 0 +2.917537861e-02 +6.149917538e+01 +6.149917538e+01 +3.3772e+00 +2.7196e+00 +2.2511e+00
6472 0 +7.293844652e-03 +6.147729384e+01 +6.147729384e+01 +3.3147e+00 +2.7196e+00 +2.2511e+00
30101 0 +7.293844652e-03 +6.147729384e+01 +6.147729384e+01 +3.3147e+00 +2.7196e+00 +2.2511e+00
% f evaluations | g evaluations | best noise-free fitness - Fopt (-2.754000000000e+01) + sum g_i+ | measured fitness | best measured fitness or single-digit g-values | x1 | x2...
1 0 +4.867099875e+02 +4.591699875e+02 +4.591699875e+02 +0.0000e+00 +0.0000e+00 +0.0000e+00
2 0 +5.966195788e+01 +3.212195788e+01 +3.212195788e+01 -2.5673e+00 -1.2343e+00 +8.9066e-01
3 0 +1.925456528e+01 -8.285434716e+00 -8.285434716e+00 -2.2666e+00 -1.3739e+00 -9.1695e-01
36 0 +7.023805448e+00 -2.051619455e+01 -2.051619455e+01 +3.6165e-01 -4.1632e+00 +8.9066e-01
44 0 +5.008364312e+00 -2.253163569e+01 -2.253163569e+01 -7.3336e-01 -3.5318e+00 +9.1139e-01
3381 0 +4.033922440e+00 -2.350607756e+01 -2.350607756e+01 -3.5665e-01 -3.5090e+00 +6.0673e-01
4642 0 +2.840746598e+00 -2.469925340e+01 -2.469925340e+01 -1.0006e+00 -3.6621e+00 +6.2071e-01
4656 0 +1.755951362e+00 -2.578404864e+01 -2.578404864e+01 -1.2508e+00 -3.6621e+00 +6.2071e-01
15984 0 +9.464463802e-01 -2.659355362e+01 -2.659355362e+01 -2.0013e+00 -2.7385e+00 -7.3015e-02
16005 0 +5.782293595e-01 -2.696177064e+01 -2.696177064e+01 -1.8762e+00 -2.7385e+00 -7.3015e-02
21342 0 +1.802590714e-01 -2.735974093e+01 -2.735974093e+01 -2.6546e+00 -2.3151e+00 -7.3015e-02
21363 0 +1.613568976e-01 -2.737864310e+01 -2.737864310e+01 -2.5295e+00 -2.3151e+00 -7.3015e-02
21374 0 +1.295064004e-01 -2.741049360e+01 -2.741049360e+01 -2.5920e+00 -2.3151e+00 -7.3015e-02
22334 0 +3.226119938e-02 -2.750773880e+01 -2.750773880e+01 -2.9730e+00 -2.1231e+00 -6.2854e-02
22346 0 +2.764449647e-07 -2.753999972e+01 -2.753999972e+01 -2.9730e+00 -2.1231e+00 -1.2539e-01
22358 0 +2.119766762e-08 -2.753999998e+01 -2.753999998e+01 -2.9730e+00 -2.1231e+00 -1.5666e-01
22361 0 +9.565784609e-09 -2.753999999e+01 -2.753999999e+01 -2.9418e+00 -2.1231e+00 -1.5666e-01
22504 0 +7.105427358e-14 -2.754000000e+01 -2.754000000e+01 -2.9198e+00 -2.1229e+00 -1.5666e-01
22571 0 +0.000000000e+00 -2.754000000e+01 -2.754000000e+01 -2.9198e+00 -2.1229e+00 -1.5666e-01
30000 0 +0.000000000e+00 -2.754000000e+01 -2.754000000e+01 -2.9198e+00 -2.1229e+00 -1.5666e-01
% f evaluations | g evaluations | best noise-free fitness - Fopt (1.095000000000e+01) + sum g_i+ | measured fitness | best measured fitness or single-digit g-values | x1 | x2...
1 0 +5.419743834e+01 +6.514743834e+01 +6.514743834e+01 +0.0000e+00 +0.0000e+00 +0.0000e+00
22 0 +2.856582635e+01 +3.951582635e+01 +3.951582635e+01 +2.3399e+00 +6.0727e-01 +5.3710e-01
26 0 +2.090308748e+01 +3.185308748e+01 +3.185308748e+01 +2.2372e+00 +1.2420e+00 -1.5699e-01
30 0 +1.794736328e+01 +2.889736328e+01 +2.889736328e+01 +2.2823e+00 +4.8949e-01 +8.9713e-01
33 0 +1.231459542e+01 +2.326459542e+01 +2.326459542e+01 +1.2021e+00 +6.0240e-01 +3.0277e-01
70 0 +6.709437032e+00 +1.765943703e+01 +1.765943703e+01 +3.6165e-01 -1.2343e+00 -2.0383e+00
82 0 +5.516078028e+00 +1.646607803e+01 +1.646607803e+01 -6.5351e-02 -4.8185e-01 -3.4018e+00
360 0 +4.869146182e+00 +1.581914618e+01 +1.581914618e+01 +9.8542e-01 +5.9230e-01 -3.4925e-01
385 0 +3.873410538e+00 +1.482341054e+01 +1.482341054e+01 +1.0713e+00 +3.8195e-01 -7.1688e-01
449 0 +3.024196088e+00 +1.397419609e+01 +1.397419609e+01 +3.7651e-01 -6.5560e-01 -1.5136e+00
486 0 +2.704947353e+00 +1.365494735e+01 +1.365494735e+01 +5.3069e-01 -1.6645e-01 -1.6726e+00
543 0 +2.351079845e+00 +1.330107984e+01 +1.330107984e+01 +6.0808e-01 -1.9200e-01 -1.6159e+00
944 0 +8.730259761e-01 +1.182302598e+01 +1.182302598e+01 -2.6749e-01 -1.0006e+00 -2.9249e+00
960 0 +7.553139213e-01 +1.170531392e+01 +1.170531392e+01 -2.6749e-01 -1.2508e+00 -2.9249e+00
964 0 +2.848791483e-01 +1.123487915e+01 +1.123487915e+01 -5.1765e-01 -1.2508e+00 -2.9249e+00
977 0 +2.400047321e-01 +1.119000473e+01 +1.119000473e+01 -3.9257e-01 -1.2508e+00 -2.9249e+00
23832 0 +4.421578480e-02 +1.099421578e+01 +1.099421578e+01 -8.6399e-01 -1.8661e+00 -3.6654e+00
23846 0 +2.931019290e-02 +1.097931019e+01 +1.097931019e+01 -8.9526e-01 -1.8661e+00 -3.6654e+00
30000 0 +2.931019290e-02 +1.097931019e+01 +1.097931019e+01 -8.9526e-01 -1.8661e+00 -3.6654e+00
% f evaluations | g evaluations | best noise-free fitness - Fopt (7.520000000000e+01) + sum g_i+ | measured fitness | best measured fitness or single-digit g-values | x1 | x2...
1 0 +7.557699718e+01 +1.507769972e+02 +1.507769972e+02 +0.0000e+00 +0.0000e+00 +0.0000e+00
2 0 +3.590785157e+01 +1.111078516e+02 +1.111078516e+02 -2.5673e+00 -1.2343e+00 +8.9066e-01
27 0 +2.227110677e+01 +9.747110677e+01 +9.747110677e+01 +2.1956e+00 -6.0290e-01 +9.1139e-01
88 0 +4.111556795e+00 +7.931155680e+01 +7.931155680e+01 +6.6231e-01 -1.3739e+00 +2.0120e+00
89 0 +3.754287558e+00 +7.895428756e+01 +7.895428756e+01 +7.2486e-01 -1.7931e+00 +2.8337e+00
202 0 +3.478296275e+00 +7.867829627e+01 +7.867829627e+01 +7.9367e-01 -2.0222e+00 +2.7857e+00
328 0 +3.020340195e+00 +7.822034020e+01 +7.822034020e+01 +8.9121e-01 -1.1587e+00 +2.3277e+00
496 0 +2.011187482e+00 +7.721118748e+01 +7.721118748e+01 +1.2984e+00 -1.7693e+00 +2.6786e+00
501 0 +1.884324349e+00 +7.708432435e+01 +7.708432435e+01 +1.5856e+00 -1.4167e+00 +2.8328e+00
505 0 +1.599978594e+00 +7.679997859e+01 +7.679997859e+01 +1.6616e+00 -1.4936e+00 +2.8012e+00
514 0 +8.610836123e-01 +7.606108361e+01 +7.606108361e+01 +2.1162e+00 -1.3899e+00 +2.9318e+00
520 0 +1.346460979e-01 +7.533464610e+01 +7.533464610e+01 +3.1169e+00 -1.3899e+00 +2.9318e+00
547 0 +7.189264570e-02 +7.527189265e+01 +7.527189265e+01 +3.1169e+00 -1.3899e+00 +2.8067e+00
555 0 +6.078414352e-02 +7.526078414e+01 +7.526078414e+01 +3.0543e+00 -1.3899e+00 +2.8067e+00
556 0 +4.489200718e-02 +7.524489201e+01 +7.524489201e+01 +3.1794e+00 -1.3899e+00 +2.8067e+00
558 0 +1.286963251e-02 +7.521286963e+01 +7.521286963e+01 +3.1794e+00 -1.3274e+00 +2.8067e+00
559 0 +3.799008970e-03 +7.520379901e+01 +7.520379901e+01 +3.1794e+00 -1.3274e+00 +2.7441e+00
18711 0 +3.371981165e-07 +7.520000034e+01 +7.520000034e+01 +3.2521e+00 -1.3130e+00 +2.7196e+00
18733 0 +2.604172522e-07 +7.520000026e+01 +7.520000026e+01 +3.2521e+00 -1.3130e+00 +2.7821e+00
18744 0 +3.839042506e-08 +7.520000004e+01 +7.520000004e+01 +3.2521e+00 -1.3130e+00 +2.7509e+00
18758 0 +5.284732651e-10 +7.520000000e+01 +7.520000000e+01 +3.2677e+00 -1.3130e+00 +2.7509e+00
18905 0 +5.826450433e-13 +7.520000000e+01 +7.520000000e+01 +3.2676e+00 -1.3135e+00 +2.7509e+00
18988 0 +0.000000000e+00 +7.520000000e+01 +7.520000000e+01 +3.2676e+00 -1.3135e+00 +2.7509e+00
30000 0 +0.000000000e+00 +7.520000000e+01 +7.520000000e+01 +3.2676e+00 -1.3135e+00 +2.7509e+00
% f evaluations | g evaluations | best noise-free fitness - Fopt (-2.819100000000e+02) + sum g_i+ | measured fitness | best measured fitness or single-digit g-values | x1 | x2...
1 0 +8.588752215e+02 +5.769652215e+02 +5.769652215e+02 +0.0000e+00 +0.0000e+00 +0.0000e+00
5 0 +4.442950690e+02 +1.623850690e+02 +1.623850690e+02 -3.5180e+00 +6.0727e-01 +5.3710e-01
6 0 +3.810691542e+02 +9.915915425e+01 +9.915915425e+01 -2.8692e+00 +1.0204e+00 +4.2320e-01
15 0 +3.228252505e+02 +4.091525051e+01 +4.091525051e+01 -1.8340e+00 +1.2509e+00 +9.1410e-01
17 0 +2.678271790e+02 -1.408282101e+01 -1.408282101e+01 -2.5451e+00 +1.5295e+00 +3.9245e-01
56 0 +7.692194388e+01 -2.049880561e+02 -2.049880561e+02 -5.8907e-01 +3.5362e+00 +5.3710e-01
57 0 +4.643164398e+01 -2.354783560e+02 -2.354783560e+02 +5.9773e-02 +3.9493e+00 +4.2320e-01
62 0 +4.112847437e+01 -2.407815256e+02 -2.407815256e+02 +8.8792e-01 +3.9317e+00 +1.0468e+00
66 0 +3.283530332e+01 -2.490746967e+02 -2.490746967e+02 +1.0949e+00 +4.1798e+00 +9.1410e-01
404 0 +2.476328976e+01 -2.571467102e+02 -2.571467102e+02 +2.6826e+00 +3.8485e+00 +1.4573e+00
469 0 +2.068322783e+01 -2.612267722e+02 -2.612267722e+02 +2.7265e+00 +4.3043e+00 +1.3672e+00
503 0 +1.789869849e+01 -2.640113015e+02 -2.640113015e+02 +2.7265e+00 +3.4956e+00 +2.1758e+00
506 0 +1.027394051e+01 -2.716360595e+02 -2.716360595e+02 +2.7504e+00 +3.7972e+00 +2.1719e+00
518 0 +3.030902027e+00 -2.788790980e+02 -2.788790980e+02 +1.9283e+00 +3.6621e+00 +2.9249e+00
520 0 +1.549884408e+00 -2.803601156e+02 -2.803601156e+02 +2.9289e+00 +3.6621e+00 +2.9249e+00
951 0 +1.070743148e+00 -2.808392569e+02 -2.808392569e+02 +1.9283e+00 +3.4701e+00 +3.1169e+00
952 0 +7.804895889e-01 -2.811295104e+02 -2.811295104e+02 +1.4280e+00 +3.4701e+00 +3.1169e+00
965 0 +3.635299384e-01 -2.815464701e+02 -2.815464701e+02 +1.6781e+00 +3.4701e+00 +3.1169e+00
984 0 +2.816467413e-01 -2.816283533e+02 -2.816283533e+02 +1.6781e+00 +3.4075e+00 +3.1169e+00
987 0 +1.550529487e-01 -2.817549471e+02 -2.817549471e+02 +1.6781e+00 +3.4075e+00 +3.1794e+00
995 0 +1.076699309e-01 -2.818023301e+02 -2.818023301e+02 +1.7407e+00 +3.4075e+00 +3.2419e+00
999 0 +9.788586067e-02 -2.818121141e+02 -2.818121141e+02 +1.7407e+00 +3.4075e+00 +3.3045e+00
1002 0 +4.917078563e-02 -2.818608292e+02 -2.818608292e+02 +1.7407e+00 +3.3450e+00 +3.3045e+00
1005 0 +3.599204171e-02 -2.818740080e+02 -2.818740080e+02 +1.7407e+00 +3.3450e+00 +3.3670e+00
1007 0 +2.262642588e-02 -2.818873736e+02 -2.818873736e+02 +1.8032e+00 +3.3450e+00 +3.3670e+00
1010 0 +2.024954455e-02 -2.818897505e+02 -2.818897505e+02 +1.8032e+00 +3.3450e+00 +3.3045e+00
8018 0 +1.586694511e-02 -2.818941331e+02 -2.818941331e+02 +2.3137e+00 +3.3538e+00 +3.5023e+00
20321 0 +1.549884408e-02 -2.818945012e+02 -2.818945012e+02 +2.1203e+00 +3.3739e+00 +3.4050e+00
25285 0 +1.062050846e-02 -2.818993795e+02 -2.818993795e+02 +2.2308e+00 +3.3739e+00 +3.4734e+00
27003 0 +5.062386138e-03 -2.819049376e+02 -2.819049376e+02 +2.1057e+00 +3.3158e+00 +3.4777e+00
29774 0 +4.783605050e-07 -2.819099995e+02 -2.819099995e+02 +2.0534e+00 +3.3158e+00 +3.4254e+00
29792 0 +1.972427981e-07 -2.819099998e+02 -2.819099998e+02 +2.0221e+00 +3.3158e+00 +3.4254e+00
29808 0 +1.127585847e-07 -2.819099999e+02 -2.819099999e+02 +2.0221e+00 +3.3314e+00 +3.4097e+00
29810 0 +2.780024033e-08 -2.819100000e+02 -2.819100000e+02 +2.0065e+00 +3.3314e+00 +3.4097e+00
29812 0 +9.224436326e-09 -2.819100000e+02 -2.819100000e+02 +2.0065e+00 +3.3158e+00 +3.4097e+00
29939 0 +1.136868377e-13 -2.819100000e+02 -2.819100000e+02 +2.0065e+00 +3.3219e+00 +3.4136e+00
29962 0 +0.000000000e+00 -2.819100000e+02 -2.819100000e+02 +2.0065e+00 +3.3219e+00 +3.4136e+00
30101 0 +0.000000000e+00 -2.819100000e+02 -2.819100000e+02 +2.0065e+00 +3.3219e+00 +3.4136e+00
% f evaluations | g evaluations | best noise-free fitness - Fopt (6.998000000000e+01) + sum g_i+ | measured fitness | best measured fitness or single-digit g-values | x1 | x2...
1 0 +3.965689917e+02 +4.665489917e+02 +4.665489917e+02 +0.0000e+00 +0.0000e+00 +0.0000e+00
2 0 +3.643711998e+02 +4.343511998e+02 +4.343511998e+02 -2.5673e+00 -1.2343e+00 +8.9066e-01
5 0 +4.176173014e+01 +1.117417301e+02 +1.117417301e+02 -3.5180e+00 +6.0727e-01 +5.3710e-01
6 0 +2.653210591e+01 +9.651210591e+01 +9.651210591e+01 -2.8692e+00 +1.0204e+00 +4.2320e-01
7 0 +1.331342198e+01 +8.329342198e+01 +8.329342198e+01 -4.2207e+00 +5.5435e-01 -1.4415e+00
9 0 +5.325843337e+00 +7.530584334e+01 +7.530584334e+01 -3.6207e+00 +1.2420e+00 -1.5699e-01
211 0 +3.941983049e+00 +7.392198305e+01 +7.392198305e+01 -2.2177e+00 +2.4144e+00 +2.1715e+00
462 0 +2.773177800e+00 +7.275317780e+01 +7.275317780e+01 -2.4717e+00 +2.5524e+00 +2.6758e+00
483 0 +1.165677635e+00 +7.114567764e+01 +7.114567764e+01 -3.0112e+00 +2.2762e+00 +1.7223e+00
532 0 +8.297662124e-01 +7.080976621e+01 +7.080976621e+01 -2.9629e+00 +2.1231e+00 +9.2763e-01
551 0 +7.555290150e-01 +7.073552902e+01 +7.073552902e+01 -2.9629e+00 +1.9980e+00 +9.2763e-01
564 0 +7.036191651e-01 +7.068361917e+01 +7.068361917e+01 -2.9629e+00 +2.0606e+00 +9.2763e-01
14096 0 +3.131918651e-01 +7.029319187e+01 +7.029319187e+01 -3.3483e+00 +2.0082e+00 +6.7747e-01
14106 0 +1.365694161e-01 +7.011656942e+01 +7.011656942e+01 -3.3483e+00 +1.8831e+00 +6.7747e-01
15407 0 +1.229553325e-01 +7.010295533e+01 +7.010295533e+01 -3.1069e+00 +1.9456e+00 +3.6477e-01
30000 0 +1.229553325e-01 +7.010295533e+01 +7.010295533e+01 -3.1069e+00 +1.9456e+00 +3.6477e-01
% f evaluations | g evaluations | best noise-free fitness - Fopt (3.528000000000e+01) + sum g_i+ | measured fitness | best measured fitness or single-digit g-values | x1 | x2...
1 0 +1.454507451e+02 +1.807307451e+02 +1.807307451e+02 +0.0000e+00 +0.0000e+00 +0.0000e+00
20 0 +8.217219207e+01 +1.174521921e+02 +1.174521921e+02 +3.5912e+00 -1.3739e+00 -9.1695e-01
24 0 +4.471628684e+01 +7.999628684e+01 +7.999628684e+01 +1.6371e+00 +5.5435e-01 -1.4415e+00
121 0 +1.623345219e+01 +5.151345219e+01 +5.151345219e+01 +2.3853e+00 -8.9470e-01 -2.2833e+00
123 0 +5.945809749e+00 +4.122580975e+01 +4.122580975e+01 +2.6485e+00 -1.2998e+00 -2.9980e+00
127 0 +3.671311406e+00 +3.895131141e+01 +3.895131141e+01 +3.3571e+00 -7.0134e-02 -3.1886e+00
131 0 +2.950021601e+00 +3.823002160e+01 +3.823002160e+01 +3.5567e+00 -2.7204e-01 -3.2718e+00
228 0 +1.364896472e+00 +3.664489647e+01 +3.664489647e+01 +2.9833e+00 +2.9128e-01 -3.6864e+00
330 0 +9.875602934e-02 +3.537875603e+01 +3.537875603e+01 +2.7467e+00 +1.7501e+00 -3.4780e+00
2236 0 +8.833810826e-02 +3.536833811e+01 +3.536833811e+01 +2.8736e+00 +1.6539e+00 -3.6213e+00
2247 0 +4.472598027e-02 +3.532472598e+01 +3.532472598e+01 +2.8736e+00 +1.5288e+00 -3.6213e+00
2250 0 +4.168214250e-02 +3.532168214e+01 +3.532168214e+01 +2.8736e+00 +1.5288e+00 -3.4962e+00
2257 0 +1.799386064e-02 +3.529799386e+01 +3.529799386e+01 +2.8111e+00 +1.5288e+00 -3.4962e+00
2270 0 +1.199974862e-02 +3.529199975e+01 +3.529199975e+01 +2.8423e+00 +1.5288e+00 -3.4962e+00
2272 0 +3.286269745e-07 +3.528000033e+01 +3.528000033e+01 +2.8423e+00 +1.5601e+00 -3.4962e+00
2273 0 +2.103681780e-07 +3.528000021e+01 +3.528000021e+01 +2.8423e+00 +1.5601e+00 -3.5274e+00
2275 0 +1.669608025e-07 +3.528000017e+01 +3.528000017e+01 +2.8111e+00 +1.5601e+00 -3.5274e+00
2278 0 +1.192449446e-07 +3.528000012e+01 +3.528000012e+01 +2.8111e+00 +1.5914e+00 -3.5274e+00
2282 0 +7.583756911e-08 +3.528000008e+01 +3.528000008e+01 +2.8423e+00 +1.5914e+00 -3.5274e+00
2295 0 +6.726530444e-08 +3.528000007e+01 +3.528000007e+01 +2.8423e+00 +1.5757e+00 -3.5274e+00
2299 0 +4.556161315e-08 +3.528000005e+01 +3.528000005e+01 +2.8267e+00 +1.5757e+00 -3.5274e+00
2303 0 +1.356778512e-08 +3.528000001e+01 +3.528000001e+01 +2.8267e+00 +1.5757e+00 -3.5431e+00
2312 0 +2.715943026e-09 +3.528000000e+01 +3.528000000e+01 +2.8345e+00 +1.5757e+00 -3.5431e+00
2401 0 +3.339550858e-13 +3.528000000e+01 +3.528000000e+01 +2.8365e+00 +1.5757e+00 -3.5431e+00
2431 0 +0.000000000e+00 +3.528000000e+01 +3.528000000e+01 +2.8365e+00 +1.5757e+00 -3.5431e+00
30031 0 +0.000000000e+00 +3.528000000e+01 +3.528000000e+01 +2.8365e+00 +1.5757e+00 -3.5431e+00
