% f evaluations | g evaluations | best noise-free fitness - Fopt (1.491500000000e+02) + sum g_i+ | measured fitness | best measured fitness or single-digit g-values | x1 | x2...
1 0 +6.626101642e+00 +1.557761016e+02 +1.557761016e+02 +0.0000e+00 +0.0000e+00
19 0 +1.280340545e+00 +1.504303405e+02 +1.504303405e+02 +0.0000e+00 -3.7037e-01
34 0 +1.394510496e-02 +1.491639451e+02 +1.491639451e+02 +0.0000e+00 -2.4691e-01
69 0 +4.121595523e-03 +1.491541216e+02 +1.491541216e+02 +0.0000e+00 -2.6063e-01
98 0 +3.214595507e-03 +1.491532146e+02 +1.491532146e+02 +0.0000e+00 -2.5606e-01
113 0 +2.101758908e-03 +1.491521018e+02 +1.491521018e+02 -1.3717e-02 -2.8807e-01
863 0 +1.552734834e-03 +1.491515527e+02 +1.491515527e+02 -9.1449e-02 -4.4353e-01
889 0 +1.208724769e-03 +1.491512087e+02 +1.491512087e+02 -2.2862e-02 -3.0636e-01
977 0 +2.156864435e-04 +1.491502157e+02 +1.491502157e+02 -4.1152e-02 -3.4294e-01
1009 0 +5.450313722e-06 +1.491500055e+02 +1.491500055e+02 -5.4870e-02 -3.7037e-01
13364 0 +5.450313722e-06 +1.491500055e+02 +1.491500055e+02 -5.4870e-02 -3.7037e-01
% f evaluations | g evaluations | best noise-free fitness - Fopt (-1.000000000000e+03) + sum g_i+ | measured fitness | best measured fitness or single-digit g-values | x1 | x2...
1 0 +2.246386374e+04 +2.146386374e+04 +2.146386374e+04 +0.0000e+00 +0.0000e+00
3 0 +1.974415541e+01 -9.802558446e+02 -9.802558446e+02 -3.3333e+00 +0.0000e+00
17 0 +4.631689226e+00 -9.953683108e+02 -9.953683108e+02 -3.7037e+00 +0.0000e+00
18 0 +7.439702798e-01 -9.992560297e+02 -9.992560297e+02 -3.3333e+00 +3.7037e-01
33 0 +5.349637093e-01 -9.994650363e+02 -9.994650363e+02 -3.4568e+00 +3.7037e-01
52 0 +2.036318579e-01 -9.997963681e+02 -9.997963681e+02 -3.2922e+00 +4.9383e-01
80 0 +1.905619610e-01 -9.998094380e+02 -9.998094380e+02 -3.2785e+00 +4.9383e-01
141 0 +8.829975376e-02 -9.999117002e+02 -9.999117002e+02 -2.9630e+00 +9.8765e-01
159 0 +3.205631707e-02 -9.999679437e+02 -9.999679437e+02 -2.9630e+00 +9.4650e-01
176 0 +9.007205887e-03 -9.999909928e+02 -9.999909928e+02 -2.9218e+00 +1.0288e+00
313 0 +1.317796740e-03 -9.999986822e+02 -9.999986822e+02 -2.8807e+00 +1.1111e+00
417 0 +1.175210890e-04 -9.999998825e+02 -9.999998825e+02 -2.8395e+00 +1.1934e+00
1184 0 +6.090760576e-05 -9.999999391e+02 -9.999999391e+02 -2.8532e+00 +1.1660e+00
2799 0 +3.294707892e-05 -9.999999671e+02 -9.999999671e+02 -2.8487e+00 +1.1751e+00
10824 0 +3.294707892e-05 -9.999999671e+02 -9.999999671e+02 -2.8487e+00 +1.1751e+00
% f evaluations | g evaluations | best noise-free fitness - Fopt (9.862000000000e+01) + sum g_i+ | measured fitness | best measured fitness or single-digit g-values | x1 | x2...
1 0 +1.240686796e+02 +2.226886796e+02 +2.226886796e+02 +0.0000e+00 +0.0000e+00
3 0 +9.903014995e+00 +1.085230150e+02 +1.085230150e+02 -3.3333e+00 +0.0000e+00
22 0 +6.483497319e-01 +9.926834973e+01 +9.926834973e+01 +0.0000e+00 +1.1111e+00
80 0 +7.744520458e-02 +9.869744520e+01 +9.869744520e+01 -7.4074e-01 -9.8765e-01
100 0 +3.371493636e-02 +9.865371494e+01 +9.865371494e+01 -9.8765e-01 -1.4815e+00
107 0 +2.397991485e-02 +9.864397991e+01 +9.864397991e+01 -7.4074e-01 -1.0288e+00
147 0 +2.145228692e-02 +9.864145229e+01 +9.864145229e+01 -8.6420e-01 -1.2757e+00
150 0 +4.168149627e-03 +9.862416815e+01 +9.862416815e+01 -7.4074e-01 -1.0151e+00
186 0 +3.490418702e-03 +9.862349042e+01 +9.862349042e+01 -8.6420e-01 -1.2620e+00
294 0 +1.525227148e-03 +9.862152523e+01 +9.862152523e+01 -8.2305e-01 -1.1797e+00
329 0 +4.391477532e-04 +9.862043915e+01 +9.862043915e+01 -8.2305e-01 -1.1843e+00
691 0 +1.680184726e-04 +9.862016802e+01 +9.862016802e+01 -7.9561e-01 -1.1294e+00
1084 0 +1.344758855e-04 +9.862013448e+01 +9.862013448e+01 -7.9561e-01 -1.1279e+00
1703 0 +8.059103540e-05 +9.862008059e+01 +9.862008059e+01 -8.0933e-01 -1.1568e+00
1728 0 +6.109279853e-05 +9.862006109e+01 +9.862006109e+01 -8.0476e-01 -1.1477e+00
1876 0 +5.552224337e-05 +9.862005552e+01 +9.862005552e+01 -8.0476e-01 -1.1462e+00
13406 0 +8.361068581e-06 +9.862000836e+01 +9.862000836e+01 -8.0425e-01 -1.1462e+00
13409 0 +5.755599261e-06 +9.862000576e+01 +9.862000576e+01 -8.0476e-01 -1.1467e+00
13552 0 +5.755599261e-06 +9.862000576e+01 +9.862000576e+01 -8.0476e-01 -1.1467e+00
% f evaluations | g evaluations | best noise-free fitness - Fopt (-4.715000000000e+01) + sum g_i+ | measured fitness | best measured fitness or single-digit g-values | x1 | x2...
1 0 +2.023435653e-01 -4.694765643e+01 -4.694765643e+01 +0.0000e+00 +0.0000e+00
39 0 +1.206356780e-01 -4.702936432e+01 -4.702936432e+01 +0.0000e+00 -4.1152e-02
58 0 +1.102381120e-01 -4.703976189e+01 -4.703976189e+01 +0.0000e+00 -2.7435e-02
99 0 +8.391231660e-02 -4.706608768e+01 -4.706608768e+01 -4.1152e-02 -1.3717e-01
153 0 +7.834496738e-02 -4.707165503e+01 -4.707165503e+01 -5.4870e-02 -1.7833e-01
351 0 +2.337195182e-02 -4.712662805e+01 -4.712662805e+01 -3.7037e-01 -8.6420e-01
396 0 +1.453296080e-02 -4.713546704e+01 -4.713546704e+01 -3.5665e-01 -8.6420e-01
399 0 +1.690698175e-03 -4.714830930e+01 -4.714830930e+01 -3.7037e-01 -8.7791e-01
486 0 +1.222807794e-03 -4.714877719e+01 -4.714877719e+01 -3.6123e-01 -8.5963e-01
523 0 +7.640465749e-04 -4.714923595e+01 -4.714923595e+01 -3.4294e-01 -8.2305e-01
553 0 +5.926824747e-04 -4.714940732e+01 -4.714940732e+01 -3.4294e-01 -8.2762e-01
690 0 +4.630498322e-04 -4.714953695e+01 -4.714953695e+01 -3.3836e-01 -8.1847e-01
1029 0 +3.931117748e-04 -4.714960689e+01 -4.714960689e+01 -3.3379e-01 -8.0933e-01
1033 0 +1.893516698e-04 -4.714981065e+01 -4.714981065e+01 -3.3989e-01 -8.1847e-01
1034 0 +8.357383187e-05 -4.714991643e+01 -4.714991643e+01 -3.3836e-01 -8.1695e-01
1090 0 +2.890332782e-05 -4.714997110e+01 -4.714997110e+01 -3.3379e-01 -8.0780e-01
1192 0 +2.086531579e-05 -4.714997913e+01 -4.714997913e+01 -3.3227e-01 -8.0476e-01
1726 0 +1.992427799e-05 -4.714998008e+01 -4.714998008e+01 -3.2922e-01 -7.9866e-01
6814 0 +7.513556355e-07 -4.714999925e+01 -4.714999925e+01 -3.3074e-01 -8.0120e-01
14934 0 +7.513556355e-07 -4.714999925e+01 -4.714999925e+01 -3.3074e-01 -8.0120e-01
% f evaluations | g evaluations | best noise-free fitness - Fopt (3.752000000000e+01) + sum g_i+ | measured fitness | best measured fitness or single-digit g-values | x1 | x2...
1 0 +6.231518100e+01 +9.983518100e+01 +9.983518100e+01 +0.0000e+00 +0.0000e+00
2 0 +1.908767483e+01 +5.660767483e+01 +5.660767483e+01 +3.3333e+00 +0.0000e+00
18 0 +1.051186487e+00 +3.857118649e+01 +3.857118649e+01 +3.3333e+00 +3.7037e-01
42 0 +7.406410078e-01 +3.826064101e+01 +3.826064101e+01 +3.3333e+00 +4.1152e-01
159 0 +1.566789690e-01 +3.767667897e+01 +3.767667897e+01 +2.0988e+00 -2.5926e+00
190 0 +7.349869848e-02 +3.759349870e+01 +3.759349870e+01 +2.5926e+00 -1.7284e+00
217 0 +3.631037466e-02 +3.755631037e+01 +3.755631037e+01 +2.5926e+00 -1.7695e+00
241 0 +2.750869776e-02 +3.754750870e+01 +3.754750870e+01 +2.5789e+00 -1.7695e+00
242 0 +1.107295414e-02 +3.753107295e+01 +3.753107295e+01 +2.5926e+00 -1.7558e+00
309 0 +3.996808294e-03 +3.752399681e+01 +3.752399681e+01 +2.4691e+00 -2.0165e+00
357 0 +1.526391601e-03 +3.752152639e+01 +3.752152639e+01 +2.4646e+00 -2.0165e+00
358 0 +6.300152688e-04 +3.752063002e+01 +3.752063002e+01 +2.4691e+00 -2.0119e+00
412 0 +4.155947130e-04 +3.752041559e+01 +3.752041559e+01 +2.4737e+00 -2.0027e+00
462 0 +2.743424973e-04 +3.752027434e+01 +3.752027434e+01 +2.4737e+00 -2.0012e+00
612 0 +2.417192813e-04 +3.752024172e+01 +3.752024172e+01 +2.5011e+00 -1.9479e+00
646 0 +1.435248852e-04 +3.752014352e+01 +3.752014352e+01 +2.5011e+00 -1.9463e+00
747 0 +1.147647672e-04 +3.752011476e+01 +3.752011476e+01 +2.4996e+00 -1.9494e+00
934 0 +1.000708887e-04 +3.752010007e+01 +3.752010007e+01 +2.4874e+00 -1.9753e+00
966 0 +3.770702256e-05 +3.752003771e+01 +3.752003771e+01 +2.4874e+00 -1.9738e+00
1294 0 +3.280178935e-05 +3.752003280e+01 +3.752003280e+01 +2.4889e+00 -1.9707e+00
6054 0 +2.148067831e-05 +3.752002148e+01 +3.752002148e+01 +2.4910e+00 -1.9677e+00
6057 0 +5.365436664e-07 +3.752000054e+01 +3.752000054e+01 +2.4905e+00 -1.9682e+00
6461 0 +3.155154786e-07 +3.752000032e+01 +3.752000032e+01 +2.4900e+00 -1.9692e+00
15142 0 +3.155154786e-07 +3.752000032e+01 +3.752000032e+01 +2.4900e+00 -1.9692e+00
% f evaluations | g evaluations | best noise-free fitness - Fopt (2.177000000000e+01) + sum g_i+ | measured fitness | best measured fitness or single-digit g-values | x1 | x2...
1 0 +6.032706628e+01 +8.209706628e+01 +8.209706628e+01 +0.0000e+00 +0.0000e+00
8 0 +2.935578535e+00 +2.470557854e+01 +2.470557854e+01 +1.1111e+00 +0.0000e+00
21 0 +1.834314201e+00 +2.360431420e+01 +2.360431420e+01 +7.4074e-01 +0.0000e+00
36 0 +1.493864981e+00 +2.326386498e+01 +2.326386498e+01 +8.6420e-01 +0.0000e+00
38 0 +1.355179104e+00 +2.312517910e+01 +2.312517910e+01 +7.4074e-01 +1.2346e-01
44 0 +1.153311590e+00 +2.292331159e+01 +2.292331159e+01 +8.6420e-01 +1.2346e-01
54 0 +6.141768465e-01 +2.238417685e+01 +2.238417685e+01 +1.1111e+00 +1.2346e-01
74 0 +4.112642558e-01 +2.218126426e+01 +2.218126426e+01 +2.2222e+00 +1.9753e+00
93 0 +2.337984166e-01 +2.200379842e+01 +2.200379842e+01 +1.3580e+00 +3.7037e-01
94 0 +1.299759923e-01 +2.189997599e+01 +2.189997599e+01 +1.4815e+00 +4.9383e-01
136 0 +1.189485249e-01 +2.188894852e+01 +2.188894852e+01 +1.4815e+00 +5.0754e-01
161 0 +1.042455406e-01 +2.187424554e+01 +2.187424554e+01 +1.5089e+00 +5.3498e-01
203 0 +2.928117070e-02 +2.179928117e+01 +2.179928117e+01 +1.8519e+00 +1.1111e+00
253 0 +1.243275160e-02 +2.178243275e+01 +2.178243275e+01 +1.8381e+00 +1.1111e+00
254 0 +1.725057565e-03 +2.177172506e+01 +2.177172506e+01 +1.8519e+00 +1.1248e+00
284 0 +9.026928458e-04 +2.177090269e+01 +2.177090269e+01 +1.8519e+00 +1.1294e+00
306 0 +6.135639837e-04 +2.177061356e+01 +2.177061356e+01 +1.8244e+00 +1.0700e+00
332 0 +4.402236201e-04 +2.177044022e+01 +2.177044022e+01 +1.8244e+00 +1.0745e+00
410 0 +9.109652344e-05 +2.177009110e+01 +2.177009110e+01 +1.8259e+00 +1.0745e+00
413 0 +3.339227877e-05 +2.177003339e+01 +2.177003339e+01 +1.8244e+00 +1.0730e+00
3792 0 +2.132048573e-05 +2.177002132e+01 +2.177002132e+01 +1.8264e+00 +1.0761e+00
3795 0 +9.659010765e-07 +2.177000097e+01 +2.177000097e+01 +1.8259e+00 +1.0755e+00
4425 0 +4.773283742e-07 +2.177000048e+01 +2.177000048e+01 +1.8254e+00 +1.0745e+00
15720 0 +4.773283742e-07 +2.177000048e+01 +2.177000048e+01 +1.8254e+00 +1.0745e+00
% f evaluations | g evaluations | best noise-free fitness - Fopt (6.603000000000e+01) + sum g_i+ | measured fitness | best measured fitness or single-digit g-values | x1 | x2...
1 0 +1.454971393e+03 +1.521001393e+03 +1.521001393e+03 +0.0000e+00 +0.0000e+00
5 0 +2.407314399e+01 +9.010314399e+01 +9.010314399e+01 +0.0000e+00 -3.3333e+00
16 0 +1.381541890e+01 +7.984541890e+01 +7.984541890e+01 +3.7037e-01 -3.3333e+00
17 0 +1.215683995e+01 +7.818683995e+01 +7.818683995e+01 -3.7037e-01 -3.3333e+00
19 0 +2.258660922e+00 +6.828866092e+01 +6.828866092e+01 +0.0000e+00 -3.7037e+00
22 0 +4.390804198e-01 +6.646908042e+01 +6.646908042e+01 +3.7037e-01 -3.7037e+00
53 0 +3.158382817e-01 +6.634583828e+01 +6.634583828e+01 +1.1111e+00 -2.5926e+00
84 0 +1.365995619e-01 +6.616659956e+01 +6.616659956e+01 +1.1523e+00 -2.5926e+00
87 0 +2.731818075e-02 +6.605731818e+01 +6.605731818e+01 +1.1111e+00 -2.6337e+00
117 0 +6.411870700e-03 +6.603641187e+01 +6.603641187e+01 +1.1111e+00 -2.6475e+00
295 0 +4.655029060e-03 +6.603465503e+01 +6.603465503e+01 +1.0700e+00 -2.7298e+00
324 0 +3.373332324e-03 +6.603337333e+01 +6.603337333e+01 +1.0745e+00 -2.7298e+00
327 0 +1.598349505e-03 +6.603159835e+01 +6.603159835e+01 +1.0700e+00 -2.7343e+00
379 0 +9.880173058e-04 +6.603098802e+01 +6.603098802e+01 +1.0562e+00 -2.7618e+00
459 0 +8.654566543e-04 +6.603086546e+01 +6.603086546e+01 +1.0517e+00 -2.7709e+00
650 0 +5.710244711e-04 +6.603057102e+01 +6.603057102e+01 +1.0532e+00 -2.7709e+00
653 0 +4.478015485e-04 +6.603044780e+01 +6.603044780e+01 +1.0517e+00 -2.7724e+00
806 0 +4.213256640e-04 +6.603042133e+01 +6.603042133e+01 +1.0288e+00 -2.8212e+00
1381 0 +1.039741898e-04 +6.603010397e+01 +6.603010397e+01 +1.0319e+00 -2.8121e+00
1382 0 +2.984569484e-05 +6.603002985e+01 +6.603002985e+01 +1.0334e+00 -2.8105e+00
1688 0 +2.679066336e-05 +6.603002679e+01 +6.603002679e+01 +1.0303e+00 -2.8166e+00
9334 0 +2.075879166e-07 +6.603000021e+01 +6.603000021e+01 +1.0319e+00 -2.8131e+00
9935 0 +3.587487640e-09 +6.603000000e+01 +6.603000000e+01 +1.0313e+00 -2.8141e+00
14378 0 +3.587487640e-09 +6.603000000e+01 +6.603000000e+01 +1.0313e+00 -2.8141e+00
% f evaluations | g evaluations | best noise-free fitness - Fopt (1.720100000000e+02) + sum g_i+ | measured fitness | best measured fitness or single-digit g-values | x1 | x2...
1 0 +1.803609220e+02 +3.523709220e+02 +3.523709220e+02 +0.0000e+00 +0.0000e+00
7 0 +9.338655829e+00 +1.813486558e+02 +1.813486558e+02 -3.3333e+00 +3.3333e+00
10 0 +5.495925507e+00 +1.775059255e+02 +1.775059255e+02 +0.0000e+00 +1.1111e+00
22 0 +2.077277825e+00 +1.740872778e+02 +1.740872778e+02 +0.0000e+00 +1.4815e+00
37 0 +1.685112468e-01 +1.721785112e+02 +1.721785112e+02 +0.0000e+00 +1.3580e+00
65 0 +1.518185228e-01 +1.721618185e+02 +1.721618185e+02 -1.2346e-01 +9.8765e-01
82 0 +7.965549131e-02 +1.720896555e+02 +1.720896555e+02 -1.2346e-01 +1.0288e+00
105 0 +6.607630668e-02 +1.720760763e+02 +1.720760763e+02 -1.2346e-01 +1.0151e+00
154 0 +6.038440810e-02 +1.720703844e+02 +1.720703844e+02 -6.1728e-01 +1.3717e-02
176 0 +5.007147894e-02 +1.720600715e+02 +1.720600715e+02 -6.0357e-01 +4.1152e-02
419 0 +2.463803764e-03 +1.720124638e+02 +1.720124638e+02 -3.7037e-01 +4.5267e-01
533 0 +1.904543063e-03 +1.720119045e+02 +1.720119045e+02 -3.7494e-01 +4.5267e-01
534 0 +9.796636076e-05 +1.720100980e+02 +1.720100980e+02 -3.7037e-01 +4.5725e-01
1146 0 +4.574149813e-06 +1.720100046e+02 +1.720100046e+02 -3.7952e-01 +4.3896e-01
13242 0 +4.574149813e-06 +1.720100046e+02 +1.720100046e+02 -3.7952e-01 +4.3896e-01
% f evaluations | g evaluations | best noise-free fitness - Fopt (-2.725000000000e+01) + sum g_i+ | measured fitness | best measured fitness or single-digit g-values | x1 | x2...
1 0 +1.963765109e+03 +1.936515109e+03 +1.936515109e+03 +0.0000e+00 +0.0000e+00
3 0 +5.259181636e+02 +4.986681636e+02 +4.986681636e+02 -3.3333e+00 +0.0000e+00
4 0 +1.226922203e+02 +9.544222033e+01 +9.544222033e+01 +0.0000e+00 +3.3333e+00
9 0 +1.121762377e+02 +8.492623771e+01 +8.492623771e+01 -3.3333e+00 -3.3333e+00
12 0 +2.828417860e+00 -2.442158214e+01 -2.442158214e+01 +0.0000e+00 +4.4444e+00
45 0 +8.584931579e-01 -2.639150684e+01 -2.639150684e+01 -2.2222e+00 -2.5926e+00
67 0 +4.978637334e-01 -2.675213627e+01 -2.675213627e+01 -2.3457e+00 -2.5926e+00
86 0 +4.026093498e-01 -2.684739065e+01 -2.684739065e+01 -2.3045e+00 -2.5926e+00
108 0 +2.668896289e-01 -2.698311037e+01 -2.698311037e+01 -2.1811e+00 -2.4691e+00
134 0 +2.448616665e-01 -2.700513833e+01 -2.700513833e+01 -2.1674e+00 -2.4691e+00
185 0 +1.042618449e-01 -2.714573816e+01 -2.714573816e+01 -1.9753e+00 -2.2222e+00
216 0 +6.065751043e-02 -2.718934249e+01 -2.718934249e+01 -1.7284e+00 -1.8519e+00
242 0 +3.230837916e-02 -2.721769162e+01 -2.721769162e+01 -1.7284e+00 -1.8107e+00
264 0 +9.752830437e-03 -2.724024717e+01 -2.724024717e+01 -1.7147e+00 -1.8107e+00
267 0 +4.124561122e-03 -2.724587544e+01 -2.724587544e+01 -1.7284e+00 -1.8244e+00
293 0 +3.092961433e-03 -2.724690704e+01 -2.724690704e+01 -1.7284e+00 -1.8290e+00
320 0 +2.528754967e-03 -2.724747125e+01 -2.724747125e+01 -1.7238e+00 -1.8198e+00
345 0 +2.053670421e-03 -2.724794633e+01 -2.724794633e+01 -1.7193e+00 -1.8107e+00
652 0 +1.781030403e-03 -2.724821897e+01 -2.724821897e+01 -1.7162e+00 -1.8046e+00
677 0 +1.656801160e-03 -2.724834320e+01 -2.724834320e+01 -1.7147e+00 -1.8016e+00
710 0 +8.857200367e-04 -2.724911428e+01 -2.724911428e+01 -1.6827e+00 -1.7421e+00
713 0 +4.395214578e-04 -2.724956048e+01 -2.724956048e+01 -1.6872e+00 -1.7467e+00
877 0 +3.350036668e-04 -2.724966500e+01 -2.724966500e+01 -1.6781e+00 -1.7284e+00
920 0 +1.639506332e-04 -2.724983605e+01 -2.724983605e+01 -1.6766e+00 -1.7284e+00
923 0 +2.353626471e-05 -2.724997646e+01 -2.724997646e+01 -1.6781e+00 -1.7299e+00
1079 0 +7.857058495e-06 -2.724999214e+01 -2.724999214e+01 -1.6735e+00 -1.7208e+00
4585 0 +5.598189457e-06 -2.724999440e+01 -2.724999440e+01 -1.6735e+00 -1.7213e+00
15494 0 +5.363653898e-06 -2.724999464e+01 -2.724999464e+01 -1.6740e+00 -1.7223e+00
% f evaluations | g evaluations | best noise-free fitness - Fopt (-1.521800000000e+02) + sum g_i+ | measured fitness | best measured fitness or single-digit g-values | x1 | x2...
1 0 +1.071429813e+02 -4.503701873e+01 -4.503701873e+01 +0.0000e+00 +0.0000e+00
11 0 +3.264384729e+00 -1.489156153e+02 -1.489156153e+02 +0.0000e+00 -1.1111e+00
14 0 +3.739140958e-01 -1.518060859e+02 -1.518060859e+02 +1.1111e+00 -1.1111e+00
41 0 +2.582119092e-01 -1.519217881e+02 -1.519217881e+02 +1.0700e+00 -1.1111e+00
42 0 +2.176792847e-01 -1.519623207e+02 -1.519623207e+02 +1.1111e+00 -1.0700e+00
65 0 +1.589563942e-01 -1.520210436e+02 -1.520210436e+02 +1.1934e+00 -9.8765e-01
94 0 +1.483367056e-01 -1.520316633e+02 -1.520316633e+02 +1.1934e+00 -9.7394e-01
113 0 +5.207483216e-02 -1.521279252e+02 -1.521279252e+02 +1.3580e+00 -7.4074e-01
183 0 +2.184735872e-02 -1.521581526e+02 -1.521581526e+02 +1.4403e+00 -6.1728e-01
258 0 +1.888023551e-02 -1.521611198e+02 -1.521611198e+02 +1.4403e+00 -6.1271e-01
309 0 +1.084649074e-02 -1.521691535e+02 -1.521691535e+02 +1.4815e+00 -5.3498e-01
355 0 +2.269624600e-04 -1.521797730e+02 -1.521797730e+02 +1.5638e+00 -3.8409e-01
448 0 +2.115401708e-05 -1.521799788e+02 -1.521799788e+02 +1.5775e+00 -3.5665e-01
13320 0 +2.115401708e-05 -1.521799788e+02 -1.521799788e+02 +1.5775e+00 -3.5665e-01
% f evaluations | g evaluations | best noise-free fitness - Fopt (5.821500000000e+02) + sum g_i+ | measured fitness | best measured fitness or single-digit g-values | x1 | x2...
1 0 +3.184382097e+02 +9.005882097e+02 +9.005882097e+02 +0.0000e+00 +0.0000e+00
4 0 +2.434530808e+02 +8.256030808e+02 +8.256030808e+02 +0.0000e+00 +3.3333e+00
9 0 +1.684433442e+01 +5.989943344e+02 +5.989943344e+02 -3.3333e+00 -3.3333e+00
20 0 +6.855769688e+00 +5.890057697e+02 +5.890057697e+02 -2.9630e+00 -3.3333e+00
22 0 +3.826782381e+00 +5.859767824e+02 +5.859767824e+02 -3.3333e+00 -2.9630e+00
35 0 +2.431382297e+00 +5.845813823e+02 +5.845813823e+02 +0.0000e+00 +1.8519e+00
53 0 +2.160293488e+00 +5.843102935e+02 +5.843102935e+02 +0.0000e+00 +1.7284e+00
56 0 +1.215440950e+00 +5.833654410e+02 +5.833654410e+02 -1.8519e+00 -3.7037e+00
69 0 +3.788430434e-01 +5.825288430e+02 +5.825288430e+02 -1.9753e+00 -3.7037e+00
70 0 +2.800741042e-01 +5.824300741e+02 +5.824300741e+02 -1.8519e+00 -3.5802e+00
88 0 +2.312481687e-01 +5.823812482e+02 +5.823812482e+02 -1.8107e+00 -3.5802e+00
116 0 +1.760516199e-01 +5.823260516e+02 +5.823260516e+02 -1.7970e+00 -3.5391e+00
161 0 +8.293852351e-02 +5.822329385e+02 +5.822329385e+02 -1.1111e+00 -2.2634e+00
189 0 +7.303427615e-02 +5.822230343e+02 +5.822230343e+02 -1.1111e+00 -2.2771e+00
227 0 +6.219092981e-02 +5.822121909e+02 +5.822121909e+02 -1.1523e+00 -2.3868e+00
238 0 +5.276195084e-02 +5.822027620e+02 +5.822027620e+02 -1.1523e+00 -2.3731e+00
299 0 +2.098316296e-02 +5.821709832e+02 +5.821709832e+02 -1.4815e+00 -3.0864e+00
334 0 +1.160399033e-02 +5.821616040e+02 +5.821616040e+02 -1.4815e+00 -3.0727e+00
350 0 +4.667442086e-04 +5.821504667e+02 +5.821504667e+02 -1.3580e+00 -2.8395e+00
844 0 +3.972742751e-04 +5.821503973e+02 +5.821503973e+02 -1.3992e+00 -2.9218e+00
1323 0 +3.785200067e-05 +5.821500379e+02 +5.821500379e+02 -1.3855e+00 -2.8944e+00
2424 0 +1.130708256e-05 +5.821500113e+02 +5.821500113e+02 -1.3763e+00 -2.8761e+00
2493 0 +4.199405680e-06 +5.821500042e+02 +5.821500042e+02 -1.3809e+00 -2.8852e+00
8479 0 +2.052243758e-06 +5.821500021e+02 +5.821500021e+02 -1.3794e+00 -2.8822e+00
11690 0 +2.052243758e-06 +5.821500021e+02 +5.821500021e+02 -1.3794e+00 -2.8822e+00
% f evaluations | g evaluations | best noise-free fitness - Fopt (1.752000000000e+01) + sum g_i+ | measured fitness | best measured fitness or single-digit g-values | x1 | x2...
1 0 +3.584558809e+02 +3.759758809e+02 +3.759758809e+02 +0.0000e+00 +0.0000e+00
5 0 +2.076920320e+02 +2.252120320e+02 +2.252120320e+02 +0.0000e+00 -3.3333e+00
11 0 +1.986072708e+02 +2.161272708e+02 +2.161272708e+02 -1.1111e+00 -3.3333e+00
12 0 +1.103306802e+01 +2.855306802e+01 +2.855306802e+01 +0.0000e+00 -2.2222e+00
20 0 +1.444624302e+00 +1.896462430e+01 +1.896462430e+01 -7.4074e-01 -2.2222e+00
31 0 +8.102475511e-01 +1.833024755e+01 +1.833024755e+01 -3.7037e-01 -2.2222e+00
32 0 +3.497645381e-01 +1.786976454e+01 +1.786976454e+01 +0.0000e+00 -1.8519e+00
62 0 +1.548526383e-01 +1.767485264e+01 +1.767485264e+01 +4.1152e-02 -1.8519e+00
166 0 +7.675028739e-02 +1.759675029e+01 +1.759675029e+01 +3.7037e-01 -1.3580e+00
196 0 +2.283200213e-02 +1.754283200e+01 +1.754283200e+01 +3.7037e-01 -1.3169e+00
220 0 +1.634031090e-02 +1.753634031e+01 +1.753634031e+01 +3.8409e-01 -1.3169e+00
223 0 +3.171235418e-03 +1.752317124e+01 +1.752317124e+01 +3.7037e-01 -1.3306e+00
381 0 +1.458036803e-03 +1.752145804e+01 +1.752145804e+01 +4.5267e-01 -1.1660e+00
407 0 +9.977962571e-04 +1.752099780e+01 +1.752099780e+01 +4.5267e-01 -1.1706e+00
433 0 +7.829730330e-04 +1.752078297e+01 +1.752078297e+01 +4.5115e-01 -1.1706e+00
434 0 +6.865983099e-04 +1.752068660e+01 +1.752068660e+01 +4.5267e-01 -1.1690e+00
537 0 +6.060382667e-04 +1.752060604e+01 +1.752060604e+01 +4.5115e-01 -1.1721e+00
669 0 +4.043208696e-04 +1.752040432e+01 +1.752040432e+01 +4.1152e-01 -1.2529e+00
768 0 +2.310815526e-04 +1.752023108e+01 +1.752023108e+01 +4.1152e-01 -1.2513e+00
813 0 +1.647565274e-04 +1.752016476e+01 +1.752016476e+01 +4.2067e-01 -1.2346e+00
818 0 +1.200088002e-04 +1.752012001e+01 +1.752012001e+01 +4.1610e-01 -1.2422e+00
944 0 +1.942607893e-05 +1.752001943e+01 +1.752001943e+01 +4.2524e-01 -1.2239e+00
1262 0 +1.775673964e-05 +1.752001776e+01 +1.752001776e+01 +4.2676e-01 -1.2209e+00
3175 0 +7.836092877e-07 +1.752000078e+01 +1.752000078e+01 +4.2676e-01 -1.2214e+00
15888 0 +7.836092877e-07 +1.752000078e+01 +1.752000078e+01 +4.2676e-01 -1.2214e+00
% f evaluations | g evaluations | best noise-free fitness - Fopt (4.041000000000e+01) + sum g_i+ | measured fitness | best measured fitness or single-digit g-values | x1 | x2...
1 0 +6.997427611e+02 +7.401527611e+02 +7.401527611e+02 +0.0000e+00 +0.0000e+00
2 0 +2.575323494e+02 +2.979423494e+02 +2.979423494e+02 +3.3333e+00 +0.0000e+00
4 0 +5.739763223e+01 +9.780763223e+01 +9.780763223e+01 +0.0000e+00 +3.3333e+00
13 0 +2.459909495e+01 +6.500909495e+01 +6.500909495e+01 +0.0000e+00 +2.2222e+00
22 0 +8.097098458e+00 +4.850709846e+01 +4.850709846e+01 +0.0000e+00 +2.5926e+00
34 0 +1.763046588e+00 +4.217304659e+01 +4.217304659e+01 +3.3333e+00 +1.4815e+00
46 0 +8.339285390e-01 +4.124392854e+01 +4.124392854e+01 +2.5926e+00 +0.0000e+00
52 0 +2.629907548e-01 +4.067299075e+01 +4.067299075e+01 +3.3333e+00 +1.6049e+00
67 0 +1.746929360e-01 +4.058469294e+01 +4.058469294e+01 +2.5926e+00 -1.2346e-01
89 0 +1.443546924e-01 +4.055435469e+01 +4.055435469e+01 +2.5514e+00 -1.2346e-01
90 0 +5.573638081e-02 +4.046573638e+01 +4.046573638e+01 +2.5926e+00 -8.2305e-02
108 0 +1.456353726e-02 +4.042456354e+01 +4.042456354e+01 +2.7160e+00 +1.2346e-01
162 0 +1.076074561e-02 +4.042076075e+01 +4.042076075e+01 +2.7298e+00 +1.3717e-01
195 0 +6.679215816e-03 +4.041667922e+01 +4.041667922e+01 +2.7435e+00 +1.6461e-01
230 0 +6.295125886e-03 +4.041629513e+01 +4.041629513e+01 +2.7435e+00 +1.6918e-01
435 0 +1.188704642e-03 +4.041118870e+01 +4.041118870e+01 +2.8395e+00 +3.5665e-01
457 0 +1.059697330e-03 +4.041105970e+01 +4.041105970e+01 +2.8258e+00 +3.2922e-01
463 0 +6.428213860e-04 +4.041064282e+01 +4.041064282e+01 +2.8395e+00 +3.5208e-01
497 0 +2.115550638e-04 +4.041021156e+01 +4.041021156e+01 +2.8258e+00 +3.2465e-01
762 0 +1.972329377e-04 +4.041019723e+01 +4.041019723e+01 +2.8166e+00 +3.0636e-01
792 0 +1.877152185e-05 +4.041001877e+01 +4.041001877e+01 +2.8166e+00 +3.0788e-01
872 0 +4.062665184e-06 +4.041000406e+01 +4.041000406e+01 +2.8212e+00 +3.1702e-01
7018 0 +3.708720605e-06 +4.041000371e+01 +4.041000371e+01 +2.8207e+00 +3.1601e-01
15114 0 +3.708720605e-06 +4.041000371e+01 +4.041000371e+01 +2.8207e+00 +3.1601e-01
% f evaluations | g evaluations | best noise-free fitness - Fopt (2.265900000000e+02) + sum g_i+ | measured fitness | best measured fitness or single-digit g-values | x1 | x2...
1 0 +1.747109878e+02 +4.013009878e+02 +4.013009878e+02 +0.0000e+00 +0.0000e+00
9 0 +1.623663706e+00 +2.282136637e+02 +2.282136637e+02 -1.1111e+00 +0.0000e+00
32 0 +1.187027230e+00 +2.277770272e+02 +2.277770272e+02 -1.1111e+00 +1.2346e-01
40 0 +8.402970630e-01 +2.274302971e+02 +2.274302971e+02 -9.8765e-01 +1.2346e-01
49 0 +1.448406848e-01 +2.267348407e+02 +2.267348407e+02 +0.0000e+00 +1.3580e+00
71 0 +1.549583157e-02 +2.266054958e+02 +2.266054958e+02 +0.0000e+00 +1.3169e+00
167 0 +6.792582163e-03 +2.265967926e+02 +2.265967926e+02 -1.2346e-01 +1.0700e+00
197 0 +3.129277115e-03 +2.265931293e+02 +2.265931293e+02 -1.2346e-01 +1.0562e+00
237 0 +1.368987754e-03 +2.265913690e+02 +2.265913690e+02 -1.1431e-01 +1.0837e+00
238 0 +1.039333497e-04 +2.265901039e+02 +2.265901039e+02 -1.0974e-01 +1.0882e+00
918 0 +9.772115811e-05 +2.265900977e+02 +2.265900977e+02 -1.1888e-01 +1.0700e+00
1069 0 +7.622654127e-05 +2.265900762e+02 +2.265900762e+02 -1.1431e-01 +1.0791e+00
3364 0 +4.253548312e-05 +2.265900425e+02 +2.265900425e+02 -1.1431e-01 +1.0806e+00
13092 0 +4.253548312e-05 +2.265900425e+02 +2.265900425e+02 -1.1431e-01 +1.0806e+00
% f evaluations | g evaluations | best noise-free fitness - Fopt (-5.862000000000e+01) + sum g_i+ | measured fitness | best measured fitness or single-digit g-values | x1 | x2...
1 0 +4.971194870e+01 -8.908051297e+00 -8.908051297e+00 +0.0000e+00 +0.0000e+00
6 0 +9.381777583e+00 -4.923822242e+01 -4.923822242e+01 +3.3333e+00 +3.3333e+00
22 0 +1.950303564e+00 -5.666969644e+01 -5.666969644e+01 +3.3333e+00 +3.7037e+00
37 0 +1.379145765e+00 -5.724085424e+01 -5.724085424e+01 +3.3333e+00 +3.5802e+00
58 0 +1.230829942e+00 -5.738917006e+01 -5.738917006e+01 +3.3333e+00 +3.6214e+00
62 0 +6.030032802e-01 -5.801699672e+01 -5.801699672e+01 +1.4815e+00 -7.4074e-01
82 0 +4.921993492e-01 -5.812780065e+01 -5.812780065e+01 +1.5226e+00 -7.4074e-01
108 0 +4.058356637e-01 -5.821416434e+01 -5.821416434e+01 +1.6049e+00 -6.9959e-01
130 0 +1.848313857e-01 -5.843516861e+01 -5.843516861e+01 +2.2222e+00 +1.2346e-01
153 0 +1.421604280e-01 -5.847783957e+01 -5.847783957e+01 +2.1811e+00 +1.2346e-01
154 0 +3.422149925e-04 -5.861965779e+01 -5.861965779e+01 +2.2222e+00 +1.6461e-01
331 0 +1.564223106e-04 -5.861984358e+01 -5.861984358e+01 +2.2207e+00 +1.6461e-01
332 0 +1.384321990e-05 -5.861998616e+01 -5.861998616e+01 +2.2222e+00 +1.6613e-01
1044 0 +9.905184520e-06 -5.861999009e+01 -5.861999009e+01 +2.2237e+00 +1.6918e-01
8320 0 +4.071470393e-06 -5.861999593e+01 -5.861999593e+01 +2.2237e+00 +1.6969e-01
9266 0 +3.876641415e-06 -5.861999612e+01 -5.861999612e+01 +2.2243e+00 +1.7071e-01
14506 0 +3.876641415e-06 -5.861999612e+01 -5.861999612e+01 +2.2243e+00 +1.7071e-01
