% f evaluations | g evaluations | best noise-free fitness - Fopt (1.491500000000e+02) + sum g_i+ | measured fitness | best measured fitness or single-digit g-values | x1 | x2...
1 0 +2.605689310e+04 +2.620604310e+04 +2.620604310e+04
8 0 +2.564080889e+04 +2.578995889e+04 +2.578995889e+04
11 0 +1.170850959e+04 +1.185765959e+04 +1.185765959e+04
51 0 +1.061201570e+04 +1.076116570e+04 +1.076116570e+04
61 0 +6.416983740e+03 +6.566133740e+03 +6.566133740e+03
89 0 +5.320489849e+03 +5.469639849e+03 +5.469639849e+03
114 0 +4.859931011e+03 +5.009081011e+03 +5.009081011e+03
125 0 +3.763437120e+03 +3.912587120e+03 +3.912587120e+03
246 0 +3.267473638e+03 +3.416623638e+03 +3.416623638e+03
255 0 +2.794947045e+03 +2.944097045e+03 +2.944097045e+03
319 0 +2.294392008e+03 +2.443542008e+03 +2.443542008e+03
338 0 +2.163504837e+03 +2.312654837e+03 +2.312654837e+03
376 0 +1.882264885e+03 +2.031414885e+03 +2.031414885e+03
383 0 +1.662949801e+03 +1.812099801e+03 +1.812099801e+03
440 0 +1.381709849e+03 +1.530859849e+03 +1.530859849e+03
502 0 +1.221733899e+03 +1.370883899e+03 +1.370883899e+03
566 0 +1.063228585e+03 +1.212378585e+03 +1.212378585e+03
736 0 +1.006490149e+03 +1.155640149e+03 +1.155640149e+03
% f evaluations | g evaluations | best noise-free fitness - Fopt (-1.000000000000e+03) + sum g_i+ | measured fitness | best measured fitness or single-digit g-values | x1 | x2...
1 0 +7.833729069e+04 +7.733729069e+04 +7.733729069e+04
3 0 +5.589317111e+04 +5.489317111e+04 +5.489317111e+04
67 0 +3.492387248e+04 +3.392387248e+04 +3.392387248e+04
87 0 +3.130950976e+04 +3.030950976e+04 +3.030950976e+04
111 0 +2.383815641e+04 +2.283815641e+04 +2.283815641e+04
123 0 +2.022379369e+04 +1.922379369e+04 +1.922379369e+04
127 0 +1.957368912e+04 +1.857368912e+04 +1.857368912e+04
157 0 +1.595932640e+04 +1.495932640e+04 +1.495932640e+04
179 0 +1.573522417e+04 +1.473522417e+04 +1.473522417e+04
189 0 +1.212086145e+04 +1.112086145e+04 +1.112086145e+04
217 0 +7.171336572e+03 +6.171336572e+03 +6.171336572e+03
247 0 +4.564505110e+03 +3.564505110e+03 +3.564505110e+03
274 0 +3.985039289e+03 +2.985039289e+03 +2.985039289e+03
298 0 +3.404300590e+03 +2.404300590e+03 +2.404300590e+03
374 0 +3.031171156e+03 +2.031171156e+03 +2.031171156e+03
391 0 +2.740298667e+03 +1.740298667e+03 +1.740298667e+03
398 0 +2.454378635e+03 +1.454378635e+03 +1.454378635e+03
442 0 +2.081387593e+03 +1.081387593e+03 +1.081387593e+03
451 0 +1.984209518e+03 +9.842095177e+02 +9.842095177e+02
498 0 +1.611218476e+03 +6.112184755e+02 +6.112184755e+02
542 0 +1.431921847e+03 +4.319218474e+02 +4.319218474e+02
555 0 +1.241574091e+03 +2.415740910e+02 +2.415740910e+02
590 0 +1.062277463e+03 +6.227746284e+01 +6.227746284e+01
601 0 +9.492243089e+02 -5.077569105e+01 -5.077569105e+01
640 0 +7.699276808e+02 -2.300723192e+02 -2.300723192e+02
651 0 +6.895986774e+02 -3.104013226e+02 -3.104013226e+02
686 0 +5.103020492e+02 -4.896979508e+02 -4.896979508e+02
728 0 +4.889452345e+02 -5.110547655e+02 -5.110547655e+02
731 0 +3.695189389e+02 -6.304810611e+02 -6.304810611e+02
784 0 +3.161849250e+02 -6.838150750e+02 -6.838150750e+02
858 0 +3.138377550e+02 -6.861622450e+02 -6.861622450e+02
% f evaluations | g evaluations | best noise-free fitness - Fopt (9.862000000000e+01) + sum g_i+ | measured fitness | best measured fitness or single-digit g-values | x1 | x2...
1 0 +8.336090154e+04 +8.345952154e+04 +8.345952154e+04
3 0 +8.324673588e+04 +8.334535588e+04 +8.334535588e+04
9 0 +7.316199289e+04 +7.326061289e+04 +7.326061289e+04
29 0 +6.802583660e+04 +6.812445660e+04 +6.812445660e+04
49 0 +5.782692795e+04 +5.792554795e+04 +5.792554795e+04
84 0 +5.576652859e+04 +5.586514859e+04 +5.586514859e+04
105 0 +4.949230169e+04 +4.959092169e+04 +4.959092169e+04
129 0 +4.195295609e+04 +4.205157609e+04 +4.205157609e+04
141 0 +3.755094454e+04 +3.764956454e+04 +3.764956454e+04
163 0 +3.001159895e+04 +3.011021895e+04 +3.011021895e+04
186 0 +2.785587069e+04 +2.795449069e+04 +2.795449069e+04
195 0 +1.303855409e+04 +1.313717409e+04 +1.313717409e+04
215 0 +1.203667876e+04 +1.213529876e+04 +1.213529876e+04
216 0 +1.097815473e+04 +1.107677473e+04 +1.107677473e+04
229 0 +8.465577477e+03 +8.564197477e+03 +8.564197477e+03
243 0 +7.463702153e+03 +7.562322153e+03 +7.562322153e+03
244 0 +6.405178115e+03 +6.503798115e+03 +6.503798115e+03
251 0 +5.947447801e+03 +6.046067801e+03 +6.046067801e+03
269 0 +4.945572477e+03 +5.044192477e+03 +5.044192477e+03
270 0 +3.887048439e+03 +3.985668439e+03 +3.985668439e+03
353 0 +3.260881376e+03 +3.359501376e+03 +3.359501376e+03
356 0 +3.158469114e+03 +3.257089114e+03 +3.257089114e+03
409 0 +2.646467715e+03 +2.745087715e+03 +2.745087715e+03
461 0 +1.941968612e+03 +2.040588612e+03 +2.040588612e+03
516 0 +1.725763171e+03 +1.824383171e+03 +1.824383171e+03
525 0 +1.529528947e+03 +1.628148947e+03 +1.628148947e+03
566 0 +1.313323506e+03 +1.411943506e+03 +1.411943506e+03
590 0 +1.167837010e+03 +1.266457010e+03 +1.266457010e+03
610 0 +1.069281771e+03 +1.167901771e+03 +1.167901771e+03
614 0 +9.516315684e+02 +1.050251568e+03 +1.050251568e+03
654 0 +8.098224104e+02 +9.084424104e+02 +9.084424104e+02
666 0 +7.039516973e+02 +8.025716973e+02 +8.025716973e+02
702 0 +6.053964587e+02 +7.040164587e+02 +7.040164587e+02
746 0 +4.803633383e+02 +5.789833383e+02 +5.789833383e+02
788 0 +3.902045361e+02 +4.888245361e+02 +4.888245361e+02
865 0 +3.519826615e+02 +4.506026615e+02 +4.506026615e+02
936 0 +3.322227834e+02 +4.308427834e+02 +4.308427834e+02
% f evaluations | g evaluations | best noise-free fitness - Fopt (-4.715000000000e+01) + sum g_i+ | measured fitness | best measured fitness or single-digit g-values | x1 | x2...
1 0 +6.909617088e+04 +6.904902088e+04 +6.904902088e+04
9 0 +6.006878821e+04 +6.002163821e+04 +6.002163821e+04
37 0 +5.229309756e+04 +5.224594756e+04 +5.224594756e+04
49 0 +4.326571489e+04 +4.321856489e+04 +4.321856489e+04
87 0 +3.098578445e+04 +3.093863445e+04 +3.093863445e+04
133 0 +2.345216349e+04 +2.340501349e+04 +2.340501349e+04
161 0 +2.213054856e+04 +2.208339856e+04 +2.208339856e+04
167 0 +1.582869962e+04 +1.578154962e+04 +1.578154962e+04
223 0 +1.165082514e+04 +1.160367514e+04 +1.160367514e+04
251 0 +1.114021021e+04 +1.109306021e+04 +1.109306021e+04
302 0 +9.981869919e+03 +9.934719919e+03 +9.934719919e+03
361 0 +7.332132988e+03 +7.284982988e+03 +7.284982988e+03
395 0 +5.784181952e+03 +5.737031952e+03 +5.737031952e+03
444 0 +5.363519267e+03 +5.316369267e+03 +5.316369267e+03
456 0 +4.737139848e+03 +4.689989848e+03 +4.689989848e+03
490 0 +4.316477163e+03 +4.269327163e+03 +4.269327163e+03
505 0 +3.741456446e+03 +3.694306446e+03 +3.694306446e+03
532 0 +3.320793761e+03 +3.273643761e+03 +3.273643761e+03
548 0 +2.803713350e+03 +2.756563350e+03 +2.756563350e+03
570 0 +2.383050665e+03 +2.335900665e+03 +2.335900665e+03
589 0 +1.904704712e+03 +1.857554712e+03 +1.857554712e+03
612 0 +1.484042027e+03 +1.436892027e+03 +1.436892027e+03
649 0 +1.354371741e+03 +1.307221741e+03 +1.307221741e+03
650 0 +1.008800782e+03 +9.616507821e+02 +9.616507821e+02
685 0 +9.337090564e+02 +8.865590564e+02 +8.865590564e+02
690 0 +8.898923358e+02 +8.427423358e+02 +8.427423358e+02
692 0 +7.368220720e+02 +6.896720720e+02 +6.896720720e+02
717 0 +6.617303463e+02 +6.145803463e+02 +6.145803463e+02
750 0 +6.007203910e+02 +5.535703910e+02 +5.535703910e+02
776 0 +5.268941408e+02 +4.797441408e+02 +4.797441408e+02
802 0 +4.953367137e+02 +4.481867137e+02 +4.481867137e+02
824 0 +4.361354536e+02 +3.889854536e+02 +3.889854536e+02
846 0 +3.952295645e+02 +3.480795645e+02 +3.480795645e+02
856 0 +3.714366733e+02 +3.242866733e+02 +3.242866733e+02
% f evaluations | g evaluations | best noise-free fitness - Fopt (3.752000000000e+01) + sum g_i+ | measured fitness | best measured fitness or single-digit g-values | x1 | x2...
1 0 +3.919146792e+04 +3.922898792e+04 +3.922898792e+04
2 0 +3.914824042e+04 +3.918576042e+04 +3.918576042e+04
5 0 +2.873627892e+04 +2.877379892e+04 +2.877379892e+04
47 0 +2.477193904e+04 +2.480945904e+04 +2.480945904e+04
85 0 +2.237594743e+04 +2.241346743e+04 +2.241346743e+04
111 0 +1.849328009e+04 +1.853080009e+04 +1.853080009e+04
126 0 +1.629640442e+04 +1.633392442e+04 +1.633392442e+04
148 0 +1.568231736e+04 +1.571983736e+04 +1.571983736e+04
160 0 +1.348544169e+04 +1.352296169e+04 +1.352296169e+04
192 0 +1.120449539e+04 +1.124201539e+04 +1.124201539e+04
258 0 +9.879250460e+03 +9.916770460e+03 +9.916770460e+03
292 0 +8.113159934e+03 +8.150679934e+03 +8.150679934e+03
318 0 +7.759684540e+03 +7.797204540e+03 +7.797204540e+03
371 0 +6.831812011e+03 +6.869332011e+03 +6.869332011e+03
420 0 +6.059582129e+03 +6.097102129e+03 +6.097102129e+03
451 0 +5.418842602e+03 +5.456362602e+03 +5.456362602e+03
474 0 +4.772492571e+03 +4.810012571e+03 +4.810012571e+03
522 0 +3.844620042e+03 +3.882140042e+03 +3.882140042e+03
566 0 +3.092863368e+03 +3.130383368e+03 +3.130383368e+03
612 0 +2.409184769e+03 +2.446704769e+03 +2.446704769e+03
661 0 +2.151673134e+03 +2.189193134e+03 +2.189193134e+03
707 0 +1.910549971e+03 +1.948069971e+03 +1.948069971e+03
739 0 +1.680887109e+03 +1.718407109e+03 +1.718407109e+03
768 0 +1.562612304e+03 +1.600132304e+03 +1.600132304e+03
836 0 +1.375757546e+03 +1.413277546e+03 +1.413277546e+03
839 0 +9.880750168e+02 +1.025595017e+03 +1.025595017e+03
862 0 +8.855518069e+02 +9.230718069e+02 +9.230718069e+02
894 0 +8.436105608e+02 +8.811305608e+02 +8.811305608e+02
% f evaluations | g evaluations | best noise-free fitness - Fopt (2.177000000000e+01) + sum g_i+ | measured fitness | best measured fitness or single-digit g-values | x1 | x2...
1 0 +8.659260185e+04 +8.661437185e+04 +8.661437185e+04
11 0 +8.058896408e+04 +8.061073408e+04 +8.061073408e+04
17 0 +6.318329600e+04 +6.320506600e+04 +6.320506600e+04
51 0 +5.717965823e+04 +5.720142823e+04 +5.720142823e+04
55 0 +5.225307864e+04 +5.227484864e+04 +5.227484864e+04
77 0 +4.755011761e+04 +4.757188761e+04 +4.757188761e+04
89 0 +4.154647984e+04 +4.156824984e+04 +4.156824984e+04
93 0 +3.661990025e+04 +3.664167025e+04 +3.664167025e+04
109 0 +3.502003886e+04 +3.504180886e+04 +3.504180886e+04
125 0 +2.901640109e+04 +2.903817109e+04 +2.903817109e+04
129 0 +2.408982150e+04 +2.411159150e+04 +2.411159150e+04
159 0 +1.808618373e+04 +1.810795373e+04 +1.810795373e+04
192 0 +1.761843563e+04 +1.764020563e+04 +1.764020563e+04
197 0 +1.443828259e+04 +1.446005259e+04 +1.446005259e+04
222 0 +1.397053450e+04 +1.399230450e+04 +1.399230450e+04
225 0 +1.237053465e+04 +1.239230465e+04 +1.239230465e+04
227 0 +1.010175104e+04 +1.012352104e+04 +1.012352104e+04
250 0 +9.634002952e+03 +9.655772952e+03 +9.655772952e+03
253 0 +8.034003103e+03 +8.055773103e+03 +8.055773103e+03
276 0 +6.615440196e+03 +6.637210196e+03 +6.637210196e+03
283 0 +6.263106536e+03 +6.284876536e+03 +6.284876536e+03
300 0 +4.844543629e+03 +4.866313629e+03 +4.866313629e+03
328 0 +4.212850683e+03 +4.234620683e+03 +4.234620683e+03
349 0 +3.890709530e+03 +3.912479530e+03 +3.912479530e+03
386 0 +3.526202004e+03 +3.547972004e+03 +3.547972004e+03
399 0 +2.988086341e+03 +3.009856341e+03 +3.009856341e+03
440 0 +2.623578815e+03 +2.645348815e+03 +2.645348815e+03
461 0 +2.192939871e+03 +2.214709871e+03 +2.214709871e+03
492 0 +1.828432345e+03 +1.850202345e+03 +1.850202345e+03
508 0 +1.766240204e+03 +1.788010204e+03 +1.788010204e+03
542 0 +1.374870774e+03 +1.396640774e+03 +1.396640774e+03
586 0 +1.250192033e+03 +1.271962033e+03 +1.271962033e+03
590 0 +9.430759945e+02 +9.648459945e+02 +9.648459945e+02
636 0 +8.856845068e+02 +9.074545068e+02 +9.074545068e+02
654 0 +7.350320205e+02 +7.568020205e+02 +7.568020205e+02
682 0 +6.776405328e+02 +6.994105328e+02 +6.994105328e+02
696 0 +5.900628521e+02 +6.118328521e+02 +6.118328521e+02
700 0 +5.475024520e+02 +5.692724520e+02 +5.692724520e+02
722 0 +4.901109643e+02 +5.118809643e+02 +5.118809643e+02
736 0 +4.025332835e+02 +4.243032835e+02 +4.243032835e+02
758 0 +3.451417958e+02 +3.669117958e+02 +3.669117958e+02
780 0 +2.630000875e+02 +2.847700875e+02 +2.847700875e+02
798 0 +2.056085997e+02 +2.273785997e+02 +2.273785997e+02
839 0 +1.764580029e+02 +1.982280029e+02 +1.982280029e+02
910 0 +1.745244549e+02 +1.962944549e+02 +1.962944549e+02
% f evaluations | g evaluations | best noise-free fitness - Fopt (6.603000000000e+01) + sum g_i+ | measured fitness | best measured fitness or single-digit g-values | x1 | x2...
1 0 +6.050765551e+04 +6.057368551e+04 +6.057368551e+04
5 0 +4.306541033e+04 +4.313144033e+04 +4.313144033e+04
51 0 +3.122600126e+04 +3.129203126e+04 +3.129203126e+04
89 0 +1.583330708e+04 +1.589933708e+04 +1.589933708e+04
131 0 +7.291730949e+03 +7.357760949e+03 +7.357760949e+03
153 0 +6.897915209e+03 +6.963945209e+03 +6.963945209e+03
171 0 +6.214502911e+03 +6.280532911e+03 +6.280532911e+03
179 0 +5.025427065e+03 +5.091457065e+03 +5.091457065e+03
185 0 +4.631611325e+03 +4.697641325e+03 +4.697641325e+03
203 0 +3.948199028e+03 +4.014229028e+03 +4.014229028e+03
294 0 +2.801089339e+03 +2.867119339e+03 +2.867119339e+03
358 0 +1.796588346e+03 +1.862618346e+03 +1.862618346e+03
431 0 +1.630588813e+03 +1.696618813e+03 +1.696618813e+03
440 0 +1.203367000e+03 +1.269397000e+03 +1.269397000e+03
491 0 +1.037367467e+03 +1.103397467e+03 +1.103397467e+03
506 0 +9.561073410e+02 +1.022137341e+03 +1.022137341e+03
508 0 +7.601402797e+02 +8.261702797e+02 +8.261702797e+02
547 0 +5.941407466e+02 +6.601707466e+02 +6.601707466e+02
605 0 +5.018865506e+02 +5.679165506e+02 +5.679165506e+02
612 0 +4.832980968e+02 +5.493280968e+02 +5.493280968e+02
655 0 +3.910439008e+02 +4.570739008e+02 +4.570739008e+02
706 0 +3.034108964e+02 +3.694408964e+02 +3.694408964e+02
755 0 +1.998275407e+02 +2.658575407e+02 +2.658575407e+02
795 0 +1.925144021e+02 +2.585444021e+02 +2.585444021e+02
852 0 +1.925144021e+02 +2.585444021e+02 +2.585444021e+02
% f evaluations | g evaluations | best noise-free fitness - Fopt (1.720100000000e+02) + sum g_i+ | measured fitness | best measured fitness or single-digit g-values | x1 | x2...
1 0 +6.259463988e+04 +6.276664988e+04 +6.276664988e+04
8 0 +6.166162070e+04 +6.183363070e+04 +6.183363070e+04
11 0 +3.836022080e+04 +3.853223080e+04 +3.853223080e+04
57 0 +2.916528428e+04 +2.933729428e+04 +2.933729428e+04
65 0 +2.076767336e+04 +2.093968336e+04 +2.093968336e+04
91 0 +1.975567675e+04 +1.992768675e+04 +1.992768675e+04
95 0 +1.157273684e+04 +1.174474684e+04 +1.174474684e+04
127 0 +1.056074023e+04 +1.073275023e+04 +1.073275023e+04
142 0 +9.843593603e+03 +1.001560360e+04 +1.001560360e+04
147 0 +6.456834946e+03 +6.628844946e+03 +6.628844946e+03
161 0 +5.444838334e+03 +5.616848334e+03 +5.616848334e+03
176 0 +4.727691710e+03 +4.899701710e+03 +4.899701710e+03
193 0 +3.715695098e+03 +3.887705098e+03 +3.887705098e+03
268 0 +3.483321900e+03 +3.655331900e+03 +3.655331900e+03
271 0 +2.479061853e+03 +2.651071853e+03 +2.651071853e+03
340 0 +1.848853268e+03 +2.020863268e+03 +2.020863268e+03
393 0 +1.692959441e+03 +1.864969441e+03 +1.864969441e+03
415 0 +1.360126515e+03 +1.532136515e+03 +1.532136515e+03
421 0 +1.251475908e+03 +1.423485908e+03 +1.423485908e+03
451 0 +1.095582080e+03 +1.267592080e+03 +1.267592080e+03
473 0 +7.627491542e+02 +9.347591542e+02 +9.347591542e+02
507 0 +6.068553266e+02 +7.788653266e+02 +7.788653266e+02
566 0 +5.318271380e+02 +7.038371380e+02 +7.038371380e+02
590 0 +4.919589184e+02 +6.639689184e+02 +6.639689184e+02
616 0 +4.169307298e+02 +5.889407298e+02 +5.889407298e+02
626 0 +3.891291059e+02 +5.611391059e+02 +5.611391059e+02
664 0 +3.141009173e+02 +4.861109173e+02 +4.861109173e+02
716 0 +2.740689670e+02 +4.460789670e+02 +4.460789670e+02
762 0 +2.327384276e+02 +4.047484276e+02 +4.047484276e+02
870 0 +2.281869088e+02 +4.001969088e+02 +4.001969088e+02
% f evaluations | g evaluations | best noise-free fitness - Fopt (-2.725000000000e+01) + sum g_i+ | measured fitness | best measured fitness or single-digit g-values | x1 | x2...
1 0 +5.899546654e+04 +5.896821654e+04 +5.896821654e+04
3 0 +5.755761960e+04 +5.753036960e+04 +5.753036960e+04
15 0 +4.146446821e+04 +4.143721821e+04 +4.143721821e+04
43 0 +3.973835436e+04 +3.971110436e+04 +3.971110436e+04
55 0 +2.364520297e+04 +2.361795297e+04 +2.361795297e+04
81 0 +2.220735602e+04 +2.218010602e+04 +2.218010602e+04
111 0 +1.717711536e+04 +1.714986536e+04 +1.714986536e+04
117 0 +1.573926841e+04 +1.571201841e+04 +1.571201841e+04
151 0 +1.311427994e+04 +1.308702994e+04 +1.308702994e+04
183 0 +1.118208434e+04 +1.115483434e+04 +1.115483434e+04
213 0 +6.919656596e+03 +6.892406596e+03 +6.892406596e+03
243 0 +5.955880091e+03 +5.928630091e+03 +5.928630091e+03
276 0 +5.506760322e+03 +5.479510322e+03 +5.479510322e+03
337 0 +4.918695311e+03 +4.891445311e+03 +4.891445311e+03
338 0 +4.362926862e+03 +4.335676862e+03 +4.335676862e+03
395 0 +3.523942319e+03 +3.496692319e+03 +3.496692319e+03
396 0 +2.968173870e+03 +2.940923870e+03 +2.940923870e+03
449 0 +2.676920930e+03 +2.649670930e+03 +2.649670930e+03
473 0 +2.426299757e+03 +2.399049757e+03 +2.399049757e+03
505 0 +2.135046818e+03 +2.107796818e+03 +2.107796818e+03
554 0 +1.966535752e+03 +1.939285752e+03 +1.939285752e+03
557 0 +1.765684732e+03 +1.738434732e+03 +1.738434732e+03
607 0 +1.424465335e+03 +1.397215335e+03 +1.397215335e+03
648 0 +1.379083313e+03 +1.351833313e+03 +1.351833313e+03
664 0 +1.159550310e+03 +1.132300310e+03 +1.132300310e+03
690 0 +1.114168288e+03 +1.086918288e+03 +1.086918288e+03
730 0 +9.870101212e+02 +9.597601212e+02 +9.597601212e+02
776 0 +8.807393480e+02 +8.534893480e+02 +8.534893480e+02
820 0 +7.756464186e+02 +7.483964186e+02 +7.483964186e+02
902 0 +7.543747500e+02 +7.271247500e+02 +7.271247500e+02
% f evaluations | g evaluations | best noise-free fitness - Fopt (-1.521800000000e+02) + sum g_i+ | measured fitness | best measured fitness or single-digit g-values | x1 | x2...
1 0 +5.263433345e+04 +5.248215345e+04 +5.248215345e+04
8 0 +5.191692270e+04 +5.176474270e+04 +5.176474270e+04
13 0 +4.320661399e+04 +4.305443399e+04 +4.305443399e+04
53 0 +3.344018840e+04 +3.328800840e+04 +3.328800840e+04
89 0 +3.093298244e+04 +3.078080244e+04 +3.078080244e+04
95 0 +2.498836710e+04 +2.483618710e+04 +2.483618710e+04
125 0 +2.198957114e+04 +2.183739114e+04 +2.183739114e+04
131 0 +1.604495580e+04 +1.589277580e+04 +1.589277580e+04
156 0 +1.532754505e+04 +1.517536505e+04 +1.517536505e+04
159 0 +1.353774984e+04 +1.338556984e+04 +1.338556984e+04
179 0 +8.063700601e+03 +7.911520601e+03 +7.911520601e+03
188 0 +7.346289856e+03 +7.194109856e+03 +7.194109856e+03
191 0 +5.556494644e+03 +5.404314644e+03 +5.404314644e+03
228 0 +3.528835602e+03 +3.376655602e+03 +3.376655602e+03
295 0 +2.889601464e+03 +2.737421464e+03 +2.737421464e+03
296 0 +2.440772804e+03 +2.288592804e+03 +2.288592804e+03
357 0 +2.223091477e+03 +2.070911477e+03 +2.070911477e+03
364 0 +1.956384385e+03 +1.804204385e+03 +1.804204385e+03
417 0 +1.738703059e+03 +1.586523059e+03 +1.586523059e+03
434 0 +1.576923717e+03 +1.424743717e+03 +1.424743717e+03
473 0 +1.359242390e+03 +1.207062390e+03 +1.207062390e+03
492 0 +1.217631027e+03 +1.065451027e+03 +1.065451027e+03
525 0 +9.999497008e+02 +8.477697008e+02 +8.477697008e+02
577 0 +6.644805940e+02 +5.123005940e+02 +5.123005940e+02
628 0 +5.826787018e+02 +4.304987018e+02 +4.304987018e+02
681 0 +5.445733320e+02 +3.923933320e+02 +3.923933320e+02
822 0 +5.100691465e+02 +3.578891465e+02 +3.578891465e+02
% f evaluations | g evaluations | best noise-free fitness - Fopt (5.821500000000e+02) + sum g_i+ | measured fitness | best measured fitness or single-digit g-values | x1 | x2...
1 0 +7.016943197e+04 +7.075158197e+04 +7.075158197e+04
5 0 +4.537089314e+04 +4.595304314e+04 +4.595304314e+04
43 0 +4.277209192e+04 +4.335424192e+04 +4.335424192e+04
47 0 +3.874213460e+04 +3.932428460e+04 +3.932428460e+04
57 0 +3.150614663e+04 +3.208829663e+04 +3.208829663e+04
85 0 +2.487738809e+04 +2.545953809e+04 +2.545953809e+04
99 0 +2.120080535e+04 +2.178295535e+04 +2.178295535e+04
117 0 +1.860200413e+04 +1.918415413e+04 +1.918415413e+04
121 0 +1.457204681e+04 +1.515419681e+04 +1.515419681e+04
151 0 +1.184580574e+04 +1.242795574e+04 +1.242795574e+04
155 0 +7.815848428e+03 +8.397998428e+03 +8.397998428e+03
183 0 +5.217047201e+03 +5.799197201e+03 +5.799197201e+03
264 0 +4.897459010e+03 +5.479609010e+03 +5.479609010e+03
270 0 +4.252846365e+03 +4.834996365e+03 +4.834996365e+03
334 0 +3.021868704e+03 +3.604018704e+03 +3.604018704e+03
399 0 +2.484614154e+03 +3.066764154e+03 +3.066764154e+03
452 0 +2.208746602e+03 +2.790896602e+03 +2.790896602e+03
455 0 +1.723023812e+03 +2.305173812e+03 +2.305173812e+03
518 0 +1.464356872e+03 +2.046506872e+03 +2.046506872e+03
529 0 +1.343348970e+03 +1.925498970e+03 +1.925498970e+03
532 0 +1.215698996e+03 +1.797848996e+03 +1.797848996e+03
572 0 +9.570320569e+02 +1.539182057e+03 +1.539182057e+03
583 0 +8.360241542e+02 +1.418174154e+03 +1.418174154e+03
616 0 +7.698531623e+02 +1.352003162e+03 +1.352003162e+03
624 0 +5.773572148e+02 +1.159507215e+03 +1.159507215e+03
664 0 +5.111862230e+02 +1.093336223e+03 +1.093336223e+03
673 0 +4.200292399e+02 +1.002179240e+03 +1.002179240e+03
710 0 +3.538582480e+02 +9.360082480e+02 +9.360082480e+02
764 0 +2.958162567e+02 +8.779662567e+02 +8.779662567e+02
790 0 +2.698328590e+02 +8.519828590e+02 +8.519828590e+02
840 0 +2.698328590e+02 +8.519828590e+02 +8.519828590e+02
% f evaluations | g evaluations | best noise-free fitness - Fopt (1.752000000000e+01) + sum g_i+ | measured fitness | best measured fitness or single-digit g-values | x1 | x2...
1 0 +1.959604797e+04 +1.961356797e+04 +1.961356797e+04
5 0 +1.753252608e+04 +1.755004608e+04 +1.755004608e+04
15 0 +1.374947368e+04 +1.376699368e+04 +1.376699368e+04
45 0 +1.168595179e+04 +1.170347179e+04 +1.170347179e+04
65 0 +9.690739498e+03 +9.708259498e+03 +9.708259498e+03
83 0 +7.627217606e+03 +7.644737606e+03 +7.644737606e+03
105 0 +5.800354578e+03 +5.817874578e+03 +5.817874578e+03
119 0 +3.736832686e+03 +3.754352686e+03 +3.754352686e+03
165 0 +3.482854250e+03 +3.500374250e+03 +3.500374250e+03
251 0 +2.967706518e+03 +2.985226518e+03 +2.985226518e+03
267 0 +2.538443325e+03 +2.555963325e+03 +2.555963325e+03
310 0 +2.308323315e+03 +2.325843315e+03 +2.325843315e+03
319 0 +2.023295593e+03 +2.040815593e+03 +2.040815593e+03
374 0 +1.777813626e+03 +1.795333626e+03 +1.795333626e+03
383 0 +1.492785904e+03 +1.510305904e+03 +1.510305904e+03
436 0 +1.262665894e+03 +1.280185894e+03 +1.280185894e+03
460 0 +1.200265772e+03 +1.217785772e+03 +1.217785772e+03
496 0 +9.701457624e+02 +9.876657624e+02 +9.876657624e+02
558 0 +8.752025411e+02 +8.927225411e+02 +8.927225411e+02
637 0 +7.880569846e+02 +8.055769846e+02 +8.055769846e+02
688 0 +6.905810777e+02 +7.081010777e+02 +7.081010777e+02
725 0 +6.141918441e+02 +6.317118441e+02 +6.317118441e+02
769 0 +4.493919799e+02 +4.669119799e+02 +4.669119799e+02
815 0 +3.799605019e+02 +3.974805019e+02 +3.974805019e+02
864 0 +3.488066412e+02 +3.663266412e+02 +3.663266412e+02
869 0 +3.148626760e+02 +3.323826760e+02 +3.323826760e+02
910 0 +2.773157741e+02 +2.948357741e+02 +2.948357741e+02
954 0 +2.461619133e+02 +2.636819133e+02 +2.636819133e+02
958 0 +2.461619133e+02 +2.636819133e+02 +2.636819133e+02
% f evaluations | g evaluations | best noise-free fitness - Fopt (4.041000000000e+01) + sum g_i+ | measured fitness | best measured fitness or single-digit g-values | x1 | x2...
1 0 +7.412585771e+04 +7.416626771e+04 +7.416626771e+04
2 0 +7.368364730e+04 +7.372405730e+04 +7.372405730e+04
9 0 +4.908166257e+04 +4.912207257e+04 +4.912207257e+04
71 0 +3.150383824e+04 +3.154424824e+04 +3.154424824e+04
109 0 +2.648884239e+04 +2.652925239e+04 +2.652925239e+04
113 0 +1.983643731e+04 +1.987684731e+04 +1.987684731e+04
127 0 +1.689658657e+04 +1.693699657e+04 +1.693699657e+04
145 0 +1.482144145e+04 +1.486185145e+04 +1.486185145e+04
161 0 +1.188159072e+04 +1.192200072e+04 +1.192200072e+04
190 0 +1.103725993e+04 +1.107766993e+04 +1.107766993e+04
197 0 +9.795089389e+03 +9.835499389e+03 +9.835499389e+03
223 0 +8.770937284e+03 +8.811347284e+03 +8.811347284e+03
240 0 +7.813651336e+03 +7.854061336e+03 +7.854061336e+03
262 0 +6.766631602e+03 +6.807041602e+03 +6.807041602e+03
274 0 +5.922300818e+03 +5.962710818e+03 +5.962710818e+03
290 0 +5.300269085e+03 +5.340679085e+03 +5.340679085e+03
298 0 +4.898148712e+03 +4.938558712e+03 +4.938558712e+03
312 0 +4.455938301e+03 +4.496348301e+03 +4.496348301e+03
383 0 +3.973684093e+03 +4.014094093e+03 +4.014094093e+03
393 0 +3.350915209e+03 +3.391325209e+03 +3.391325209e+03
441 0 +3.121104234e+03 +3.161514234e+03 +3.161514234e+03
456 0 +2.541230992e+03 +2.581640992e+03 +2.581640992e+03
495 0 +2.311420017e+03 +2.351830017e+03 +2.351830017e+03
513 0 +1.876945834e+03 +1.917355834e+03 +1.917355834e+03
547 0 +1.647134859e+03 +1.687544859e+03 +1.687544859e+03
595 0 +1.357538923e+03 +1.397948923e+03 +1.397948923e+03
665 0 +1.242136199e+03 +1.282546199e+03 +1.282546199e+03
704 0 +1.117569444e+03 +1.157979444e+03 +1.157979444e+03
720 0 +9.982880256e+02 +1.038698026e+03 +1.038698026e+03
757 0 +8.828853021e+02 +9.232953021e+02 +9.232953021e+02
796 0 +7.850720568e+02 +8.254820568e+02 +8.254820568e+02
857 0 +6.999784193e+02 +7.403884193e+02 +7.403884193e+02
864 0 +3.093556045e+02 +3.497656045e+02 +3.497656045e+02
902 0 +2.739449065e+02 +3.143549065e+02 +3.143549065e+02
957 0 +2.482355464e+02 +2.886455464e+02 +2.886455464e+02
968 0 +2.482355464e+02 +2.886455464e+02 +2.886455464e+02
% f evaluations | g evaluations | best noise-free fitness - Fopt (2.265900000000e+02) + sum g_i+ | measured fitness | best measured fitness or single-digit g-values | x1 | x2...
1 0 +7.846802291e+04 +7.869461291e+04 +7.869461291e+04
7 0 +6.304956104e+04 +6.327615104e+04 +6.327615104e+04
47 0 +4.233714438e+04 +4.256373438e+04 +4.256373438e+04
105 0 +3.275740383e+04 +3.298399383e+04 +3.298399383e+04
141 0 +1.903706547e+04 +1.926365547e+04 +1.926365547e+04
175 0 +1.634418512e+04 +1.657077512e+04 +1.657077512e+04
177 0 +1.135994198e+04 +1.158653198e+04 +1.158653198e+04
207 0 +3.110024590e+03 +3.336614590e+03 +3.336614590e+03
236 0 +2.806168497e+03 +3.032758497e+03 +3.032758497e+03
301 0 +2.309027769e+03 +2.535617769e+03 +2.535617769e+03
355 0 +2.093952172e+03 +2.320542172e+03 +2.320542172e+03
415 0 +1.832399749e+03 +2.058989749e+03 +2.058989749e+03
431 0 +1.768740072e+03 +1.995330072e+03 +1.995330072e+03
535 0 +1.478799113e+03 +1.705389113e+03 +1.705389113e+03
584 0 +1.014551723e+03 +1.241141723e+03 +1.241141723e+03
587 0 +9.920184675e+02 +1.218608467e+03 +1.218608467e+03
634 0 +5.277710777e+02 +7.543610777e+02 +7.543610777e+02
686 0 +4.705108176e+02 +6.971008176e+02 +6.971008176e+02
792 0 +4.567131077e+02 +6.833031077e+02 +6.833031077e+02
% f evaluations | g evaluations | best noise-free fitness - Fopt (-5.862000000000e+01) + sum g_i+ | measured fitness | best measured fitness or single-digit g-values | x1 | x2...
1 0 +5.772438159e+04 +5.766576159e+04 +5.766576159e+04
11 0 +5.760550840e+04 +5.754688840e+04 +5.754688840e+04
19 0 +5.023117412e+04 +5.017255412e+04 +5.017255412e+04
23 0 +4.977284913e+04 +4.971422913e+04 +4.971422913e+04
59 0 +3.770775531e+04 +3.764913531e+04 +3.764913531e+04
97 0 +2.975622285e+04 +2.969760285e+04 +2.969760285e+04
99 0 +2.767046481e+04 +2.761184481e+04 +2.761184481e+04
133 0 +1.121222031e+04 +1.115360031e+04 +1.115360031e+04
177 0 +6.233637296e+03 +6.175017296e+03 +6.175017296e+03
210 0 +5.550569847e+03 +5.491949847e+03 +5.491949847e+03
249 0 +4.943376977e+03 +4.884756977e+03 +4.884756977e+03
319 0 +4.334063377e+03 +4.275443377e+03 +4.275443377e+03
381 0 +3.416141123e+03 +3.357521123e+03 +3.357521123e+03
439 0 +2.591444543e+03 +2.532824543e+03 +2.532824543e+03
440 0 +2.411977863e+03 +2.353357863e+03 +2.353357863e+03
495 0 +2.088217075e+03 +2.029597075e+03 +2.029597075e+03
511 0 +1.809588598e+03 +1.750968598e+03 +1.750968598e+03
515 0 +1.738809680e+03 +1.680189680e+03 +1.680189680e+03
549 0 +1.415048892e+03 +1.356428892e+03 +1.356428892e+03
552 0 +1.361594512e+03 +1.302974512e+03 +1.302974512e+03
565 0 +1.136420415e+03 +1.077800415e+03 +1.077800415e+03
605 0 +8.126596272e+02 +7.540396272e+02 +7.540396272e+02
608 0 +7.592052468e+02 +7.005852468e+02 +7.005852468e+02
655 0 +4.354444591e+02 +3.768244591e+02 +3.768244591e+02
724 0 +4.354444591e+02 +3.768244591e+02 +3.768244591e+02
