% f evaluations | g evaluations | best noise-free fitness - Fopt (6.870000000000e+00) + sum g_i+ | measured fitness | best measured fitness or single-digit g-values | x1 | x2...
1 0 +6.716939245e+00 +1.358693924e+01 +1.358693924e+01 +0.0000e+00 +0.0000e+00 +0.0000e+00 +0.0000e+00 +0.0000e+00
6 0 +5.797596238e+00 +1.266759624e+01 +1.266759624e+01 +0.0000e+00 +0.0000e+00 +3.3333e+00 +0.0000e+00 +0.0000e+00
79 0 +5.429383366e+00 +1.229938337e+01 +1.229938337e+01 +0.0000e+00 +0.0000e+00 +2.9630e+00 +0.0000e+00 +0.0000e+00
229 0 +4.905210028e+00 +1.177521003e+01 +1.177521003e+01 -3.3333e+00 +0.0000e+00 +0.0000e+00 +0.0000e+00 +3.3333e+00
271 0 +4.302491313e+00 +1.117249131e+01 +1.117249131e+01 +0.0000e+00 +0.0000e+00 +2.9630e+00 -1.3717e-02 -1.3717e-02
275 0 +3.692428118e+00 +1.056242812e+01 +1.056242812e+01 -1.3717e-02 +0.0000e+00 +2.9630e+00 -1.3717e-02 -1.3717e-02
295 0 +3.505361091e+00 +1.037536109e+01 +1.037536109e+01 -1.3717e-02 +0.0000e+00 +2.9492e+00 -1.3717e-02 -1.3717e-02
355 0 +1.858658610e+00 +8.728658610e+00 +8.728658610e+00 -1.3717e-02 -4.5725e-03 +2.9492e+00 -1.3717e-02 -1.3717e-02
406 0 +1.858658610e+00 +8.728658610e+00 +8.728658610e+00 -1.3717e-02 -4.5725e-03 +2.9492e+00 -1.3717e-02 -1.3717e-02
% f evaluations | g evaluations | best noise-free fitness - Fopt (1.000000000000e-02) + sum g_i+ | measured fitness | best measured fitness or single-digit g-values | x1 | x2...
1 0 +2.029754545e+01 +2.030754545e+01 +2.030754545e+01 +0.0000e+00 +0.0000e+00 +0.0000e+00 +0.0000e+00 +0.0000e+00
2 0 +2.014276124e+01 +2.015276124e+01 +2.015276124e+01 +3.3333e+00 +0.0000e+00 +0.0000e+00 +0.0000e+00 +0.0000e+00
3 0 +1.385295587e+01 +1.386295587e+01 +1.386295587e+01 -3.3333e+00 +0.0000e+00 +0.0000e+00 +0.0000e+00 +0.0000e+00
5 0 +3.368051843e+00 +3.378051843e+00 +3.378051843e+00 +0.0000e+00 -3.3333e+00 +0.0000e+00 +0.0000e+00 +0.0000e+00
163 0 +2.989499597e+00 +2.999499597e+00 +2.999499597e+00 -1.3717e-02 -3.3333e+00 +0.0000e+00 +0.0000e+00 +0.0000e+00
253 0 +2.237432414e+00 +2.247432414e+00 +2.247432414e+00 -1.3717e-02 -3.3471e+00 +0.0000e+00 +0.0000e+00 -1.3717e-02
308 0 +1.270232724e+00 +1.280232724e+00 +1.280232724e+00 -1.3717e-02 -3.3425e+00 +0.0000e+00 +0.0000e+00 -1.3717e-02
341 0 +1.079388063e+00 +1.089388063e+00 +1.089388063e+00 -1.8290e-02 -3.3425e+00 +0.0000e+00 +0.0000e+00 -1.3717e-02
386 0 +1.041405913e+00 +1.051405913e+00 +1.051405913e+00 -1.3717e-02 -3.3425e+00 -4.5725e-03 +0.0000e+00 -1.3717e-02
% f evaluations | g evaluations | best noise-free fitness - Fopt (-1.306100000000e+02) + sum g_i+ | measured fitness | best measured fitness or single-digit g-values | x1 | x2...
1 0 +1.559460382e+01 -1.150153962e+02 -1.150153962e+02 +0.0000e+00 +0.0000e+00 +0.0000e+00 +0.0000e+00 +0.0000e+00
2 0 +1.196412992e+01 -1.186458701e+02 -1.186458701e+02 +3.3333e+00 +0.0000e+00 +0.0000e+00 +0.0000e+00 +0.0000e+00
13 0 +6.287631595e+00 -1.243223684e+02 -1.243223684e+02 +3.3333e+00 -3.3333e+00 +0.0000e+00 +0.0000e+00 +0.0000e+00
18 0 +3.445414772e+00 -1.271645852e+02 -1.271645852e+02 +3.3333e+00 +0.0000e+00 +0.0000e+00 +0.0000e+00 +3.3333e+00
222 0 +2.429257078e+00 -1.281807429e+02 -1.281807429e+02 +3.3333e+00 +0.0000e+00 +0.0000e+00 +4.1152e-02 +3.3333e+00
226 0 +2.033310115e+00 -1.285766899e+02 -1.285766899e+02 +4.4582e+00 -2.2222e+00 +0.0000e+00 +0.0000e+00 +0.0000e+00
331 0 +1.732548346e+00 -1.288774517e+02 -1.288774517e+02 +4.4582e+00 -2.2268e+00 +0.0000e+00 +0.0000e+00 +0.0000e+00
400 0 +1.604008308e+00 -1.290059917e+02 -1.290059917e+02 +4.4582e+00 -2.2222e+00 +0.0000e+00 -4.5725e-03 +0.0000e+00
% f evaluations | g evaluations | best noise-free fitness - Fopt (-2.231200000000e+02) + sum g_i+ | measured fitness | best measured fitness or single-digit g-values | x1 | x2...
1 0 +1.062283393e+01 -2.124971661e+02 -2.124971661e+02 +0.0000e+00 +0.0000e+00 +0.0000e+00 +0.0000e+00 +0.0000e+00
13 0 +8.734657088e+00 -2.143853429e+02 -2.143853429e+02 -3.3333e+00 -3.3333e+00 +0.0000e+00 +0.0000e+00 +0.0000e+00
26 0 +6.240285520e+00 -2.168797145e+02 -2.168797145e+02 +0.0000e+00 +0.0000e+00 +0.0000e+00 +1.1111e+00 +0.0000e+00
93 0 +5.042232490e+00 -2.180777675e+02 -2.180777675e+02 -3.3333e+00 -3.3333e+00 -1.1111e+00 +0.0000e+00 +1.1111e+00
123 0 +4.168599755e+00 -2.189514002e+02 -2.189514002e+02 -3.7037e+00 -3.3333e+00 -1.1111e+00 +0.0000e+00 +1.1111e+00
347 0 +3.749370908e+00 -2.193706291e+02 -2.193706291e+02 +0.0000e+00 -3.3333e+00 -3.3333e+00 +0.0000e+00 +3.3333e+00
400 0 +3.387548669e+00 -2.197324513e+02 -2.197324513e+02 +1.2346e-01 -3.3333e+00 -3.3333e+00 +0.0000e+00 +3.3333e+00
437 0 +2.277219250e+00 -2.208427808e+02 -2.208427808e+02 +1.2346e-01 -3.3333e+00 -3.3333e+00 +0.0000e+00 +3.2099e+00
532 0 +1.994936225e+00 -2.211250638e+02 -2.211250638e+02 +1.3717e-01 -3.3333e+00 -3.3333e+00 +0.0000e+00 +3.2099e+00
613 0 +9.247108715e-01 -2.221952891e+02 -2.221952891e+02 +1.3717e-01 -3.3471e+00 -3.3471e+00 +0.0000e+00 +3.2099e+00
722 0 +7.404261058e-01 -2.223795739e+02 -2.223795739e+02 +1.3717e-01 -3.3425e+00 -3.3471e+00 +0.0000e+00 +3.2053e+00
794 0 +7.404261058e-01 -2.223795739e+02 -2.223795739e+02 +1.3717e-01 -3.3425e+00 -3.3471e+00 +0.0000e+00 +3.2053e+00
% f evaluations | g evaluations | best noise-free fitness - Fopt (-4.443000000000e+01) + sum g_i+ | measured fitness | best measured fitness or single-digit g-values | x1 | x2...
1 0 +2.215004470e+01 -2.227995530e+01 -2.227995530e+01 +0.0000e+00 +0.0000e+00 +0.0000e+00 +0.0000e+00 +0.0000e+00
2 0 +1.319649676e+01 -3.123350324e+01 -3.123350324e+01 +3.3333e+00 +0.0000e+00 +0.0000e+00 +0.0000e+00 +0.0000e+00
5 0 +1.160668469e+01 -3.282331531e+01 -3.282331531e+01 +0.0000e+00 -3.3333e+00 +0.0000e+00 +0.0000e+00 +0.0000e+00
10 0 +1.120926245e+01 -3.322073755e+01 -3.322073755e+01 +0.0000e+00 +0.0000e+00 +0.0000e+00 +0.0000e+00 +3.3333e+00
12 0 +9.704253037e+00 -3.472574696e+01 -3.472574696e+01 +3.3333e+00 +0.0000e+00 +0.0000e+00 +0.0000e+00 +3.3333e+00
26 0 +7.485482941e+00 -3.694451706e+01 -3.694451706e+01 -3.3333e+00 +3.3333e+00 +0.0000e+00 +0.0000e+00 +3.3333e+00
27 0 +5.258610283e+00 -3.917138972e+01 -3.917138972e+01 -3.3333e+00 -3.3333e+00 +0.0000e+00 +0.0000e+00 +3.3333e+00
229 0 +3.694011540e+00 -4.073598846e+01 -4.073598846e+01 -3.3471e+00 +3.3333e+00 +0.0000e+00 +0.0000e+00 +2.2222e+00
230 0 +1.912551049e+00 -4.251744895e+01 -4.251744895e+01 -3.3333e+00 +3.3471e+00 +0.0000e+00 +0.0000e+00 +2.2222e+00
310 0 +1.750576643e+00 -4.267942336e+01 -4.267942336e+01 -3.3333e+00 +3.3471e+00 +4.5725e-03 +0.0000e+00 +2.2222e+00
314 0 +1.406833212e+00 -4.302316679e+01 -4.302316679e+01 -3.3333e+00 +3.3471e+00 +0.0000e+00 +0.0000e+00 +2.2268e+00
348 0 +1.406833212e+00 -4.302316679e+01 -4.302316679e+01 -3.3333e+00 +3.3471e+00 +0.0000e+00 +0.0000e+00 +2.2268e+00
% f evaluations | g evaluations | best noise-free fitness - Fopt (-1.354800000000e+02) + sum g_i+ | measured fitness | best measured fitness or single-digit g-values | x1 | x2...
1 0 +1.809759305e+01 -1.173824070e+02 -1.173824070e+02 +0.0000e+00 +0.0000e+00 +0.0000e+00 +0.0000e+00 +0.0000e+00
3 0 +1.331364923e+01 -1.221663508e+02 -1.221663508e+02 -3.3333e+00 +0.0000e+00 +0.0000e+00 +0.0000e+00 +0.0000e+00
4 0 +9.510795874e+00 -1.259692041e+02 -1.259692041e+02 +0.0000e+00 +3.3333e+00 +0.0000e+00 +0.0000e+00 +0.0000e+00
39 0 +7.579554538e+00 -1.279004455e+02 -1.279004455e+02 +0.0000e+00 +0.0000e+00 +0.0000e+00 +0.0000e+00 +2.2222e+00
78 0 +6.393393577e+00 -1.290866064e+02 -1.290866064e+02 +3.3333e+00 +3.3333e+00 +0.0000e+00 +1.1111e+00 +3.3333e+00
104 0 +4.161615213e+00 -1.313183848e+02 -1.313183848e+02 +4.4444e+00 +4.4444e+00 +0.0000e+00 +1.1111e+00 +3.3333e+00
315 0 +2.695643874e+00 -1.327843561e+02 -1.327843561e+02 +4.4399e+00 +4.4444e+00 +0.0000e+00 +1.1111e+00 +3.3333e+00
323 0 +2.152182085e+00 -1.333278179e+02 -1.333278179e+02 +4.4444e+00 +4.4444e+00 +0.0000e+00 +1.1111e+00 +3.3288e+00
366 0 +2.152182085e+00 -1.333278179e+02 -1.333278179e+02 +4.4444e+00 +4.4444e+00 +0.0000e+00 +1.1111e+00 +3.3288e+00
% f evaluations | g evaluations | best noise-free fitness - Fopt (-4.017900000000e+02) + sum g_i+ | measured fitness | best measured fitness or single-digit g-values | x1 | x2...
1 0 +1.564778559e+01 -3.861422144e+02 -3.861422144e+02 +0.0000e+00 +0.0000e+00 +0.0000e+00 +0.0000e+00 +0.0000e+00
4 0 +6.976445538e+00 -3.948135545e+02 -3.948135545e+02 +0.0000e+00 +3.3333e+00 +0.0000e+00 +0.0000e+00 +0.0000e+00
15 0 +5.806442799e+00 -3.959835572e+02 -3.959835572e+02 +0.0000e+00 +3.3333e+00 -3.3333e+00 +0.0000e+00 +0.0000e+00
34 0 +3.835030732e+00 -3.979549693e+02 -3.979549693e+02 +0.0000e+00 +3.3333e+00 -2.2222e+00 +0.0000e+00 +0.0000e+00
560 0 +2.208320078e+00 -3.995816799e+02 -3.995816799e+02 +1.3717e-02 +3.3333e+00 -1.1111e+00 +0.0000e+00 +0.0000e+00
619 0 +1.463610894e+00 -4.003263891e+02 -4.003263891e+02 +1.3717e-02 +3.3333e+00 -1.1248e+00 +0.0000e+00 +0.0000e+00
669 0 +1.136095993e+00 -4.006539040e+02 -4.006539040e+02 +1.3717e-02 +3.3333e+00 -1.1248e+00 -1.3717e-02 +0.0000e+00
2780 0 +9.825750360e-01 -4.008074250e+02 -4.008074250e+02 +1.3717e-02 +3.3379e+00 -1.1248e+00 -1.3717e-02 +0.0000e+00
2826 0 +8.704565897e-01 -4.009195434e+02 -4.009195434e+02 -3.3333e+00 +0.0000e+00 +2.2359e+00 -4.4444e+00 +4.4444e+00
2977 0 +4.906424362e-01 -4.012993576e+02 -4.012993576e+02 -3.3333e+00 +4.5725e-03 +2.2314e+00 -4.4444e+00 +4.4444e+00
3026 0 +4.906424362e-01 -4.012993576e+02 -4.012993576e+02 -3.3333e+00 +4.5725e-03 +2.2314e+00 -4.4444e+00 +4.4444e+00
% f evaluations | g evaluations | best noise-free fitness - Fopt (-7.253000000000e+01) + sum g_i+ | measured fitness | best measured fitness or single-digit g-values | x1 | x2...
1 0 +2.610607842e+01 -4.642392158e+01 -4.642392158e+01 +0.0000e+00 +0.0000e+00 +0.0000e+00 +0.0000e+00 +0.0000e+00
2 0 +2.017984531e+01 -5.235015469e+01 -5.235015469e+01 +3.3333e+00 +0.0000e+00 +0.0000e+00 +0.0000e+00 +0.0000e+00
9 0 +5.395781838e+00 -6.713421816e+01 -6.713421816e+01 +0.0000e+00 +0.0000e+00 +0.0000e+00 -3.3333e+00 +0.0000e+00
160 0 +4.998679494e+00 -6.753132051e+01 -6.753132051e+01 +1.3717e-02 +0.0000e+00 +0.0000e+00 -3.3333e+00 -3.3333e+00
252 0 +2.875394586e+00 -6.965460541e+01 -6.965460541e+01 +0.0000e+00 +3.3333e+00 -3.3333e+00 -4.4444e+00 +4.4444e+00
369 0 +2.348524105e+00 -7.018147589e+01 -7.018147589e+01 -1.3717e-02 +3.3333e+00 -3.3333e+00 -4.4444e+00 +4.4444e+00
375 0 +1.665361643e+00 -7.086463836e+01 -7.086463836e+01 +0.0000e+00 +3.3333e+00 -3.3333e+00 -4.4582e+00 +4.4444e+00
441 0 +1.176231619e+00 -7.135376838e+01 -7.135376838e+01 -1.3717e-02 +3.3333e+00 -3.3333e+00 -4.4582e+00 +4.4307e+00
510 0 +9.191444897e-01 -7.161085551e+01 -7.161085551e+01 -1.3717e-02 +3.3333e+00 -3.3333e+00 -4.4536e+00 +4.4307e+00
512 0 +7.525929887e-01 -7.177740701e+01 -7.177740701e+01 -1.3717e-02 +3.3333e+00 -3.3333e+00 -4.4582e+00 +4.4353e+00
562 0 +7.525929887e-01 -7.177740701e+01 -7.177740701e+01 -1.3717e-02 +3.3333e+00 -3.3333e+00 -4.4582e+00 +4.4353e+00
% f evaluations | g evaluations | best noise-free fitness - Fopt (-2.466700000000e+02) + sum g_i+ | measured fitness | best measured fitness or single-digit g-values | x1 | x2...
1 0 +1.601724321e+01 -2.306527568e+02 -2.306527568e+02 +0.0000e+00 +0.0000e+00 +0.0000e+00 +0.0000e+00 +0.0000e+00
7 0 +8.640571718e+00 -2.380294283e+02 -2.380294283e+02 +0.0000e+00 +0.0000e+00 -3.3333e+00 +0.0000e+00 +0.0000e+00
54 0 +4.925992978e+00 -2.417440070e+02 -2.417440070e+02 +0.0000e+00 +3.7037e-01 -3.3333e+00 +0.0000e+00 +0.0000e+00
94 0 +4.294204937e+00 -2.423757951e+02 -2.423757951e+02 +1.2346e-01 +3.7037e-01 -3.3333e+00 +0.0000e+00 +0.0000e+00
158 0 +2.741152918e+00 -2.439288471e+02 -2.439288471e+02 -1.2346e-01 +4.1152e-01 -3.3333e+00 +0.0000e+00 +0.0000e+00
237 0 +1.712682849e+00 -2.449573172e+02 -2.449573172e+02 -1.2346e-01 +3.9781e-01 -3.3333e+00 +0.0000e+00 +0.0000e+00
312 0 +1.421471381e+00 -2.452485286e+02 -2.452485286e+02 -1.2346e-01 +4.0238e-01 -3.3333e+00 +0.0000e+00 +0.0000e+00
352 0 +1.049460178e+00 -2.456205398e+02 -2.456205398e+02 -1.2346e-01 +4.1152e-01 -3.3471e+00 +1.3717e-02 +1.3717e-02
435 0 +6.782989008e-01 -2.459917011e+02 -2.459917011e+02 -1.2346e-01 +4.0695e-01 -3.3471e+00 +1.3717e-02 +1.3717e-02
478 0 +6.782989008e-01 -2.459917011e+02 -2.459917011e+02 -1.2346e-01 +4.0695e-01 -3.3471e+00 +1.3717e-02 +1.3717e-02
% f evaluations | g evaluations | best noise-free fitness - Fopt (1.000000000000e+03) + sum g_i+ | measured fitness | best measured fitness or single-digit g-values | x1 | x2...
1 0 +1.057755914e+01 +1.010577559e+03 +1.010577559e+03 +0.0000e+00 +0.0000e+00 +0.0000e+00 +0.0000e+00 +0.0000e+00
13 0 +7.765782672e+00 +1.007765783e+03 +1.007765783e+03 -3.3333e+00 -3.3333e+00 +0.0000e+00 +0.0000e+00 +0.0000e+00
14 0 +6.076037625e+00 +1.006076038e+03 +1.006076038e+03 -3.3333e+00 +0.0000e+00 +3.3333e+00 +0.0000e+00 +0.0000e+00
34 0 +4.291304752e+00 +1.004291305e+03 +1.004291305e+03 -3.3333e+00 +0.0000e+00 +4.4444e+00 +0.0000e+00 +0.0000e+00
239 0 +2.250483002e+00 +1.002250483e+03 +1.002250483e+03 +1.1111e+00 +0.0000e+00 +1.1111e+00 -3.3333e+00 -4.4444e+00
330 0 +1.849139415e+00 +1.001849139e+03 +1.001849139e+03 +1.1523e+00 +0.0000e+00 +1.1111e+00 -3.3333e+00 -4.4444e+00
2260 0 +1.028417245e+00 +1.001028417e+03 +1.001028417e+03 +1.1523e+00 +0.0000e+00 +1.1248e+00 -3.3333e+00 -4.4444e+00
2328 0 +7.150238839e-01 +1.000715024e+03 +1.000715024e+03 +1.1523e+00 +1.3717e-02 +1.1248e+00 -3.3333e+00 -4.4444e+00
5766 0 +7.150238839e-01 +1.000715024e+03 +1.000715024e+03 +1.1523e+00 +1.3717e-02 +1.1248e+00 -3.3333e+00 -4.4444e+00
% f evaluations | g evaluations | best noise-free fitness - Fopt (-2.743700000000e+02) + sum g_i+ | measured fitness | best measured fitness or single-digit g-values | x1 | x2...
1 0 +2.110635043e+01 -2.532636496e+02 -2.532636496e+02 +0.0000e+00 +0.0000e+00 +0.0000e+00 +0.0000e+00 +0.0000e+00
2 0 +1.486910723e+01 -2.595008928e+02 -2.595008928e+02 +3.3333e+00 +0.0000e+00 +0.0000e+00 +0.0000e+00 +0.0000e+00
4 0 +7.682200710e+00 -2.666877993e+02 -2.666877993e+02 +0.0000e+00 +3.3333e+00 +0.0000e+00 +0.0000e+00 +0.0000e+00
62 0 +4.964540663e+00 -2.694054593e+02 -2.694054593e+02 +0.0000e+00 +3.3333e+00 +3.3333e+00 +3.7037e-01 +0.0000e+00
188 0 +4.032340306e+00 -2.703376597e+02 -2.703376597e+02 -1.2346e-01 +2.2222e+00 +1.1111e+00 +1.2346e+00 +0.0000e+00
192 0 +2.457345327e+00 -2.719126547e+02 -2.719126547e+02 +4.1152e-02 +2.2222e+00 +1.1111e+00 +1.1111e+00 +0.0000e+00
263 0 +1.765649108e+00 -2.726043509e+02 -2.726043509e+02 +2.7435e-02 +2.2222e+00 +1.1111e+00 +1.1111e+00 +0.0000e+00
1029 0 +1.225503628e+00 -2.731444964e+02 -2.731444964e+02 +2.2862e-02 +2.2222e+00 +1.1111e+00 +1.1111e+00 +0.0000e+00
1124 0 +9.033435811e-01 -2.734666564e+02 -2.734666564e+02 +2.2862e-02 +2.2222e+00 +1.1157e+00 +1.1157e+00 +0.0000e+00
1126 0 +7.519114413e-01 -2.736180886e+02 -2.736180886e+02 +2.2862e-02 +2.2222e+00 +1.1111e+00 +1.1157e+00 +4.5725e-03
1166 0 +7.519114413e-01 -2.736180886e+02 -2.736180886e+02 +2.2862e-02 +2.2222e+00 +1.1111e+00 +1.1157e+00 +4.5725e-03
% f evaluations | g evaluations | best noise-free fitness - Fopt (-7.642000000000e+01) + sum g_i+ | measured fitness | best measured fitness or single-digit g-values | x1 | x2...
1 0 +1.880502354e+01 -5.761497646e+01 -5.761497646e+01 +0.0000e+00 +0.0000e+00 +0.0000e+00 +0.0000e+00 +0.0000e+00
6 0 +8.077986295e+00 -6.834201371e+01 -6.834201371e+01 +0.0000e+00 +0.0000e+00 +3.3333e+00 +0.0000e+00 +0.0000e+00
21 0 +7.529328710e+00 -6.889067129e+01 -6.889067129e+01 -3.3333e+00 +0.0000e+00 +3.3333e+00 +0.0000e+00 +3.3333e+00
32 0 +5.480722573e+00 -7.093927743e+01 -7.093927743e+01 +0.0000e+00 +0.0000e+00 +3.3333e+00 +1.1111e+00 +0.0000e+00
46 0 +4.948836583e+00 -7.147116342e+01 -7.147116342e+01 +0.0000e+00 +0.0000e+00 +3.3333e+00 +1.1111e+00 +1.1111e+00
215 0 +4.230681270e+00 -7.218931873e+01 -7.218931873e+01 -3.3333e+00 +0.0000e+00 -4.4444e+00 +3.3333e+00 -3.3333e+00
244 0 +3.685256539e+00 -7.273474346e+01 -7.273474346e+01 +3.3333e+00 +0.0000e+00 +0.0000e+00 -3.3333e+00 +0.0000e+00
401 0 +2.443112759e+00 -7.397688724e+01 -7.397688724e+01 +3.3333e+00 +0.0000e+00 +0.0000e+00 -3.3471e+00 +0.0000e+00
471 0 +2.013195740e+00 -7.440680426e+01 -7.440680426e+01 +3.3333e+00 +0.0000e+00 +0.0000e+00 -3.3516e+00 +0.0000e+00
532 0 +2.013195740e+00 -7.440680426e+01 -7.440680426e+01 +3.3333e+00 +0.0000e+00 +0.0000e+00 -3.3516e+00 +0.0000e+00
% f evaluations | g evaluations | best noise-free fitness - Fopt (-2.412500000000e+02) + sum g_i+ | measured fitness | best measured fitness or single-digit g-values | x1 | x2...
1 0 +2.934898683e+01 -2.119010132e+02 -2.119010132e+02 +0.0000e+00 +0.0000e+00 +0.0000e+00 +0.0000e+00 +0.0000e+00
3 0 +1.633189211e+01 -2.249181079e+02 -2.249181079e+02 -3.3333e+00 +0.0000e+00 +0.0000e+00 +0.0000e+00 +0.0000e+00
11 0 +1.556813801e+01 -2.256818620e+02 -2.256818620e+02 +0.0000e+00 +0.0000e+00 +0.0000e+00 +0.0000e+00 -3.3333e+00
15 0 +6.517490168e+00 -2.347325098e+02 -2.347325098e+02 +0.0000e+00 -3.3333e+00 +0.0000e+00 +0.0000e+00 -3.3333e+00
21 0 +5.959506213e+00 -2.352904938e+02 -2.352904938e+02 -3.3333e+00 -3.3333e+00 +0.0000e+00 +0.0000e+00 -3.3333e+00
37 0 +5.297494294e+00 -2.359525057e+02 -2.359525057e+02 -3.3333e+00 -3.3333e+00 -1.1111e+00 +0.0000e+00 -3.3333e+00
72 0 +4.872434540e+00 -2.363775655e+02 -2.363775655e+02 -3.3333e+00 -3.3333e+00 -1.1111e+00 +0.0000e+00 -2.9630e+00
129 0 +3.874176144e+00 -2.373758239e+02 -2.373758239e+02 -2.2222e+00 -4.4444e+00 -1.1111e+00 -1.1111e+00 -3.3333e+00
133 0 +3.391375516e+00 -2.378586245e+02 -2.378586245e+02 -3.3333e+00 +0.0000e+00 +3.3333e+00 +0.0000e+00 -3.3333e+00
233 0 +8.051584472e-01 -2.404448416e+02 -2.404448416e+02 -3.3745e+00 +0.0000e+00 +3.3333e+00 +0.0000e+00 -3.3333e+00
371 0 +7.241345209e-01 -2.405258655e+02 -2.405258655e+02 -3.3791e+00 +0.0000e+00 +3.3333e+00 +0.0000e+00 -3.3333e+00
378 0 +5.585048990e-01 -2.406914951e+02 -2.406914951e+02 -3.3745e+00 +0.0000e+00 +3.3333e+00 +0.0000e+00 -3.3288e+00
538 0 +5.463701828e-01 -2.407036298e+02 -2.407036298e+02 -3.3745e+00 +0.0000e+00 +3.3333e+00 +4.5725e-03 -3.3288e+00
% f evaluations | g evaluations | best noise-free fitness - Fopt (8.389000000000e+01) + sum g_i+ | measured fitness | best measured fitness or single-digit g-values | x1 | x2...
1 0 +2.422810787e+01 +1.081181079e+02 +1.081181079e+02 +0.0000e+00 +0.0000e+00 +0.0000e+00 +0.0000e+00 +0.0000e+00
2 0 +1.790026574e+01 +1.017902657e+02 +1.017902657e+02 +3.3333e+00 +0.0000e+00 +0.0000e+00 +0.0000e+00 +0.0000e+00
3 0 +1.132779796e+01 +9.521779796e+01 +9.521779796e+01 -3.3333e+00 +0.0000e+00 +0.0000e+00 +0.0000e+00 +0.0000e+00
4 0 +4.289798226e+00 +8.817979823e+01 +8.817979823e+01 +0.0000e+00 +3.3333e+00 +0.0000e+00 +0.0000e+00 +0.0000e+00
135 0 +2.048937802e+00 +8.593893780e+01 +8.593893780e+01 +0.0000e+00 +3.2922e+00 +0.0000e+00 -3.3333e+00 +3.3333e+00
262 0 +1.018638016e+00 +8.490863802e+01 +8.490863802e+01 +0.0000e+00 +3.3059e+00 +1.3717e-02 -3.3333e+00 +3.3333e+00
292 0 +9.894295246e-01 +8.487942952e+01 +8.487942952e+01 +1.3717e-02 +3.3059e+00 +1.3717e-02 -3.3333e+00 +3.3471e+00
299 0 +8.893221484e-01 +8.477932215e+01 +8.477932215e+01 +0.0000e+00 +3.3013e+00 +1.3717e-02 -3.3333e+00 +3.3333e+00
301 0 +7.006135177e-01 +8.459061352e+01 +8.459061352e+01 +0.0000e+00 +3.3059e+00 +9.1449e-03 -3.3333e+00 +3.3333e+00
330 0 +6.305903245e-01 +8.452059032e+01 +8.452059032e+01 +0.0000e+00 +3.3105e+00 +9.1449e-03 -3.3333e+00 +3.3333e+00
384 0 +6.305903245e-01 +8.452059032e+01 +8.452059032e+01 +0.0000e+00 +3.3105e+00 +9.1449e-03 -3.3333e+00 +3.3333e+00
% f evaluations | g evaluations | best noise-free fitness - Fopt (1.292800000000e+02) + sum g_i+ | measured fitness | best measured fitness or single-digit g-values | x1 | x2...
1 0 +8.079916004e+00 +1.373599160e+02 +1.373599160e+02 +0.0000e+00 +0.0000e+00 +0.0000e+00 +0.0000e+00 +0.0000e+00
17 0 +4.303143887e+00 +1.335831439e+02 +1.335831439e+02 +0.0000e+00 +0.0000e+00 -3.3333e+00 -3.3333e+00 +0.0000e+00
48 0 +3.449796329e+00 +1.327297963e+02 +1.327297963e+02 +0.0000e+00 +0.0000e+00 -3.3333e+00 -3.3333e+00 +1.1111e+00
140 0 +2.403192369e+00 +1.316831924e+02 +1.316831924e+02 +4.1152e-02 +0.0000e+00 -3.3333e+00 -3.3333e+00 +1.1111e+00
223 0 +1.961155359e+00 +1.312411554e+02 +1.312411554e+02 +2.7435e-02 +0.0000e+00 -3.3333e+00 -3.3333e+00 +1.1111e+00
230 0 +1.049363865e+00 +1.303293639e+02 +1.303293639e+02 +4.1152e-02 +0.0000e+00 -3.3333e+00 -3.3333e+00 +1.1248e+00
281 0 +9.986534551e-01 +1.302786535e+02 +1.302786535e+02 +3.6580e-02 +0.0000e+00 -3.3333e+00 -3.3333e+00 +1.1248e+00
288 0 +8.312789450e-01 +1.301112789e+02 +1.301112789e+02 +4.1152e-02 +0.0000e+00 -3.3333e+00 -3.3333e+00 +1.1294e+00
344 0 +8.312789450e-01 +1.301112789e+02 +1.301112789e+02 +4.1152e-02 +0.0000e+00 -3.3333e+00 -3.3333e+00 +1.1294e+00
