% f evaluations | g evaluations | best noise-free fitness - Fopt (7.135000000000e+01) + sum g_i+ | measured fitness | best measured fitness or single-digit g-values | x1 | x2...
1 0 +1.205674855e+02 +1.919174855e+02 +1.919174855e+02 +0.0000e+00 +0.0000e+00 +0.0000e+00 +0.0000e+00 +0.0000e+00
2 0 +3.078248650e+01 +1.021324865e+02 +1.021324865e+02 +3.3333e+00 +0.0000e+00 +0.0000e+00 +0.0000e+00 +0.0000e+00
12 0 +2.437120262e+01 +9.572120262e+01 +9.572120262e+01 +3.3333e+00 +3.3333e+00 +0.0000e+00 +0.0000e+00 +0.0000e+00
97 0 +2.235915801e+01 +9.370915801e+01 +9.370915801e+01 +3.2099e+00 +2.2222e+00 +0.0000e+00 +0.0000e+00 +0.0000e+00
101 0 +1.480761375e+01 +8.615761375e+01 +8.615761375e+01 +3.3333e+00 +2.2222e+00 -1.2346e-01 +0.0000e+00 +0.0000e+00
159 0 +1.345817712e+01 +8.480817712e+01 +8.480817712e+01 +3.3333e+00 +2.2222e+00 -1.6461e-01 +0.0000e+00 +0.0000e+00
179 0 +1.243117219e+01 +8.378117219e+01 +8.378117219e+01 +3.3333e+00 +2.2222e+00 -1.6461e-01 -4.1152e-02 +0.0000e+00
185 0 +1.096106247e+01 +8.231106247e+01 +8.231106247e+01 +3.3333e+00 +0.0000e+00 +0.0000e+00 -3.3333e+00 +3.3333e+00
192 0 +9.783016150e+00 +8.113301615e+01 +8.113301615e+01 +3.3333e+00 -3.3333e+00 -3.3333e+00 +1.1111e+00 -3.3333e+00
266 0 +7.783660990e+00 +7.913366099e+01 +7.913366099e+01 +3.7037e+00 -3.3333e+00 -3.7037e+00 +1.1111e+00 -3.3333e+00
321 0 +5.212581597e+00 +7.656258160e+01 +7.656258160e+01 +3.5802e+00 -3.3333e+00 -3.7037e+00 +1.1111e+00 -3.3333e+00
364 0 +4.726501899e+00 +7.607650190e+01 +7.607650190e+01 +3.6214e+00 -3.3333e+00 -3.7037e+00 +1.1111e+00 -3.3333e+00
368 0 +3.916866755e+00 +7.526686675e+01 +7.526686675e+01 +3.5802e+00 -3.3333e+00 -3.6626e+00 +1.1111e+00 -3.3333e+00
406 0 +3.292728261e+00 +7.464272826e+01 +7.464272826e+01 +3.5802e+00 -3.3333e+00 -3.6626e+00 +1.1111e+00 -3.2922e+00
427 0 +2.446948952e+00 +7.379694895e+01 +7.379694895e+01 +2.2222e+00 -3.3333e+00 -2.2222e+00 -3.7037e-01 -2.9630e+00
460 0 +1.918478650e+00 +7.326847865e+01 +7.326847865e+01 +2.5926e+00 -3.3333e+00 -2.5926e+00 +0.0000e+00 -2.9630e+00
472 0 +1.757964409e+00 +7.310796441e+01 +7.310796441e+01 +2.2222e+00 -3.3333e+00 -2.2222e+00 -3.7037e-01 -2.8395e+00
488 0 +1.007580770e+00 +7.235758077e+01 +7.235758077e+01 +2.2222e+00 -3.3333e+00 -2.0988e+00 -3.7037e-01 -2.8395e+00
489 0 +8.024590497e-01 +7.215245905e+01 +7.215245905e+01 +2.2222e+00 -3.3333e+00 -2.3457e+00 -3.7037e-01 -2.8395e+00
510 0 +7.378407565e-01 +7.208784076e+01 +7.208784076e+01 +2.2222e+00 -3.3333e+00 -2.3457e+00 -2.4691e-01 -2.8395e+00
552 0 +5.017609657e-01 +7.185176097e+01 +7.185176097e+01 +2.2634e+00 -3.3333e+00 -2.3457e+00 -2.4691e-01 -2.8395e+00
560 0 +2.733426718e-01 +7.162334267e+01 +7.162334267e+01 +2.2222e+00 -3.3333e+00 -2.3457e+00 -2.4691e-01 -2.7984e+00
614 0 +2.336368417e-01 +7.158363684e+01 +7.158363684e+01 +2.2222e+00 -3.3196e+00 -2.3457e+00 -2.4691e-01 -2.7984e+00
649 0 +1.638024511e-01 +7.151380245e+01 +7.151380245e+01 +2.2222e+00 -3.3196e+00 -2.3594e+00 -2.4691e-01 -2.7984e+00
731 0 +1.431641681e-01 +7.149316417e+01 +7.149316417e+01 +2.2176e+00 -3.3196e+00 -2.3594e+00 -2.4691e-01 -2.7984e+00
846 0 +1.416038541e-01 +7.149160385e+01 +7.149160385e+01 +2.2176e+00 -3.3196e+00 -2.3594e+00 -2.4234e-01 -2.7984e+00
% f evaluations | g evaluations | best noise-free fitness - Fopt (-3.552200000000e+02) + sum g_i+ | measured fitness | best measured fitness or single-digit g-values | x1 | x2...
1 0 +1.380502722e+02 -2.171697278e+02 -2.171697278e+02 +0.0000e+00 +0.0000e+00 +0.0000e+00 +0.0000e+00 +0.0000e+00
2 0 +6.657934521e+01 -2.886406548e+02 -2.886406548e+02 +3.3333e+00 +0.0000e+00 +0.0000e+00 +0.0000e+00 +0.0000e+00
8 0 +4.687928212e+01 -3.083407179e+02 -3.083407179e+02 +0.0000e+00 +0.0000e+00 +0.0000e+00 +3.3333e+00 +0.0000e+00
11 0 +2.358573706e+01 -3.316342629e+02 -3.316342629e+02 +0.0000e+00 +0.0000e+00 +0.0000e+00 +0.0000e+00 -3.3333e+00
43 0 +1.980599439e+01 -3.354140056e+02 -3.354140056e+02 +0.0000e+00 -3.7037e-01 +0.0000e+00 +0.0000e+00 -3.3333e+00
116 0 +1.373499201e+01 -3.414850080e+02 -3.414850080e+02 +0.0000e+00 +0.0000e+00 +3.7037e-01 -3.7037e-01 -2.9630e+00
154 0 +1.185472062e+01 -3.433652794e+02 -3.433652794e+02 +0.0000e+00 +0.0000e+00 +4.9383e-01 -3.7037e-01 -2.9630e+00
204 0 +9.952101137e+00 -3.452678989e+02 -3.452678989e+02 +3.3333e+00 +3.7037e+00 -3.3333e+00 +3.3333e+00 -2.9630e+00
230 0 +7.145931634e+00 -3.480740684e+02 -3.480740684e+02 +3.3333e+00 +3.7037e+00 -2.9630e+00 +3.3333e+00 -2.9630e+00
251 0 +2.971116234e+00 -3.522488838e+02 -3.522488838e+02 +3.3333e+00 +3.7037e+00 -2.9630e+00 +2.9630e+00 -2.9630e+00
280 0 +1.782787444e+00 -3.534372126e+02 -3.534372126e+02 +3.3333e+00 +3.7037e+00 -2.9630e+00 +3.0864e+00 -2.9630e+00
390 0 +1.603727142e+00 -3.536162729e+02 -3.536162729e+02 +3.3333e+00 +3.7037e+00 -2.9630e+00 +3.1001e+00 -2.9630e+00
392 0 +1.510485447e+00 -3.537095146e+02 -3.537095146e+02 +3.3333e+00 +3.7037e+00 -2.9630e+00 +3.0864e+00 -2.9492e+00
420 0 +1.402329348e+00 -3.538176707e+02 -3.538176707e+02 +3.3471e+00 +3.7037e+00 -2.9630e+00 +3.0864e+00 -2.9492e+00
453 0 +1.171964214e+00 -3.540480358e+02 -3.540480358e+02 +3.3333e+00 +3.7037e+00 -2.9767e+00 +3.0727e+00 -2.9492e+00
550 0 +1.132338671e+00 -3.540876613e+02 -3.540876613e+02 +3.3333e+00 +3.7037e+00 -2.9721e+00 +3.0727e+00 -2.9492e+00
% f evaluations | g evaluations | best noise-free fitness - Fopt (9.917000000000e+01) + sum g_i+ | measured fitness | best measured fitness or single-digit g-values | x1 | x2...
1 0 +1.990461148e+02 +2.982161148e+02 +2.982161148e+02 +0.0000e+00 +0.0000e+00 +0.0000e+00 +0.0000e+00 +0.0000e+00
2 0 +7.171864950e+01 +1.708886495e+02 +1.708886495e+02 +3.3333e+00 +0.0000e+00 +0.0000e+00 +0.0000e+00 +0.0000e+00
6 0 +6.949357594e+01 +1.686635759e+02 +1.686635759e+02 +0.0000e+00 +0.0000e+00 +3.3333e+00 +0.0000e+00 +0.0000e+00
7 0 +2.684921002e+01 +1.260192100e+02 +1.260192100e+02 +0.0000e+00 +0.0000e+00 -3.3333e+00 +0.0000e+00 +0.0000e+00
33 0 +1.850823047e+01 +1.176782305e+02 +1.176782305e+02 +0.0000e+00 +0.0000e+00 -3.3333e+00 -1.1111e+00 +0.0000e+00
59 0 +1.175498721e+01 +1.109249872e+02 +1.109249872e+02 +0.0000e+00 +0.0000e+00 -4.4444e+00 +0.0000e+00 +1.1111e+00
60 0 +5.524517170e+00 +1.046945172e+02 +1.046945172e+02 +3.7037e-01 +0.0000e+00 -3.3333e+00 -1.1111e+00 +0.0000e+00
77 0 +4.150043210e+00 +1.033200432e+02 +1.033200432e+02 +3.7037e-01 -3.7037e-01 -3.3333e+00 -1.1111e+00 +0.0000e+00
152 0 +3.585225917e+00 +1.027552259e+02 +1.027552259e+02 +3.7037e-01 -3.7037e-01 -3.3333e+00 -1.0700e+00 +0.0000e+00
256 0 +3.585225917e+00 +1.027552259e+02 +1.027552259e+02 +3.7037e-01 -3.7037e-01 -3.3333e+00 -1.0700e+00 +0.0000e+00
% f evaluations | g evaluations | best noise-free fitness - Fopt (-5.179100000000e+02) + sum g_i+ | measured fitness | best measured fitness or single-digit g-values | x1 | x2...
1 0 +7.971953023e+01 -4.381904698e+02 -4.381904698e+02 +0.0000e+00 +0.0000e+00 +0.0000e+00 +0.0000e+00 +0.0000e+00
2 0 +4.675190180e+01 -4.711580982e+02 -4.711580982e+02 +3.3333e+00 +0.0000e+00 +0.0000e+00 +0.0000e+00 +0.0000e+00
12 0 +2.964354961e+01 -4.882664504e+02 -4.882664504e+02 +3.3333e+00 +3.3333e+00 +0.0000e+00 +0.0000e+00 +0.0000e+00
63 0 +2.151667466e+01 -4.963933253e+02 -4.963933253e+02 +3.3333e+00 +3.3333e+00 +0.0000e+00 +0.0000e+00 -3.7037e-01
76 0 +1.395514793e+01 -5.039548521e+02 -5.039548521e+02 +3.3333e+00 +3.3333e+00 +3.3333e+00 +1.1111e+00 +0.0000e+00
116 0 +1.169281479e+01 -5.062171852e+02 -5.062171852e+02 +3.3333e+00 +3.3333e+00 +3.3333e+00 +1.4815e+00 +0.0000e+00
150 0 +1.016263126e+01 -5.077473687e+02 -5.077473687e+02 +3.3333e+00 +3.7037e+00 +3.3333e+00 +7.4074e-01 +0.0000e+00
154 0 +5.413801400e+00 -5.124961986e+02 -5.124961986e+02 +3.3333e+00 +3.3333e+00 +3.3333e+00 +7.4074e-01 +3.7037e-01
196 0 +4.082018331e+00 -5.138279817e+02 -5.138279817e+02 +3.3333e+00 +3.3333e+00 +3.4568e+00 +7.4074e-01 +3.7037e-01
200 0 +1.928813422e+00 -5.159811866e+02 -5.159811866e+02 +3.3333e+00 +3.3333e+00 +3.3333e+00 +7.4074e-01 +4.9383e-01
221 0 +1.372592019e+00 -5.165374080e+02 -5.165374080e+02 +3.3333e+00 +3.3333e+00 +3.2099e+00 +7.4074e-01 +4.9383e-01
256 0 +1.050793271e+00 -5.168592067e+02 -5.168592067e+02 +3.4568e+00 +3.4568e+00 +3.3333e+00 +7.4074e-01 +4.9383e-01
308 0 +2.742665745e-01 -5.176357334e+02 -5.176357334e+02 +3.4979e+00 +3.4568e+00 +3.3333e+00 +7.4074e-01 +4.9383e-01
360 0 +1.934658344e-01 -5.177165342e+02 -5.177165342e+02 +3.4979e+00 +3.4979e+00 +3.3333e+00 +6.9959e-01 +4.9383e-01
545 0 +1.305444218e-01 -5.177794556e+02 -5.177794556e+02 +3.4842e+00 +3.4842e+00 +3.3471e+00 +6.8587e-01 +4.8011e-01
625 0 +1.064742755e-01 -5.178035257e+02 -5.178035257e+02 +3.4842e+00 +3.4842e+00 +3.3333e+00 +6.8587e-01 +4.8011e-01
749 0 +9.306932462e-02 -5.178169307e+02 -5.178169307e+02 +3.4797e+00 +3.4888e+00 +3.3333e+00 +6.8587e-01 +4.8011e-01
750 0 +8.405290066e-02 -5.178259471e+02 -5.178259471e+02 +3.4842e+00 +3.4888e+00 +3.3379e+00 +6.8587e-01 +4.8011e-01
752 0 +7.112584245e-02 -5.178388742e+02 -5.178388742e+02 +3.4842e+00 +3.4888e+00 +3.3333e+00 +6.9044e-01 +4.8011e-01
780 0 +6.795031569e-02 -5.178420497e+02 -5.178420497e+02 +3.4842e+00 +3.4888e+00 +3.3379e+00 +6.9044e-01 +4.8011e-01
1978 0 +5.740992712e-02 -5.178525901e+02 -5.178525901e+02 +4.2524e-01 -3.1687e+00 +1.4403e+00 +2.7984e+00 -2.7435e-02
2080 0 +5.740992712e-02 -5.178525901e+02 -5.178525901e+02 +4.2524e-01 -3.1687e+00 +1.4403e+00 +2.7984e+00 -2.7435e-02
% f evaluations | g evaluations | best noise-free fitness - Fopt (-5.721000000000e+01) + sum g_i+ | measured fitness | best measured fitness or single-digit g-values | x1 | x2...
1 0 +1.005348962e+02 +4.332489617e+01 +4.332489617e+01 +0.0000e+00 +0.0000e+00 +0.0000e+00 +0.0000e+00 +0.0000e+00
2 0 +7.730393895e+01 +2.009393895e+01 +2.009393895e+01 +3.3333e+00 +0.0000e+00 +0.0000e+00 +0.0000e+00 +0.0000e+00
5 0 +4.467962769e+01 -1.253037231e+01 -1.253037231e+01 +0.0000e+00 -3.3333e+00 +0.0000e+00 +0.0000e+00 +0.0000e+00
12 0 +4.118200918e+01 -1.602799082e+01 -1.602799082e+01 +3.3333e+00 -3.3333e+00 +0.0000e+00 +0.0000e+00 +0.0000e+00
17 0 +3.806115968e+01 -1.914884032e+01 -1.914884032e+01 +0.0000e+00 -3.3333e+00 +0.0000e+00 -3.3333e+00 +0.0000e+00
50 0 +3.335192207e+01 -2.385807793e+01 -2.385807793e+01 +0.0000e+00 -3.3333e+00 +1.1111e+00 -3.3333e+00 +0.0000e+00
61 0 +2.269616308e+01 -3.451383692e+01 -3.451383692e+01 +0.0000e+00 -3.3333e+00 -3.7037e-01 -3.3333e+00 +3.3333e+00
66 0 +2.089351422e+01 -3.631648578e+01 -3.631648578e+01 +3.3333e+00 +0.0000e+00 +0.0000e+00 -3.3333e+00 +0.0000e+00
114 0 +1.793342673e+01 -3.927657327e+01 -3.927657327e+01 +3.7037e+00 +0.0000e+00 +0.0000e+00 -3.3333e+00 +0.0000e+00
141 0 +1.392986956e+01 -4.328013044e+01 -4.328013044e+01 +0.0000e+00 -3.3333e+00 +3.3333e+00 +0.0000e+00 -3.3333e+00
230 0 +9.560913646e+00 -4.764908635e+01 -4.764908635e+01 +0.0000e+00 -3.3333e+00 +3.3333e+00 -2.4691e-01 -3.3333e+00
278 0 +8.663752191e+00 -4.854624781e+01 -4.854624781e+01 +0.0000e+00 -3.3333e+00 +3.3333e+00 -2.0576e-01 -3.3333e+00
349 0 +7.282670382e+00 -4.992732962e+01 -4.992732962e+01 -1.3717e-02 -3.3333e+00 +3.3745e+00 -2.4691e-01 -3.3745e+00
404 0 +6.639763650e+00 -5.057023635e+01 -5.057023635e+01 -3.2099e+00 +0.0000e+00 +2.2222e+00 +3.3333e+00 -3.3333e+00
406 0 +3.201945593e+00 -5.400805441e+01 -5.400805441e+01 -3.3333e+00 +1.2346e-01 +2.2222e+00 +3.3333e+00 -3.3333e+00
510 0 +2.912487516e+00 -5.429751248e+01 -5.429751248e+01 -3.3196e+00 +1.2346e-01 +2.2222e+00 +3.3333e+00 -3.3333e+00
512 0 +2.579638000e+00 -5.463036200e+01 -5.463036200e+01 -3.3333e+00 +1.3717e-01 +2.2222e+00 +3.3333e+00 -3.3333e+00
650 0 +2.475119875e+00 -5.473488013e+01 -5.473488013e+01 -3.3333e+00 +1.4175e-01 +2.2085e+00 +3.3333e+00 -3.3471e+00
746 0 +2.305166025e+00 -5.490483397e+01 -5.490483397e+01 -3.3333e+00 +1.4175e-01 +2.2085e+00 +3.3288e+00 -3.3471e+00
% f evaluations | g evaluations | best noise-free fitness - Fopt (-8.673000000000e+01) + sum g_i+ | measured fitness | best measured fitness or single-digit g-values | x1 | x2...
1 0 +6.497944869e+01 -2.175055131e+01 -2.175055131e+01 +0.0000e+00 +0.0000e+00 +0.0000e+00 +0.0000e+00 +0.0000e+00
7 0 +5.335706635e+01 -3.337293365e+01 -3.337293365e+01 +0.0000e+00 +0.0000e+00 -3.3333e+00 +0.0000e+00 +0.0000e+00
16 0 +4.734103010e+01 -3.938896990e+01 -3.938896990e+01 +0.0000e+00 +0.0000e+00 -3.3333e+00 +3.3333e+00 +0.0000e+00
33 0 +2.733381320e+01 -5.939618680e+01 -5.939618680e+01 +0.0000e+00 -3.3333e+00 -3.3333e+00 +0.0000e+00 -3.3333e+00
43 0 +1.157749385e+01 -7.515250615e+01 -7.515250615e+01 +0.0000e+00 +0.0000e+00 -3.3333e+00 +3.3333e+00 +2.2222e+00
52 0 +9.718641928e+00 -7.701135807e+01 -7.701135807e+01 +0.0000e+00 +0.0000e+00 -3.3333e+00 +4.4444e+00 +2.2222e+00
103 0 +5.192300216e+00 -8.153769978e+01 -8.153769978e+01 -3.7037e-01 +0.0000e+00 -3.3333e+00 +3.3333e+00 +2.2222e+00
107 0 +2.296878301e+00 -8.443312170e+01 -8.443312170e+01 +0.0000e+00 +0.0000e+00 -3.7037e+00 +3.3333e+00 +2.2222e+00
140 0 +1.470309972e+00 -8.525969003e+01 -8.525969003e+01 +0.0000e+00 +0.0000e+00 -3.7037e+00 +3.3333e+00 +2.5926e+00
178 0 +1.209949966e+00 -8.552005003e+01 -8.552005003e+01 +0.0000e+00 +0.0000e+00 -3.5802e+00 +3.3333e+00 +2.5926e+00
183 0 +7.695279437e-01 -8.596047206e+01 -8.596047206e+01 +0.0000e+00 +0.0000e+00 -3.7037e+00 +3.3333e+00 +2.4691e+00
226 0 +6.827100171e-01 -8.604728998e+01 -8.604728998e+01 +0.0000e+00 +0.0000e+00 -3.6626e+00 +3.3333e+00 +2.4691e+00
258 0 +6.146236281e-01 -8.611537637e+01 -8.611537637e+01 +0.0000e+00 +0.0000e+00 -3.6626e+00 +3.3745e+00 +2.4691e+00
315 0 +5.396234791e-01 -8.619037652e+01 -8.619037652e+01 +0.0000e+00 -1.3717e-02 -3.6626e+00 +3.3745e+00 +2.4691e+00
319 0 +4.414328936e-01 -8.628856711e+01 -8.628856711e+01 +0.0000e+00 +0.0000e+00 -3.6626e+00 +3.3608e+00 +2.4691e+00
337 0 +3.708696887e-01 -8.635913031e+01 -8.635913031e+01 +0.0000e+00 -1.3717e-02 -3.6626e+00 +3.3608e+00 +2.4691e+00
401 0 +3.462639237e-01 -8.638373608e+01 -8.638373608e+01 +0.0000e+00 -1.3717e-02 -3.6626e+00 +3.3608e+00 +2.4646e+00
502 0 +3.399513738e-01 -8.639004863e+01 -8.639004863e+01 +0.0000e+00 -1.3717e-02 -3.6580e+00 +3.3653e+00 +2.4646e+00
% f evaluations | g evaluations | best noise-free fitness - Fopt (8.100000000000e+00) + sum g_i+ | measured fitness | best measured fitness or single-digit g-values | x1 | x2...
1 0 +1.270087702e+02 +1.351087702e+02 +1.351087702e+02 +0.0000e+00 +0.0000e+00 +0.0000e+00 +0.0000e+00 +0.0000e+00
2 0 +5.699823154e+01 +6.509823154e+01 +6.509823154e+01 +3.3333e+00 +0.0000e+00 +0.0000e+00 +0.0000e+00 +0.0000e+00
7 0 +4.165094068e+01 +4.975094068e+01 +4.975094068e+01 +0.0000e+00 +0.0000e+00 -3.3333e+00 +0.0000e+00 +0.0000e+00
27 0 +1.508602638e+00 +9.608602638e+00 +9.608602638e+00 -1.1111e+00 +0.0000e+00 -3.3333e+00 +0.0000e+00 +0.0000e+00
63 0 +9.329730361e-01 +9.032973036e+00 +9.032973036e+00 -1.1111e+00 +0.0000e+00 -3.3333e+00 -3.7037e-01 +0.0000e+00
133 0 +4.524741781e-01 +8.552474178e+00 +8.552474178e+00 -1.2346e+00 +0.0000e+00 -3.3333e+00 -3.7037e-01 -1.2346e-01
164 0 +4.001775058e-01 +8.500177506e+00 +8.500177506e+00 -1.2346e+00 +1.2346e-01 -3.3333e+00 -3.7037e-01 -1.2346e-01
186 0 +2.320192834e-01 +8.332019283e+00 +8.332019283e+00 -1.2346e+00 +1.2346e-01 -3.3333e+00 -2.4691e-01 -1.2346e-01
227 0 +1.405695865e-01 +8.240569586e+00 +8.240569586e+00 -1.2757e+00 +1.2346e-01 -3.3333e+00 -2.4691e-01 -1.2346e-01
229 0 +9.042864520e-02 +8.190428645e+00 +8.190428645e+00 -1.2346e+00 +8.2305e-02 -3.3333e+00 -2.4691e-01 -1.2346e-01
288 0 +8.106962558e-02 +8.181069626e+00 +8.181069626e+00 -1.2209e+00 +8.2305e-02 -3.3333e+00 -2.4691e-01 -1.2346e-01
388 0 +8.106962558e-02 +8.181069626e+00 +8.181069626e+00 -1.2209e+00 +8.2305e-02 -3.3333e+00 -2.4691e-01 -1.2346e-01
% f evaluations | g evaluations | best noise-free fitness - Fopt (-6.106000000000e+01) + sum g_i+ | measured fitness | best measured fitness or single-digit g-values | x1 | x2...
1 0 +6.258897359e+01 +1.528973590e+00 +1.528973590e+00 +0.0000e+00 +0.0000e+00 +0.0000e+00 +0.0000e+00 +0.0000e+00
2 0 +4.366967178e+01 -1.739032822e+01 -1.739032822e+01 +3.3333e+00 +0.0000e+00 +0.0000e+00 +0.0000e+00 +0.0000e+00
11 0 +3.841922276e+01 -2.264077724e+01 -2.264077724e+01 +0.0000e+00 +0.0000e+00 +0.0000e+00 +0.0000e+00 -3.3333e+00
30 0 +3.094174143e+01 -3.011825857e+01 -3.011825857e+01 +1.1111e+00 -3.3333e+00 +0.0000e+00 +0.0000e+00 -3.3333e+00
56 0 +2.615551634e+01 -3.490448366e+01 -3.490448366e+01 +3.3333e+00 +0.0000e+00 +3.3333e+00 +3.3333e+00 +0.0000e+00
64 0 +2.263949220e+01 -3.842050780e+01 -3.842050780e+01 +1.4815e+00 -3.3333e+00 +0.0000e+00 +0.0000e+00 -3.3333e+00
65 0 +1.725026094e+01 -4.380973906e+01 -4.380973906e+01 +7.4074e-01 -3.3333e+00 +0.0000e+00 +0.0000e+00 -3.3333e+00
66 0 +1.165216500e+01 -4.940783500e+01 -4.940783500e+01 +1.1111e+00 -2.9630e+00 +0.0000e+00 +0.0000e+00 -3.3333e+00
71 0 +1.083826570e+01 -5.022173430e+01 -5.022173430e+01 +1.1111e+00 -3.3333e+00 +0.0000e+00 -3.7037e-01 -3.3333e+00
82 0 +4.776109180e+00 -5.628389082e+01 -5.628389082e+01 +1.1111e+00 -3.3333e+00 +0.0000e+00 -3.7037e-01 -2.9630e+00
100 0 +3.606614405e+00 -5.745338559e+01 -5.745338559e+01 +1.1111e+00 -2.9630e+00 +0.0000e+00 -3.7037e-01 -2.9630e+00
130 0 +2.149983517e+00 -5.891001648e+01 -5.891001648e+01 +1.2346e+00 -2.9630e+00 +0.0000e+00 -3.7037e-01 -2.9630e+00
151 0 +1.629426131e+00 -5.943057387e+01 -5.943057387e+01 +1.2346e+00 -3.0864e+00 +0.0000e+00 -3.7037e-01 -2.9630e+00
184 0 +1.582880397e+00 -5.947711960e+01 -5.947711960e+01 +1.1111e+00 -2.9630e+00 +0.0000e+00 -2.4691e-01 -3.0864e+00
186 0 +1.200542537e+00 -5.985945746e+01 -5.985945746e+01 +1.2757e+00 -3.0864e+00 +0.0000e+00 -3.7037e-01 -2.9630e+00
192 0 +7.406690020e-01 -6.031933100e+01 -6.031933100e+01 +1.2346e+00 -3.0864e+00 +0.0000e+00 -3.2922e-01 -2.9630e+00
244 0 +6.171759462e-01 -6.044282405e+01 -6.044282405e+01 +1.2483e+00 -3.0864e+00 +0.0000e+00 -3.2922e-01 -2.9630e+00
311 0 +5.171708590e-01 -6.054282914e+01 -6.054282914e+01 +1.2437e+00 -3.0864e+00 +0.0000e+00 -3.2922e-01 -2.9630e+00
348 0 +5.171708590e-01 -6.054282914e+01 -6.054282914e+01 +1.2437e+00 -3.0864e+00 +0.0000e+00 -3.2922e-01 -2.9630e+00
% f evaluations | g evaluations | best noise-free fitness - Fopt (-8.733600000000e+02) + sum g_i+ | measured fitness | best measured fitness or single-digit g-values | x1 | x2...
1 0 +7.539784979e+01 -7.979621502e+02 -7.979621502e+02 +0.0000e+00 +0.0000e+00 +0.0000e+00 +0.0000e+00 +0.0000e+00
2 0 +5.660041477e+01 -8.167595852e+02 -8.167595852e+02 +3.3333e+00 +0.0000e+00 +0.0000e+00 +0.0000e+00 +0.0000e+00
3 0 +5.254507992e+01 -8.208149201e+02 -8.208149201e+02 -3.3333e+00 +0.0000e+00 +0.0000e+00 +0.0000e+00 +0.0000e+00
4 0 +3.224232015e+01 -8.411176799e+02 -8.411176799e+02 +0.0000e+00 +3.3333e+00 +0.0000e+00 +0.0000e+00 +0.0000e+00
18 0 +2.945880870e+01 -8.439011913e+02 -8.439011913e+02 +0.0000e+00 +3.3333e+00 +0.0000e+00 +0.0000e+00 +3.3333e+00
23 0 +1.876971679e+01 -8.545902832e+02 -8.545902832e+02 +0.0000e+00 +3.3333e+00 -3.3333e+00 +0.0000e+00 +3.3333e+00
57 0 +1.563226241e+01 -8.577277376e+02 -8.577277376e+02 +0.0000e+00 +3.3333e+00 +0.0000e+00 -3.3333e+00 +2.2222e+00
84 0 +8.743827091e+00 -8.646161729e+02 -8.646161729e+02 +0.0000e+00 +3.7037e+00 +0.0000e+00 -3.3333e+00 +2.2222e+00
89 0 +7.206500174e+00 -8.661534998e+02 -8.661534998e+02 +0.0000e+00 +3.3333e+00 +0.0000e+00 -3.7037e+00 +2.2222e+00
110 0 +6.039271618e+00 -8.673207284e+02 -8.673207284e+02 +0.0000e+00 +3.3333e+00 +0.0000e+00 -3.7037e+00 +2.5926e+00
124 0 +5.313221211e+00 -8.680467788e+02 -8.680467788e+02 +0.0000e+00 +3.7037e+00 +0.0000e+00 -3.7037e+00 +2.5926e+00
151 0 +3.037566235e+00 -8.703224338e+02 -8.703224338e+02 +3.7037e-01 +3.7037e+00 -3.7037e-01 -3.7037e+00 +2.5926e+00
172 0 +2.786692867e+00 -8.705733071e+02 -8.705733071e+02 +3.7037e-01 +3.7037e+00 -2.4691e-01 -3.7037e+00 +2.5926e+00
175 0 +2.221890304e+00 -8.711381097e+02 -8.711381097e+02 +3.7037e-01 +3.7037e+00 -3.7037e-01 -3.8272e+00 +2.5926e+00
196 0 +9.853461199e-01 -8.723746539e+02 -8.723746539e+02 +3.7037e-01 +3.7037e+00 -2.4691e-01 -3.8272e+00 +2.5926e+00
235 0 +8.766037433e-01 -8.724833963e+02 -8.724833963e+02 +3.7037e-01 +3.7037e+00 -2.8807e-01 -3.8272e+00 +2.5926e+00
237 0 +4.257439494e-01 -8.729342561e+02 -8.729342561e+02 +3.7037e-01 +3.7037e+00 -2.4691e-01 -3.8683e+00 +2.5926e+00
239 0 +3.543494838e-01 -8.730056505e+02 -8.730056505e+02 +3.7037e-01 +3.7037e+00 -2.4691e-01 -3.8272e+00 +2.5514e+00
345 0 +3.111211166e-01 -8.730488789e+02 -8.730488789e+02 +3.7037e-01 +3.7037e+00 -2.4691e-01 -3.8409e+00 +2.5514e+00
475 0 +2.700593366e-01 -8.730899407e+02 -8.730899407e+02 +3.5665e-01 +3.7037e+00 -2.3320e-01 -3.8409e+00 +2.5514e+00
1014 0 +2.214420600e-01 -8.731385579e+02 -8.731385579e+02 -3.7037e-01 -3.3745e+00 -3.3333e+00 +3.7449e+00 -3.4568e+00
1150 0 +6.580620381e-02 -8.732941938e+02 -8.732941938e+02 -2.8807e-01 -3.3333e+00 -3.4156e+00 +3.8272e+00 -3.4568e+00
1272 0 +4.429517234e-02 -8.733157048e+02 -8.733157048e+02 -2.8807e-01 -3.3333e+00 -3.4019e+00 +3.8272e+00 -3.4568e+00
2853 0 +1.868426635e-02 -8.733413157e+02 -8.733413157e+02 +2.4691e-01 +3.7037e+00 +8.2305e-02 -3.6351e+00 +2.1399e+00
2898 0 +1.663266611e-02 -8.733433673e+02 -8.733433673e+02 +2.4691e-01 +3.7037e+00 +9.6022e-02 -3.6351e+00 +2.1399e+00
2967 0 +1.511051141e-02 -8.733448895e+02 -8.733448895e+02 +2.4691e-01 +3.7174e+00 +6.8587e-02 -3.6351e+00 +2.1262e+00
3783 0 +9.248203943e-03 -8.733507518e+02 -8.733507518e+02 +3.2510e+00 -3.4705e+00 -3.2373e+00 -4.6914e+00 +3.8409e-01
4219 0 +5.303857653e-03 -8.733546961e+02 -8.733546961e+02 +3.2510e+00 -3.4705e+00 -3.2373e+00 -4.7051e+00 +4.1152e-01
14062 0 +2.445613449e-03 -8.733575544e+02 -8.733575544e+02 +1.3855e+00 +3.3745e+00 -1.0151e+00 -6.1728e-01 -2.6063e-01
16674 0 +2.445613449e-03 -8.733575544e+02 -8.733575544e+02 +1.3855e+00 +3.3745e+00 -1.0151e+00 -6.1728e-01 -2.6063e-01
% f evaluations | g evaluations | best noise-free fitness - Fopt (9.174000000000e+01) + sum g_i+ | measured fitness | best measured fitness or single-digit g-values | x1 | x2...
1 0 +7.425365655e+01 +1.659936566e+02 +1.659936566e+02 +0.0000e+00 +0.0000e+00 +0.0000e+00 +0.0000e+00 +0.0000e+00
6 0 +5.943899708e+01 +1.511789971e+02 +1.511789971e+02 +0.0000e+00 +0.0000e+00 +3.3333e+00 +0.0000e+00 +0.0000e+00
8 0 +5.171002430e+01 +1.434500243e+02 +1.434500243e+02 +0.0000e+00 +0.0000e+00 +0.0000e+00 +3.3333e+00 +0.0000e+00
11 0 +4.782027211e+01 +1.395602721e+02 +1.395602721e+02 +0.0000e+00 +0.0000e+00 +0.0000e+00 +0.0000e+00 -3.3333e+00
23 0 +1.940356229e+01 +1.111435623e+02 +1.111435623e+02 +0.0000e+00 -3.3333e+00 +0.0000e+00 +3.3333e+00 +0.0000e+00
66 0 +1.686004784e+01 +1.086000478e+02 +1.086000478e+02 +3.7037e-01 -3.3333e+00 +0.0000e+00 +3.3333e+00 +0.0000e+00
111 0 +1.249934224e+01 +1.042393422e+02 +1.042393422e+02 +3.7037e-01 -3.3333e+00 -1.2346e-01 +3.3333e+00 +0.0000e+00
139 0 +1.074482287e+01 +1.024848229e+02 +1.024848229e+02 +4.9383e-01 -3.3333e+00 -1.2346e-01 +3.2099e+00 +0.0000e+00
208 0 +9.439892229e+00 +1.011798922e+02 +1.011798922e+02 +4.1152e-01 -3.3333e+00 -1.2346e-01 +3.3333e+00 +1.3717e-02
226 0 +8.573208502e+00 +1.003132085e+02 +1.003132085e+02 +0.0000e+00 +3.3333e+00 +3.3333e+00 -2.9630e+00 +1.1111e+00
229 0 +5.137943521e+00 +9.687794352e+01 +9.687794352e+01 +0.0000e+00 +3.3333e+00 +3.3333e+00 -3.3333e+00 +7.4074e-01
278 0 +2.157557270e+00 +9.389755727e+01 +9.389755727e+01 +1.2346e-01 +3.3333e+00 +3.3333e+00 -3.3333e+00 +7.4074e-01
363 0 +8.508494424e-01 +9.259084944e+01 +9.259084944e+01 -3.7037e-01 +3.3333e+00 +3.7037e+00 -3.0864e+00 +9.8765e-01
486 0 +6.970833794e-01 +9.243708338e+01 +9.243708338e+01 -3.7037e-01 +3.3333e+00 +3.7037e+00 -3.0453e+00 +1.0014e+00
564 0 +6.970833794e-01 +9.243708338e+01 +9.243708338e+01 -3.7037e-01 +3.3333e+00 +3.7037e+00 -3.0453e+00 +1.0014e+00
% f evaluations | g evaluations | best noise-free fitness - Fopt (-8.210000000000e+00) + sum g_i+ | measured fitness | best measured fitness or single-digit g-values | x1 | x2...
1 0 +7.472446246e+01 +6.651446246e+01 +6.651446246e+01 +0.0000e+00 +0.0000e+00 +0.0000e+00 +0.0000e+00 +0.0000e+00
2 0 +6.846229347e+01 +6.025229347e+01 +6.025229347e+01 +3.3333e+00 +0.0000e+00 +0.0000e+00 +0.0000e+00 +0.0000e+00
9 0 +5.438110892e+01 +4.617110892e+01 +4.617110892e+01 +0.0000e+00 +0.0000e+00 +0.0000e+00 -3.3333e+00 +0.0000e+00
11 0 +2.241658953e+01 +1.420658953e+01 +1.420658953e+01 +0.0000e+00 +0.0000e+00 +0.0000e+00 +0.0000e+00 -3.3333e+00
29 0 +1.810812240e+01 +9.898122396e+00 +9.898122396e+00 +0.0000e+00 -1.1111e+00 +0.0000e+00 +0.0000e+00 -3.3333e+00
75 0 +1.622023912e+01 +8.010239121e+00 +8.010239121e+00 -3.7037e-01 +0.0000e+00 +0.0000e+00 +1.1111e+00 -3.3333e+00
93 0 +1.069155465e+01 +2.481554647e+00 +2.481554647e+00 +0.0000e+00 -1.1111e+00 +0.0000e+00 +0.0000e+00 -3.4568e+00
126 0 +6.255472848e+00 -1.954527152e+00 -1.954527152e+00 -1.1111e+00 +0.0000e+00 +0.0000e+00 +0.0000e+00 -2.2222e+00
158 0 +4.988565344e+00 -3.221434656e+00 -3.221434656e+00 -1.1111e+00 +0.0000e+00 +3.7037e-01 +0.0000e+00 -2.2222e+00
163 0 +2.079143802e+00 -6.130856198e+00 -6.130856198e+00 -1.1111e+00 +0.0000e+00 +0.0000e+00 +0.0000e+00 -2.5926e+00
174 0 +1.343664820e+00 -6.866335180e+00 -6.866335180e+00 -1.1111e+00 +0.0000e+00 +0.0000e+00 +3.7037e-01 -2.5926e+00
204 0 +3.145513567e-01 -7.895448643e+00 -7.895448643e+00 -9.8765e-01 +0.0000e+00 +0.0000e+00 +3.7037e-01 -2.5926e+00
235 0 +1.307028850e-01 -8.079297115e+00 -8.079297115e+00 -9.8765e-01 +0.0000e+00 +0.0000e+00 +2.4691e-01 -2.5926e+00
274 0 +9.598267835e-02 -8.114017322e+00 -8.114017322e+00 -9.4650e-01 +0.0000e+00 +0.0000e+00 +2.4691e-01 -2.5926e+00
302 0 +7.121955369e-02 -8.138780446e+00 -8.138780446e+00 -9.4650e-01 +4.1152e-02 +0.0000e+00 +2.4691e-01 -2.5926e+00
306 0 +4.093174727e-02 -8.169068253e+00 -8.169068253e+00 -9.4650e-01 +0.0000e+00 +0.0000e+00 +2.8807e-01 -2.5926e+00
354 0 +8.959981832e-03 -8.201040018e+00 -8.201040018e+00 -9.4650e-01 +1.3717e-02 +0.0000e+00 +2.8807e-01 -2.5926e+00
416 0 +8.195971615e-03 -8.201804028e+00 -8.201804028e+00 -9.4193e-01 +1.3717e-02 +0.0000e+00 +2.8807e-01 -2.5926e+00
418 0 +6.363288420e-03 -8.203636712e+00 -8.203636712e+00 -9.4650e-01 +1.8290e-02 +0.0000e+00 +2.8807e-01 -2.5926e+00
450 0 +5.182271643e-03 -8.204817728e+00 -8.204817728e+00 -9.4193e-01 +1.8290e-02 +0.0000e+00 +2.8807e-01 -2.5926e+00
484 0 +5.182271643e-03 -8.204817728e+00 -8.204817728e+00 -9.4193e-01 +1.8290e-02 +0.0000e+00 +2.8807e-01 -2.5926e+00
% f evaluations | g evaluations | best noise-free fitness - Fopt (1.834000000000e+01) + sum g_i+ | measured fitness | best measured fitness or single-digit g-values | x1 | x2...
1 0 +1.131648852e+02 +1.315048852e+02 +1.315048852e+02 +0.0000e+00 +0.0000e+00 +0.0000e+00 +0.0000e+00 +0.0000e+00
3 0 +8.134695858e+01 +9.968695858e+01 +9.968695858e+01 -3.3333e+00 +0.0000e+00 +0.0000e+00 +0.0000e+00 +0.0000e+00
4 0 +7.310628043e+01 +9.144628043e+01 +9.144628043e+01 +0.0000e+00 +3.3333e+00 +0.0000e+00 +0.0000e+00 +0.0000e+00
5 0 +2.568208598e+01 +4.402208598e+01 +4.402208598e+01 +0.0000e+00 -3.3333e+00 +0.0000e+00 +0.0000e+00 +0.0000e+00
20 0 +2.399324293e+01 +4.233324293e+01 +4.233324293e+01 +3.3333e+00 +0.0000e+00 +0.0000e+00 +3.3333e+00 +0.0000e+00
35 0 +2.163711855e+01 +3.997711855e+01 +3.997711855e+01 +0.0000e+00 -3.3333e+00 +0.0000e+00 +0.0000e+00 -1.1111e+00
44 0 +1.558086445e+01 +3.392086445e+01 +3.392086445e+01 +0.0000e+00 -3.3333e+00 +1.1111e+00 +0.0000e+00 -1.1111e+00
73 0 +1.311705859e+01 +3.145705859e+01 +3.145705859e+01 -3.7037e-01 -3.3333e+00 +1.1111e+00 +0.0000e+00 -1.1111e+00
75 0 +1.056979779e+01 +2.890979779e+01 +2.890979779e+01 +0.0000e+00 -3.7037e+00 +1.1111e+00 +0.0000e+00 -1.1111e+00
109 0 +9.230596895e+00 +2.757059690e+01 +2.757059690e+01 +0.0000e+00 -3.7037e+00 +7.4074e-01 -3.7037e-01 -1.1111e+00
110 0 +3.756807697e+00 +2.209680770e+01 +2.209680770e+01 +0.0000e+00 -3.7037e+00 +7.4074e-01 +0.0000e+00 -7.4074e-01
155 0 +2.017937187e+00 +2.035793719e+01 +2.035793719e+01 -1.2346e-01 -3.7037e+00 +7.4074e-01 +0.0000e+00 -7.4074e-01
174 0 +1.013422663e+00 +1.935342266e+01 +1.935342266e+01 -1.2346e-01 -3.7037e+00 +8.6420e-01 +0.0000e+00 -7.4074e-01
219 0 +8.735580362e-01 +1.921355804e+01 +1.921355804e+01 -1.6461e-01 -3.7037e+00 +8.6420e-01 +0.0000e+00 -7.4074e-01
227 0 +4.005694541e-01 +1.874056945e+01 +1.874056945e+01 -1.2346e-01 -3.7037e+00 +8.6420e-01 +0.0000e+00 -7.8189e-01
283 0 +2.795689247e-01 +1.861956892e+01 +1.861956892e+01 -1.2346e-01 -3.7037e+00 +8.5048e-01 +0.0000e+00 -7.8189e-01
406 0 +2.691224384e-01 +1.860912244e+01 +1.860912244e+01 -1.0974e-01 -3.7037e+00 +8.5048e-01 +0.0000e+00 -7.9561e-01
% f evaluations | g evaluations | best noise-free fitness - Fopt (-4.559000000000e+01) + sum g_i+ | measured fitness | best measured fitness or single-digit g-values | x1 | x2...
1 0 +7.769228540e+01 +3.210228540e+01 +3.210228540e+01 +0.0000e+00 +0.0000e+00 +0.0000e+00 +0.0000e+00 +0.0000e+00
3 0 +5.625035124e+01 +1.066035124e+01 +1.066035124e+01 -3.3333e+00 +0.0000e+00 +0.0000e+00 +0.0000e+00 +0.0000e+00
4 0 +4.836133130e+01 +2.771331298e+00 +2.771331298e+00 +0.0000e+00 +3.3333e+00 +0.0000e+00 +0.0000e+00 +0.0000e+00
5 0 +3.941599085e+01 -6.174009152e+00 -6.174009152e+00 +0.0000e+00 -3.3333e+00 +0.0000e+00 +0.0000e+00 +0.0000e+00
26 0 +3.532369767e+01 -1.026630233e+01 -1.026630233e+01 +0.0000e+00 +3.3333e+00 +0.0000e+00 +0.0000e+00 +3.3333e+00
42 0 +3.126166197e+01 -1.432833803e+01 -1.432833803e+01 +0.0000e+00 +3.3333e+00 +0.0000e+00 +3.3333e+00 +3.3333e+00
79 0 +1.184694085e+01 -3.374305915e+01 -3.374305915e+01 +0.0000e+00 +3.3333e+00 +0.0000e+00 +3.3333e+00 +2.2222e+00
110 0 +1.049649888e+01 -3.509350112e+01 -3.509350112e+01 +3.7037e-01 +3.3333e+00 +0.0000e+00 +3.3333e+00 +2.2222e+00
114 0 +2.515076980e+00 -4.307492302e+01 -4.307492302e+01 +0.0000e+00 +3.3333e+00 +3.7037e-01 +3.3333e+00 +2.2222e+00
146 0 +2.462527281e+00 -4.312747272e+01 -4.312747272e+01 +1.2346e-01 +3.3333e+00 +3.7037e-01 +3.3333e+00 +2.2222e+00
147 0 +8.859338290e-01 -4.470406617e+01 -4.470406617e+01 -1.2346e-01 +3.3333e+00 +3.7037e-01 +3.3333e+00 +2.2222e+00
173 0 +5.963068676e-01 -4.499369313e+01 -4.499369313e+01 -1.2346e-01 +3.3333e+00 +3.7037e-01 +3.2099e+00 +2.2222e+00
222 0 +4.448144728e-01 -4.514518553e+01 -4.514518553e+01 -1.2346e-01 +3.3333e+00 +3.7037e-01 +3.2099e+00 +2.2634e+00
241 0 +3.045376679e-01 -4.528546233e+01 -4.528546233e+01 -1.6461e-01 +3.3333e+00 +3.7037e-01 +3.2099e+00 +2.2634e+00
266 0 +2.748918747e-01 -4.531510813e+01 -4.531510813e+01 -1.6461e-01 +3.3333e+00 +3.7037e-01 +3.2510e+00 +2.2634e+00
315 0 +1.299016058e-01 -4.546009839e+01 -4.546009839e+01 -1.6461e-01 +3.3333e+00 +3.7037e-01 +3.2373e+00 +2.2634e+00
382 0 +1.299016058e-01 -4.546009839e+01 -4.546009839e+01 -1.6461e-01 +3.3333e+00 +3.7037e-01 +3.2373e+00 +2.2634e+00
% f evaluations | g evaluations | best noise-free fitness - Fopt (-6.230000000000e+00) + sum g_i+ | measured fitness | best measured fitness or single-digit g-values | x1 | x2...
1 0 +1.043372972e+02 +9.810729725e+01 +9.810729725e+01 +0.0000e+00 +0.0000e+00 +0.0000e+00 +0.0000e+00 +0.0000e+00
2 0 +2.100466167e+01 +1.477466167e+01 +1.477466167e+01 +3.3333e+00 +0.0000e+00 +0.0000e+00 +0.0000e+00 +0.0000e+00
5 0 +1.325789658e+01 +7.027896579e+00 +7.027896579e+00 +0.0000e+00 -3.3333e+00 +0.0000e+00 +0.0000e+00 +0.0000e+00
44 0 +8.728751859e+00 +2.498751859e+00 +2.498751859e+00 +0.0000e+00 -3.3333e+00 +1.1111e+00 +1.1111e+00 +0.0000e+00
78 0 +3.200062014e+00 -3.029937986e+00 -3.029937986e+00 +0.0000e+00 -2.9630e+00 +1.1111e+00 +1.1111e+00 +0.0000e+00
125 0 +2.706225817e+00 -3.523774183e+00 -3.523774183e+00 -1.2346e-01 -2.9630e+00 +1.1111e+00 +1.1111e+00 +0.0000e+00
169 0 +1.914585426e+00 -4.315414574e+00 -4.315414574e+00 -1.2346e-01 -2.8395e+00 +9.8765e-01 +1.1111e+00 +0.0000e+00
230 0 +1.747514632e+00 -4.482485368e+00 -4.482485368e+00 -8.2305e-02 -2.8395e+00 +9.8765e-01 +1.1111e+00 +0.0000e+00
231 0 +1.171583540e+00 -5.058416460e+00 -5.058416460e+00 -1.6461e-01 -2.8395e+00 +9.8765e-01 +1.1111e+00 +0.0000e+00
237 0 +7.455864848e-01 -5.484413515e+00 -5.484413515e+00 -1.2346e-01 -2.8395e+00 +9.8765e-01 +1.0700e+00 +0.0000e+00
263 0 +6.628325332e-01 -5.567167467e+00 -5.567167467e+00 -1.6461e-01 -2.8395e+00 +9.8765e-01 +1.0700e+00 +0.0000e+00
287 0 +4.563174629e-01 -5.773682537e+00 -5.773682537e+00 -1.6461e-01 -2.8395e+00 +9.4650e-01 +1.0700e+00 +0.0000e+00
308 0 +4.387990928e-01 -5.791200907e+00 -5.791200907e+00 -1.6461e-01 -2.7984e+00 +9.4650e-01 +1.0700e+00 +0.0000e+00
355 0 +3.793538797e-01 -5.850646120e+00 -5.850646120e+00 -1.6461e-01 -2.8121e+00 +9.4650e-01 +1.0700e+00 +0.0000e+00
416 0 +3.367958196e-01 -5.893204180e+00 -5.893204180e+00 -1.6004e-01 -2.8121e+00 +9.4650e-01 +1.0700e+00 +0.0000e+00
458 0 +3.215667929e-01 -5.908433207e+00 -5.908433207e+00 -1.6461e-01 -2.8166e+00 +9.4650e-01 +1.0700e+00 +0.0000e+00
% f evaluations | g evaluations | best noise-free fitness - Fopt (1.349800000000e+02) + sum g_i+ | measured fitness | best measured fitness or single-digit g-values | x1 | x2...
1 0 +1.372714814e+02 +2.722514814e+02 +2.722514814e+02 +0.0000e+00 +0.0000e+00 +0.0000e+00 +0.0000e+00 +0.0000e+00
3 0 +1.342768020e+02 +2.692568020e+02 +2.692568020e+02 -3.3333e+00 +0.0000e+00 +0.0000e+00 +0.0000e+00 +0.0000e+00
4 0 +7.464313067e+01 +2.096231307e+02 +2.096231307e+02 +0.0000e+00 +3.3333e+00 +0.0000e+00 +0.0000e+00 +0.0000e+00
5 0 +4.713557200e+01 +1.821155720e+02 +1.821155720e+02 +0.0000e+00 -3.3333e+00 +0.0000e+00 +0.0000e+00 +0.0000e+00
8 0 +2.606512774e+01 +1.610451277e+02 +1.610451277e+02 +0.0000e+00 +0.0000e+00 +0.0000e+00 +3.3333e+00 +0.0000e+00
42 0 +8.724740272e+00 +1.437047403e+02 +1.437047403e+02 -2.2222e+00 +0.0000e+00 +0.0000e+00 +3.3333e+00 +0.0000e+00
109 0 +3.666115787e+00 +1.386461158e+02 +1.386461158e+02 -2.2222e+00 -1.2346e-01 +0.0000e+00 +3.3333e+00 +0.0000e+00
221 0 +2.170192593e+00 +1.371501926e+02 +1.371501926e+02 -3.7037e+00 -3.7037e-01 +0.0000e+00 +3.3333e+00 +1.1111e+00
291 0 +1.819256515e+00 +1.367992565e+02 +1.367992565e+02 -3.7037e+00 -4.9383e-01 +1.2346e-01 +3.3333e+00 +1.1111e+00
294 0 +1.370157356e+00 +1.363501574e+02 +1.363501574e+02 -3.7037e+00 -3.7037e-01 +1.2346e-01 +3.3333e+00 +1.2346e+00
346 0 +9.751674707e-01 +1.359551675e+02 +1.359551675e+02 -3.6626e+00 -3.7037e-01 +1.2346e-01 +3.3333e+00 +1.2346e+00
347 0 +6.055180543e-01 +1.355855181e+02 +1.355855181e+02 -3.7449e+00 -3.7037e-01 +1.2346e-01 +3.3333e+00 +1.2346e+00
404 0 +4.493889013e-01 +1.354293889e+02 +1.354293889e+02 -3.7449e+00 -3.5665e-01 +1.2346e-01 +3.3333e+00 +1.2346e+00
530 0 +4.479104853e-01 +1.354279105e+02 +1.354279105e+02 -3.7449e+00 -3.5208e-01 +1.2346e-01 +3.3333e+00 +1.2346e+00
