% f evaluations | g evaluations | best noise-free fitness - Fopt (-1.694000000000e+01) + sum g_i+ | measured fitness | best measured fitness or single-digit g-values | x1 | x2...
1 0 +8.853139150e+00 -8.086860850e+00 -8.086860850e+00 +8.3611e-01 -9.9572e-01 -1.7458e+00 -3.5247e+00 -2.3253e+00
41 0 +2.683863506e+00 -1.425613649e+01 -1.425613649e+01 +1.4418e+00 -2.9515e-01 -2.1334e+00 +4.0942e+00 +3.2654e-01
100 0 +2.683863506e+00 -1.425613649e+01 -1.425613649e+01 +1.4418e+00 -2.9515e-01 -2.1334e+00 +4.0942e+00 +3.2654e-01
% f evaluations | g evaluations | best noise-free fitness - Fopt (1.881000000000e+01) + sum g_i+ | measured fitness | best measured fitness or single-digit g-values | x1 | x2...
1 0 +2.727173319e+01 +4.608173319e+01 +4.608173319e+01 +1.4836e+00 +2.5208e+00 +4.8789e+00 -4.6131e+00 +3.4026e+00
5 0 +1.778757089e+01 +3.659757089e+01 +3.659757089e+01 -3.4049e+00 +3.9192e-01 -4.8980e+00 -5.9397e-01 +4.9418e+00
6 0 +1.072376217e+01 +2.953376217e+01 +2.953376217e+01 -1.9492e+00 +4.1855e+00 -2.6125e-01 +2.7121e+00 +1.2285e+00
19 0 +9.131692501e+00 +2.794169250e+01 +2.794169250e+01 +1.0542e+00 +2.1235e+00 -1.8094e+00 +2.4680e+00 +2.1849e+00
39 0 +8.064216513e+00 +2.687421651e+01 +2.687421651e+01 +4.3527e-02 +4.8167e+00 -4.7869e-03 +1.8026e+00 +3.5955e+00
53 0 +5.733158601e+00 +2.454315860e+01 +2.454315860e+01 +6.1376e-01 +4.3240e+00 +1.2664e-01 +1.4114e+00 +1.3287e+00
86 0 +5.286074355e+00 +2.409607436e+01 +2.409607436e+01 +1.3630e+00 +1.8211e+00 +5.6557e-01 +2.1950e+00 +6.8151e-01
413 0 +3.217787576e+00 +2.202778758e+01 +2.202778758e+01 -7.9926e-01 +4.3583e+00 -1.1963e+00 +2.5903e+00 -1.3265e+00
699 0 +2.789251326e+00 +2.159925133e+01 +2.159925133e+01 +8.2023e-01 +1.3329e+00 -4.5690e-01 -1.3538e+00 +2.9394e+00
1820 0 +1.987456287e+00 +2.079745629e+01 +2.079745629e+01 -6.4093e-02 +1.0609e+00 -4.9777e-01 +3.9279e-01 +8.8814e-01
3675 0 +1.707480301e+00 +2.051748030e+01 +2.051748030e+01 -1.0987e+00 +1.2241e+00 -9.5042e-01 +6.2121e-01 +2.5261e+00
4097 0 +1.554743473e+00 +2.036474347e+01 +2.036474347e+01 -7.0621e-01 +1.8844e+00 -1.3204e+00 +9.8978e-01 +9.5551e-01
4161 0 +9.217946603e-01 +1.973179466e+01 +1.973179466e+01 -7.9128e-01 +4.3062e-01 -1.1836e+00 +4.0992e-01 +7.5085e-01
4697 0 +8.279624997e-01 +1.963796250e+01 +1.963796250e+01 -1.5507e-01 +2.0557e+00 -5.4742e-01 +6.9319e-03 +1.5659e+00
7178 0 +3.708253627e-01 +1.918082536e+01 +1.918082536e+01 -2.8288e-01 +1.8105e+00 -9.6684e-01 +1.7429e-01 +1.6882e+00
11056 0 +3.371125466e-01 +1.914711255e+01 +1.914711255e+01 -2.9839e-01 +2.1210e+00 -1.0109e+00 +2.9112e-01 +1.4715e+00
11673 0 +3.136681104e-01 +1.912366811e+01 +1.912366811e+01 -2.7033e-01 +1.9331e+00 -8.3087e-01 +3.8581e-02 +1.6446e+00
14842 0 +2.375305235e-01 +1.904753052e+01 +1.904753052e+01 -2.3553e-01 +2.0325e+00 -9.9874e-01 +1.3167e-02 +1.5293e+00
15407 0 +2.199634490e-01 +1.902996345e+01 +1.902996345e+01 -2.3022e-01 +1.8779e+00 -8.3994e-01 +3.0775e-02 +1.6530e+00
16214 0 +1.977163028e-01 +1.900771630e+01 +1.900771630e+01 -2.3914e-01 +1.9015e+00 -9.2611e-01 +6.2485e-02 +1.5231e+00
21117 0 +1.744822994e-01 +1.898448230e+01 +1.898448230e+01 -2.2697e-01 +1.8759e+00 -8.4462e-01 +1.5719e-01 +1.5381e+00
21599 0 +1.426276521e-01 +1.895262765e+01 +1.895262765e+01 -2.4823e-01 +1.9095e+00 -8.6466e-01 +1.0668e-01 +1.4810e+00
21847 0 +1.290459104e-01 +1.893904591e+01 +1.893904591e+01 -2.6601e-01 +1.9393e+00 -9.2749e-01 +6.4256e-02 +1.5139e+00
21874 0 +8.467362935e-02 +1.889467363e+01 +1.889467363e+01 -2.2454e-01 +1.8889e+00 -8.6793e-01 +3.1404e-02 +1.5606e+00
22194 0 +7.267538896e-02 +1.888267539e+01 +1.888267539e+01 -2.4397e-01 +1.9087e+00 -8.4910e-01 +1.1193e-01 +1.5153e+00
36250 0 +7.267538896e-02 +1.888267539e+01 +1.888267539e+01 -2.4397e-01 +1.9087e+00 -8.4910e-01 +1.1193e-01 +1.5153e+00
% f evaluations | g evaluations | best noise-free fitness - Fopt (2.731500000000e+02) + sum g_i+ | measured fitness | best measured fitness or single-digit g-values | x1 | x2...
1 0 +1.699236705e+01 +2.901423671e+02 +2.901423671e+02 -1.0668e-01 +4.7773e+00 +1.5057e+00 +1.8577e+00 -1.6612e+00
11 0 +1.263255434e+01 +2.857825543e+02 +2.857825543e+02 -3.0428e+00 +3.9510e+00 -1.7319e+00 +2.0550e+00 -8.2126e-01
15 0 +7.450754941e+00 +2.806007549e+02 +2.806007549e+02 +1.6297e+00 +4.4237e+00 +5.7539e-01 +3.2996e+00 +4.2329e+00
54 0 +7.069832597e+00 +2.802198326e+02 +2.802198326e+02 +2.5789e+00 +2.0665e+00 +9.9344e-01 +2.2620e+00 +2.4560e+00
417 0 +5.159213669e+00 +2.783092137e+02 +2.783092137e+02 -1.1669e+00 +1.8012e+00 -2.6299e-01 +2.3575e+00 -3.4236e-01
664 0 +4.355348081e+00 +2.775053481e+02 +2.775053481e+02 -3.1532e+00 +4.1907e+00 -8.4663e-01 -1.0644e-01 +2.9095e+00
1002 0 +2.542702975e+00 +2.756927030e+02 +2.756927030e+02 -2.4740e+00 +4.0033e+00 +6.0701e-01 +8.1368e-01 +2.5537e+00
1948 0 +2.162998269e+00 +2.753129983e+02 +2.753129983e+02 -3.9983e+00 +3.6672e+00 +8.6989e-01 +3.0217e+00 +1.7245e+00
2176 0 +1.491365848e+00 +2.746413658e+02 +2.746413658e+02 -4.1774e+00 +3.3099e+00 -4.1417e-01 +2.1356e+00 +2.0398e+00
2413 0 +5.575560414e-01 +2.737075560e+02 +2.737075560e+02 -4.6782e+00 +3.9009e+00 -6.7637e-01 +2.6209e+00 +2.0165e+00
18971 0 +4.052075760e-01 +2.735552076e+02 +2.735552076e+02 -1.7285e+00 +3.8475e+00 -4.1937e-01 +2.2091e+00 +1.6319e+00
18994 0 +3.862394709e-01 +2.735362395e+02 +2.735362395e+02 -1.8613e+00 +3.7940e+00 -3.7171e-01 +2.2519e+00 +1.6762e+00
25945 0 +3.405696400e-01 +2.734905696e+02 +2.734905696e+02 -1.8023e+00 +3.8495e+00 -4.2608e-01 +2.2076e+00 +1.6441e+00
33205 0 +3.040370327e-01 +2.734540370e+02 +2.734540370e+02 -1.8023e+00 +3.8221e+00 -3.7371e-01 +2.2296e+00 +1.6549e+00
33336 0 +2.414952719e-01 +2.733914953e+02 +2.733914953e+02 -1.8078e+00 +3.8154e+00 -3.2952e-01 +2.2588e+00 +1.6619e+00
42220 0 +2.414952719e-01 +2.733914953e+02 +2.733914953e+02 -1.8078e+00 +3.8154e+00 -3.2952e-01 +2.2588e+00 +1.6619e+00
% f evaluations | g evaluations | best noise-free fitness - Fopt (3.718000000000e+01) + sum g_i+ | measured fitness | best measured fitness or single-digit g-values | x1 | x2...
1 0 +1.254843639e+01 +4.972843639e+01 +4.972843639e+01 -1.4629e+00 -8.0269e-01 +3.4196e+00 -5.0032e-01 -3.6201e+00
21 0 +7.814519374e+00 +4.499451937e+01 +4.499451937e+01 +6.6077e-02 +2.4478e+00 +2.8055e+00 -7.8988e-01 -4.5422e+00
34 0 +6.146495805e+00 +4.332649581e+01 +4.332649581e+01 -3.5072e+00 +1.0809e+00 +3.4806e+00 +4.0083e+00 -4.3213e+00
524 0 +4.056234708e+00 +4.123623471e+01 +4.123623471e+01 -4.4828e+00 +4.0352e+00 +3.6259e+00 +3.1747e-01 -3.3405e+00
542 0 +3.666214362e+00 +4.084621436e+01 +4.084621436e+01 -4.6703e+00 +2.4397e+00 +3.5572e+00 +1.1327e+00 -3.1123e+00
543 0 +3.075819231e+00 +4.025581923e+01 +4.025581923e+01 -3.1758e+00 +1.6869e+00 +2.0013e+00 +2.3979e+00 -3.6620e+00
1333 0 +2.560493577e+00 +3.974049358e+01 +3.974049358e+01 -4.7210e+00 +1.0329e+00 +1.9895e+00 +1.5662e+00 -3.9042e+00
1336 0 +2.133033197e+00 +3.931303320e+01 +3.931303320e+01 -4.8452e+00 +1.8643e+00 +3.9766e-01 +1.2601e+00 -3.5369e+00
1400 0 +1.841829616e+00 +3.902182962e+01 +3.902182962e+01 -3.5634e+00 +2.6265e+00 +1.5935e+00 +1.1517e+00 -3.4406e+00
3457 0 +1.630149994e+00 +3.881014999e+01 +3.881014999e+01 -4.5798e+00 +1.6273e+00 +1.1847e+00 +9.7675e-01 -3.8408e+00
3671 0 +1.370653274e+00 +3.855065327e+01 +3.855065327e+01 -4.6863e+00 +2.1512e+00 +5.0506e-01 +1.8218e+00 -4.4325e+00
4068 0 +1.143287427e+00 +3.832328743e+01 +3.832328743e+01 -3.6502e+00 +2.2969e+00 +2.2128e+00 +8.5235e-01 -3.1574e+00
4292 0 +1.011410838e+00 +3.819141084e+01 +3.819141084e+01 -4.6089e+00 +2.4279e+00 +1.4761e+00 +1.9541e+00 -3.7259e+00
6344 0 +9.872492687e-01 +3.816724927e+01 +3.816724927e+01 -4.2331e+00 +1.6339e+00 +1.7369e+00 +1.5228e+00 -3.6556e+00
6347 0 +8.608722820e-01 +3.804087228e+01 +3.804087228e+01 -3.8914e+00 +1.7546e+00 +1.5774e+00 +1.2896e+00 -3.2488e+00
6373 0 +6.188173545e-01 +3.779881735e+01 +3.779881735e+01 -4.4103e+00 +2.3097e+00 +1.4213e+00 +1.7933e+00 -3.4871e+00
6379 0 +5.064666922e-01 +3.768646669e+01 +3.768646669e+01 -4.4308e+00 +2.2382e+00 +1.8475e+00 +1.5972e+00 -3.5408e+00
9335 0 +4.380703087e-01 +3.761807031e+01 +3.761807031e+01 -4.1461e+00 +1.9192e+00 +1.3647e+00 +1.7960e+00 -3.6008e+00
10158 0 +3.586515580e-01 +3.753865156e+01 +3.753865156e+01 -4.0735e+00 +2.0558e+00 +1.9292e+00 +1.5043e+00 -3.4988e+00
10187 0 +2.458563167e-01 +3.742585632e+01 +3.742585632e+01 -3.9268e+00 +2.1871e+00 +2.0311e+00 +1.5071e+00 -3.5905e+00
10193 0 +2.185970118e-01 +3.739859701e+01 +3.739859701e+01 -3.8894e+00 +2.1069e+00 +1.9727e+00 +1.5069e+00 -3.5214e+00
14260 0 +1.842575703e-01 +3.736425757e+01 +3.736425757e+01 -4.0417e+00 +2.1841e+00 +1.9128e+00 +1.6049e+00 -3.5888e+00
14722 0 +1.613557887e-01 +3.734135579e+01 +3.734135579e+01 -3.8575e+00 +2.0567e+00 +2.0856e+00 +1.5680e+00 -3.3969e+00
15658 0 +1.498957096e-01 +3.732989571e+01 +3.732989571e+01 -4.0061e+00 +2.0207e+00 +1.9519e+00 +1.5431e+00 -3.5001e+00
15692 0 +1.196111059e-01 +3.729961111e+01 +3.729961111e+01 -3.8469e+00 +2.0027e+00 +2.0153e+00 +1.5604e+00 -3.5039e+00
15870 0 +9.098797132e-02 +3.727098797e+01 +3.727098797e+01 -3.8335e+00 +2.0484e+00 +2.1664e+00 +1.5568e+00 -3.4741e+00
27940 0 +8.667775432e-02 +3.726667775e+01 +3.726667775e+01 -3.9769e+00 +2.0046e+00 +2.0908e+00 +1.4885e+00 -3.5161e+00
27969 0 +7.933376593e-02 +3.725933377e+01 +3.725933377e+01 -3.9395e+00 +2.0204e+00 +2.0864e+00 +1.5223e+00 -3.5279e+00
28033 0 +6.813674890e-02 +3.724813675e+01 +3.724813675e+01 -3.9497e+00 +2.0085e+00 +2.0511e+00 +1.5387e+00 -3.5397e+00
28166 0 +5.224264356e-02 +3.723224264e+01 +3.723224264e+01 -3.9467e+00 +2.0120e+00 +2.0778e+00 +1.5465e+00 -3.5299e+00
35473 0 +4.954104661e-02 +3.722954105e+01 +3.722954105e+01 -3.9738e+00 +1.9889e+00 +2.0636e+00 +1.5018e+00 -3.5342e+00
35770 0 +4.954104661e-02 +3.722954105e+01 +3.722954105e+01 -3.9738e+00 +1.9889e+00 +2.0636e+00 +1.5018e+00 -3.5342e+00
% f evaluations | g evaluations | best noise-free fitness - Fopt (-1.479000000000e+02) + sum g_i+ | measured fitness | best measured fitness or single-digit g-values | x1 | x2...
1 0 +1.433926167e+01 -1.335607383e+02 -1.335607383e+02 +1.9616e+00 +3.5708e+00 -9.8124e-01 -1.1283e+00 +1.7824e-01
5 0 +1.211702323e+01 -1.357829768e+02 -1.357829768e+02 -2.7592e+00 -3.1169e+00 +7.8440e-01 +1.1026e+00 -1.5231e+00
6 0 +9.180013761e+00 -1.387199862e+02 -1.387199862e+02 -4.3594e+00 +1.4091e+00 +4.6412e+00 +1.9156e+00 -9.3115e-02
40 0 +5.922446905e+00 -1.419775531e+02 -1.419775531e+02 -2.0182e+00 +2.5234e+00 -3.6042e+00 -2.7145e+00 -4.6719e+00
181 0 +5.078450232e+00 -1.428215498e+02 -1.428215498e+02 -1.7610e+00 +3.0671e+00 -3.5106e+00 -4.5635e+00 -3.6621e+00
229 0 +4.118571633e+00 -1.437814284e+02 -1.437814284e+02 -2.7341e+00 -4.7162e-01 +1.8289e+00 -2.3129e+00 -2.8314e+00
233 0 +2.289708572e+00 -1.456102914e+02 -1.456102914e+02 -2.2155e+00 -1.4769e+00 +2.8166e-01 -1.0250e+00 -4.2228e+00
5059 0 +1.807346825e+00 -1.460926532e+02 -1.460926532e+02 -1.6795e+00 +8.4800e-01 -1.5301e+00 -3.4348e+00 -4.0951e+00
5123 0 +1.574873762e+00 -1.463251262e+02 -1.463251262e+02 -1.6701e+00 +1.6190e+00 -1.8808e+00 -3.2499e+00 -4.5555e+00
7986 0 +1.102897383e+00 -1.467971026e+02 -1.467971026e+02 -1.4116e+00 +1.1597e+00 -3.1768e-01 -2.9520e+00 -4.2617e+00
13367 0 +9.378615358e-01 -1.469621385e+02 -1.469621385e+02 -1.7342e+00 +1.4453e+00 -1.4594e+00 -2.8384e+00 -4.2610e+00
13372 0 +8.783912780e-01 -1.470216087e+02 -1.470216087e+02 -1.8483e+00 +1.3765e+00 -1.4426e+00 -2.8933e+00 -4.1551e+00
19019 0 +5.968186380e-01 -1.473031814e+02 -1.473031814e+02 -1.6415e+00 +1.3332e+00 -1.2632e+00 -2.9914e+00 -4.3677e+00
25781 0 +4.849896942e-01 -1.474150103e+02 -1.474150103e+02 -1.7299e+00 +1.4120e+00 -1.2980e+00 -2.8627e+00 -4.3346e+00
42220 0 +4.785599235e-01 -1.474214401e+02 -1.474214401e+02 -1.7248e+00 +1.4086e+00 -1.3043e+00 -2.8940e+00 -4.3160e+00
% f evaluations | g evaluations | best noise-free fitness - Fopt (3.553000000000e+01) + sum g_i+ | measured fitness | best measured fitness or single-digit g-values | x1 | x2...
1 0 +4.665390554e+00 +4.019539055e+01 +4.019539055e+01 +1.9025e+00 +1.4819e+00 -1.0696e+00 +3.1253e+00 -6.3840e-02
554 0 +2.923999472e+00 +3.845399947e+01 +3.845399947e+01 +2.3234e+00 +4.6845e+00 +2.0194e+00 +3.5795e+00 -5.3127e-01
557 0 +2.494534789e+00 +3.802453479e+01 +3.802453479e+01 +4.1642e+00 +2.3702e+00 +2.3870e+00 +2.6511e+00 -1.1342e+00
2712 0 +2.214015608e+00 +3.774401561e+01 +3.774401561e+01 +4.3335e+00 +2.3903e+00 +2.0385e+00 +2.5725e+00 -1.4279e+00
2777 0 +1.898028322e+00 +3.742802832e+01 +3.742802832e+01 +4.4945e+00 +3.2232e+00 +2.4043e-01 +2.6002e+00 -1.2474e+00
4370 0 +1.533949475e+00 +3.706394947e+01 +3.706394947e+01 +4.0802e+00 +3.6044e+00 +1.5788e+00 +2.4601e+00 -1.7960e+00
4721 0 +1.167117155e+00 +3.669711715e+01 +3.669711715e+01 +3.4792e+00 +2.8177e+00 +6.4152e-01 +2.6029e+00 -1.7940e+00
4728 0 +4.404912255e-01 +3.597049123e+01 +3.597049123e+01 +3.7263e+00 +3.2703e+00 +1.1910e+00 +3.2576e+00 -1.5601e+00
12886 0 +2.536337123e-01 +3.578363371e+01 +3.578363371e+01 +3.7624e+00 +3.3233e+00 +8.7963e-01 +3.4157e+00 -1.6440e+00
12887 0 +2.140535974e-01 +3.574405360e+01 +3.574405360e+01 +3.8635e+00 +3.2683e+00 +9.3639e-01 +3.4309e+00 -1.6532e+00
13131 0 +1.417634554e-01 +3.567176346e+01 +3.567176346e+01 +3.8241e+00 +3.3201e+00 +9.3494e-01 +3.5221e+00 -1.7130e+00
18418 0 +1.134428287e-01 +3.564344283e+01 +3.564344283e+01 +3.9046e+00 +3.3026e+00 +1.0816e+00 +3.2745e+00 -1.8273e+00
18695 0 +1.082216671e-01 +3.563822167e+01 +3.563822167e+01 +3.9166e+00 +3.2889e+00 +9.7218e-01 +3.3521e+00 -1.7488e+00
24096 0 +9.782014216e-02 +3.562782014e+01 +3.562782014e+01 +3.9084e+00 +3.2956e+00 +1.0855e+00 +3.2867e+00 -1.8048e+00
24942 0 +8.878389782e-02 +3.561878390e+01 +3.561878390e+01 +3.8514e+00 +3.2949e+00 +9.7058e-01 +3.3873e+00 -1.7044e+00
24951 0 +3.847927127e-02 +3.556847927e+01 +3.556847927e+01 +3.8513e+00 +3.3151e+00 +9.5982e-01 +3.4113e+00 -1.7037e+00
32205 0 +2.296129478e-02 +3.555296129e+01 +3.555296129e+01 +3.8106e+00 +3.3296e+00 +9.4752e-01 +3.4313e+00 -1.6879e+00
40791 0 +2.211804962e-02 +3.555211805e+01 +3.555211805e+01 +3.8254e+00 +3.3511e+00 +9.5301e-01 +3.4331e+00 -1.6806e+00
40930 0 +2.211804962e-02 +3.555211805e+01 +3.555211805e+01 +3.8254e+00 +3.3511e+00 +9.5301e-01 +3.4331e+00 -1.6806e+00
% f evaluations | g evaluations | best noise-free fitness - Fopt (-6.216000000000e+01) + sum g_i+ | measured fitness | best measured fitness or single-digit g-values | x1 | x2...
1 0 +2.271239363e+01 -3.944760637e+01 -3.944760637e+01 -2.1501e-01 +6.5839e-01 +3.0301e-01 +1.6506e+00 +1.0190e+00
2 0 +2.196554159e+01 -4.019445841e+01 -4.019445841e+01 -1.0157e+00 +2.5700e+00 +1.8121e+00 +4.8949e+00 +3.8800e+00
6 0 +8.822573728e+00 -5.333742627e+01 -5.333742627e+01 -2.6965e+00 +2.7918e+00 +2.1624e+00 +3.7044e-01 -4.8696e+00
41 0 +7.763465108e+00 -5.439653489e+01 -5.439653489e+01 -3.7089e-01 +2.6931e+00 -1.0488e+00 +3.6081e+00 -3.6242e+00
100 0 +7.763465108e+00 -5.439653489e+01 -5.439653489e+01 -3.7089e-01 +2.6931e+00 -1.0488e+00 +3.6081e+00 -3.6242e+00
% f evaluations | g evaluations | best noise-free fitness - Fopt (-1.472700000000e+02) + sum g_i+ | measured fitness | best measured fitness or single-digit g-values | x1 | x2...
1 0 +1.610258609e+01 -1.311674139e+02 -1.311674139e+02 +4.7303e+00 -4.6386e+00 -4.8599e+00 +2.4677e+00 +2.4138e+00
23 0 +9.047314549e+00 -1.382226855e+02 -1.382226855e+02 +4.6824e+00 +1.6383e+00 -4.0838e+00 +2.1452e+00 +2.8835e+00
28 0 +5.160088606e+00 -1.421099114e+02 -1.421099114e+02 +7.4211e-01 +2.6921e+00 -3.9467e+00 -8.4871e-01 +2.4463e+00
237 0 +4.859501904e+00 -1.424104981e+02 -1.424104981e+02 -2.2049e+00 -1.5328e+00 +7.0047e-02 -1.9723e-01 -1.4433e-01
831 0 +4.382639894e+00 -1.428873601e+02 -1.428873601e+02 -4.2780e+00 -1.3744e+00 -1.2149e-01 +7.1539e-01 +1.6265e+00
1450 0 +3.960638156e+00 -1.433093618e+02 -1.433093618e+02 -1.2653e+00 -1.8893e+00 +1.2038e-01 -8.2807e-01 +1.1724e+00
1608 0 +2.165475809e+00 -1.451045242e+02 -1.451045242e+02 -1.5479e+00 -9.8341e-01 +1.4642e-01 +1.5921e+00 +8.0425e-01
1934 0 +1.800121837e+00 -1.454698782e+02 -1.454698782e+02 -2.3705e-01 -1.0772e+00 -1.9995e+00 +1.5304e+00 +1.9240e+00
4272 0 +1.773817851e+00 -1.454961821e+02 -1.454961821e+02 -8.7497e-01 -5.6576e-01 -1.3113e+00 +7.8911e-01 +9.3601e-01
4287 0 +1.263860693e+00 -1.460061393e+02 -1.460061393e+02 -7.2339e-01 -8.4169e-01 -1.2754e+00 +1.1482e+00 +9.7575e-01
4362 0 +1.188894733e+00 -1.460811053e+02 -1.460811053e+02 -2.0359e+00 -7.2477e-01 -3.4191e-01 +1.0010e+00 +1.1112e+00
4364 0 +7.708525841e-01 -1.464991474e+02 -1.464991474e+02 -1.5723e+00 -7.3047e-01 -6.0674e-01 +1.1028e+00 +1.2005e+00
4388 0 +5.762483043e-01 -1.466937517e+02 -1.466937517e+02 -1.7271e+00 -7.8623e-01 -2.3203e-01 +1.1064e+00 +8.5930e-01
8343 0 +5.131157784e-01 -1.467568842e+02 -1.467568842e+02 -1.5543e+00 -8.2246e-01 -8.1017e-01 +1.1866e+00 +1.1468e+00
12115 0 +3.620648682e-01 -1.469079351e+02 -1.469079351e+02 -1.6439e+00 -1.0320e+00 -3.1506e-01 +1.2067e+00 +9.1050e-01
12668 0 +2.722794611e-01 -1.469977205e+02 -1.469977205e+02 -1.7421e+00 -8.5365e-01 -3.7988e-01 +1.2488e+00 +9.3798e-01
17134 0 +2.432176747e-01 -1.470267823e+02 -1.470267823e+02 -1.2945e+00 -7.9314e-01 -6.2056e-01 +1.0332e+00 +9.8700e-01
17323 0 +1.494049269e-01 -1.471205951e+02 -1.471205951e+02 -1.4646e+00 -8.0247e-01 -5.9031e-01 +1.2086e+00 +1.0222e+00
23609 0 +1.278521655e-01 -1.471421478e+02 -1.471421478e+02 -1.5319e+00 -8.6201e-01 -4.7272e-01 +1.1981e+00 +9.6976e-01
23808 0 +1.116550123e-01 -1.471583450e+02 -1.471583450e+02 -1.4286e+00 -7.9001e-01 -5.9222e-01 +1.1606e+00 +1.0244e+00
24047 0 +9.170332177e-02 -1.471782967e+02 -1.471782967e+02 -1.4573e+00 -8.1803e-01 -5.6511e-01 +1.1854e+00 +1.0218e+00
38147 0 +8.517957656e-02 -1.471848204e+02 -1.471848204e+02 -1.4360e+00 -7.9712e-01 -5.8598e-01 +1.1659e+00 +1.0141e+00
38995 0 +7.927565366e-02 -1.471907243e+02 -1.471907243e+02 -1.4270e+00 -8.1247e-01 -5.6871e-01 +1.1696e+00 +1.0156e+00
39220 0 +7.927565366e-02 -1.471907243e+02 -1.471907243e+02 -1.4270e+00 -8.1247e-01 -5.6871e-01 +1.1696e+00 +1.0156e+00
% f evaluations | g evaluations | best noise-free fitness - Fopt (1.408000000000e+01) + sum g_i+ | measured fitness | best measured fitness or single-digit g-values | x1 | x2...
1 0 +3.856729462e+02 +3.997529462e+02 +3.997529462e+02 -2.6312e+00 -3.0704e+00 -1.4779e+00 -1.8416e+00 -3.9647e+00
2 0 +1.071623754e+02 +1.212423754e+02 +1.212423754e+02 -1.4235e+00 +1.4542e-01 -1.8190e+00 -1.1003e+00 -1.8111e+00
4 0 +1.762832388e+01 +3.170832388e+01 +3.170832388e+01 +2.4218e+00 +4.2328e+00 +9.4376e-01 -3.7440e+00 +4.2810e+00
13 0 +7.330544148e+00 +2.141054415e+01 +2.141054415e+01 -3.1067e+00 +3.0221e-01 +3.6605e+00 -4.0364e+00 +7.2233e-01
34 0 +5.628301978e+00 +1.970830198e+01 +1.970830198e+01 -4.9754e+00 -2.6683e+00 +3.3695e+00 -4.1702e+00 +2.6789e+00
78 0 +3.218839440e+00 +1.729883944e+01 +1.729883944e+01 -2.9327e+00 +4.9161e+00 -1.1392e+00 -2.3609e+00 +4.7928e+00
1103 0 +2.231685649e+00 +1.631168565e+01 +1.631168565e+01 -3.8196e+00 +1.7879e+00 +2.0972e+00 -2.7253e+00 +1.6739e+00
1702 0 +1.569632003e+00 +1.564963200e+01 +1.564963200e+01 -3.7857e+00 +1.3225e-01 +2.6448e+00 -2.5305e+00 +2.8083e+00
2017 0 +1.195762927e+00 +1.527576293e+01 +1.527576293e+01 -3.9486e+00 +2.6181e+00 +2.5780e+00 -2.1679e+00 +3.5265e+00
4506 0 +1.090713773e+00 +1.517071377e+01 +1.517071377e+01 -3.9802e+00 +1.3695e+00 +2.4796e+00 -2.1663e+00 +2.7082e+00
5891 0 +9.793750843e-01 +1.505937508e+01 +1.505937508e+01 -3.5477e+00 +1.6686e+00 +1.7620e+00 -2.7847e+00 +3.0533e+00
6027 0 +7.570390704e-01 +1.483703907e+01 +1.483703907e+01 -3.6761e+00 +1.3628e+00 +2.4856e+00 -2.5030e+00 +2.5843e+00
6453 0 +6.288781634e-01 +1.470887816e+01 +1.470887816e+01 -3.5797e+00 +1.9775e+00 +1.8500e+00 -2.6711e+00 +3.1764e+00
9733 0 +4.240168810e-01 +1.450401688e+01 +1.450401688e+01 -3.4691e+00 +1.6365e+00 +2.4422e+00 -2.5245e+00 +2.7150e+00
14103 0 +3.427846060e-01 +1.442278461e+01 +1.442278461e+01 -3.6169e+00 +1.6320e+00 +2.2236e+00 -2.5690e+00 +2.8672e+00
14581 0 +3.068545472e-01 +1.438685455e+01 +1.438685455e+01 -3.7023e+00 +1.6130e+00 +2.2811e+00 -2.5213e+00 +2.9734e+00
19598 0 +2.748007623e-01 +1.435480076e+01 +1.435480076e+01 -3.4687e+00 +1.7281e+00 +2.1916e+00 -2.5329e+00 +3.0293e+00
19678 0 +2.370745383e-01 +1.431707454e+01 +1.431707454e+01 -3.5217e+00 +1.7617e+00 +2.2701e+00 -2.5024e+00 +2.9882e+00
23694 0 +2.215647486e-01 +1.430156475e+01 +1.430156475e+01 -3.4717e+00 +1.8093e+00 +2.1372e+00 -2.5027e+00 +3.0086e+00
33880 0 +2.145937481e-01 +1.429459375e+01 +1.429459375e+01 -3.5241e+00 +1.7738e+00 +2.2296e+00 -2.5060e+00 +2.9816e+00
% f evaluations | g evaluations | best noise-free fitness - Fopt (7.671000000000e+01) + sum g_i+ | measured fitness | best measured fitness or single-digit g-values | x1 | x2...
1 0 +8.609849139e+00 +8.531984914e+01 +8.531984914e+01 -4.6983e-01 -3.1513e+00 -3.4259e+00 -3.9813e+00 +1.2970e+00
2 0 +6.788332330e+00 +8.349833233e+01 +8.349833233e+01 -2.6736e+00 +3.2813e+00 -1.3912e+00 -2.7836e+00 +5.7112e-01
6 0 +5.882417864e+00 +8.259241786e+01 +8.259241786e+01 -1.4471e+00 -1.2259e+00 -2.7051e+00 -3.4352e+00 +1.5951e+00
584 0 +4.874968192e+00 +8.158496819e+01 +8.158496819e+01 -2.2012e+00 -1.5411e+00 -2.9813e+00 -3.1877e+00 +3.2979e+00
590 0 +4.364657567e+00 +8.107465757e+01 +8.107465757e+01 -1.9865e+00 -6.1633e-01 -1.0760e-01 -4.9954e+00 +1.7340e+00
706 0 +3.874193729e+00 +8.058419373e+01 +8.058419373e+01 -2.3067e+00 -1.0978e+00 +5.3058e-01 -3.4629e+00 +1.6505e+00
1552 0 +2.477384748e+00 +7.918738475e+01 +7.918738475e+01 -2.0840e+00 -2.2232e+00 -1.0992e+00 -2.6929e+00 +2.6657e+00
1636 0 +1.808086501e+00 +7.851808650e+01 +7.851808650e+01 -1.9041e+00 -1.9016e+00 +1.7304e-01 -2.2886e+00 +3.7093e+00
8076 0 +1.570037491e+00 +7.828003749e+01 +7.828003749e+01 -1.0162e+00 +1.0204e-01 -3.7646e-01 -4.1412e+00 +1.6141e+00
13025 0 +1.407644786e+00 +7.811764479e+01 +7.811764479e+01 -1.3323e+00 +1.1838e-01 -1.2185e+00 -4.2149e+00 +1.4323e+00
13185 0 +1.178177530e+00 +7.788817753e+01 +7.788817753e+01 -1.2699e+00 +4.3774e-01 -8.9514e-01 -4.3606e+00 +1.3596e+00
13506 0 +1.040282865e+00 +7.775028286e+01 +7.775028286e+01 -1.4438e+00 +1.2372e-01 -9.8909e-01 -4.1807e+00 +1.7149e+00
13618 0 +9.715031771e-01 +7.768150318e+01 +7.768150318e+01 -1.4002e+00 +4.6036e-02 -8.7387e-01 -4.2150e+00 +1.6761e+00
30299 0 +8.364551757e-01 +7.754645518e+01 +7.754645518e+01 -1.3575e+00 +1.9137e-02 -7.5515e-01 -4.0282e+00 +1.7616e+00
41470 0 +8.364551757e-01 +7.754645518e+01 +7.754645518e+01 -1.3575e+00 +1.9137e-02 -7.5515e-01 -4.0282e+00 +1.7616e+00
% f evaluations | g evaluations | best noise-free fitness - Fopt (1.325900000000e+02) + sum g_i+ | measured fitness | best measured fitness or single-digit g-values | x1 | x2...
1 0 +3.097033786e+01 +1.635603379e+02 +1.635603379e+02 +7.8206e-01 -4.8401e+00 +3.4807e+00 -3.0901e+00 +4.2617e+00
3 0 +1.835447624e+01 +1.509444762e+02 +1.509444762e+02 -1.2432e+00 -1.8151e+00 +4.5026e+00 +6.6167e-02 -3.0034e+00
5 0 +1.397319682e+01 +1.465631968e+02 +1.465631968e+02 -2.2574e+00 -2.3959e-01 +4.7795e+00 -1.5991e+00 -3.4155e+00
23 0 +8.934464535e+00 +1.415244645e+02 +1.415244645e+02 +1.2330e+00 +2.8342e+00 -6.6185e-01 -4.5497e+00 -1.6231e+00
26 0 +7.946480990e+00 +1.405364810e+02 +1.405364810e+02 +2.2175e+00 +3.2106e+00 +4.1638e-01 -4.2262e+00 -3.5951e+00
27 0 +6.441990998e+00 +1.390319910e+02 +1.390319910e+02 -4.6849e+00 -3.0304e+00 -1.9068e-02 +8.1043e-01 +1.9922e+00
84 0 +6.204107385e+00 +1.387941074e+02 +1.387941074e+02 -1.8122e+00 -2.4917e+00 -2.4721e+00 +1.4462e+00 -3.2135e+00
96 0 +5.296970250e+00 +1.378869703e+02 +1.378869703e+02 -2.7404e+00 -1.6841e+00 -1.6326e+00 -6.5627e-01 -1.2086e+00
129 0 +4.485302693e+00 +1.370753027e+02 +1.370753027e+02 -2.6218e+00 -5.5600e-01 -1.0450e+00 -2.7276e+00 -3.9722e+00
350 0 +3.634759669e+00 +1.362247597e+02 +1.362247597e+02 -3.0492e+00 -1.0640e+00 -1.4523e+00 +2.0524e+00 -1.4563e+00
367 0 +3.247775815e+00 +1.358377758e+02 +1.358377758e+02 -2.8310e+00 -9.7507e-01 -7.9808e-01 +8.6179e-01 -6.5003e-01
2369 0 +2.769293291e+00 +1.353592933e+02 +1.353592933e+02 +2.1360e+00 +3.3943e-01 -1.2996e+00 -1.9582e+00 -4.1112e+00
4215 0 +1.840917939e+00 +1.344309179e+02 +1.344309179e+02 +2.6771e-01 +4.0080e-01 -1.3928e+00 -1.1295e+00 -3.0601e+00
4849 0 +1.379335008e+00 +1.339693350e+02 +1.339693350e+02 +2.1431e+00 +1.0705e+00 -1.9649e+00 -4.1490e+00 -4.3996e+00
8936 0 +9.949083452e-01 +1.335849083e+02 +1.335849083e+02 +4.5169e-01 +3.0417e-01 -1.7422e+00 -3.0672e+00 -3.4513e+00
13356 0 +6.962185934e-01 +1.332862186e+02 +1.332862186e+02 +4.7280e-01 +4.5052e-01 -1.7386e+00 -3.0184e+00 -3.6511e+00
18017 0 +5.459775697e-01 +1.331359776e+02 +1.331359776e+02 +5.0928e-01 +4.5835e-01 -1.7478e+00 -2.8711e+00 -3.6381e+00
25993 0 +4.588338964e-01 +1.330488339e+02 +1.330488339e+02 +4.9761e-01 +5.0102e-01 -1.7586e+00 -2.7951e+00 -3.6157e+00
32548 0 +4.459842503e-01 +1.330359843e+02 +1.330359843e+02 +5.2773e-01 +4.7294e-01 -1.7237e+00 -2.7620e+00 -3.6074e+00
33002 0 +3.761057383e-01 +1.329661057e+02 +1.329661057e+02 +5.5122e-01 +4.9620e-01 -1.7444e+00 -2.8011e+00 -3.6352e+00
42220 0 +3.711939297e-01 +1.329611939e+02 +1.329611939e+02 +5.4717e-01 +4.8851e-01 -1.7413e+00 -2.7972e+00 -3.6186e+00
% f evaluations | g evaluations | best noise-free fitness - Fopt (-7.547000000000e+01) + sum g_i+ | measured fitness | best measured fitness or single-digit g-values | x1 | x2...
1 0 +1.344160040e+01 -6.202839960e+01 -6.202839960e+01 +4.8918e-01 -4.3354e-01 -2.6298e+00 +1.8375e-01 -2.0672e+00
11 0 +9.389323241e+00 -6.608067676e+01 -6.608067676e+01 +2.5484e+00 -3.5378e+00 +2.5262e+00 -4.4260e+00 -3.6660e+00
18 0 +8.669325738e+00 -6.680067426e+01 -6.680067426e+01 -7.1723e-01 +2.7643e+00 -2.3801e+00 -2.0823e+00 -3.5734e+00
43 0 +6.029852650e+00 -6.944014735e+01 -6.944014735e+01 -6.1560e-01 +1.5461e+00 -3.3631e+00 +3.6211e+00 -4.7673e+00
174 0 +4.816334156e+00 -7.065366584e+01 -7.065366584e+01 -1.3453e+00 +3.3996e+00 -2.7661e+00 -1.4020e+00 -7.1106e-01
1309 0 +4.208040943e+00 -7.126195906e+01 -7.126195906e+01 +1.1326e+00 +2.8367e+00 +8.1200e-01 +2.9496e+00 -1.7750e+00
2110 0 +2.985002661e+00 -7.248499734e+01 -7.248499734e+01 -2.2878e+00 +3.4423e+00 -2.5736e+00 -3.9872e-01 -2.8086e+00
2545 0 +2.432538181e+00 -7.303746182e+01 -7.303746182e+01 -2.5862e+00 +4.3583e+00 -3.8348e+00 -2.6804e-01 -2.0034e+00
4191 0 +1.998917781e+00 -7.347108222e+01 -7.347108222e+01 -2.1442e+00 +3.5489e+00 -4.2224e+00 -1.8473e+00 -2.1094e+00
4251 0 +1.806008466e+00 -7.366399153e+01 -7.366399153e+01 -2.2637e+00 +4.1137e+00 -4.0408e+00 -1.5848e+00 -1.6261e+00
4503 0 +1.773858364e+00 -7.369614164e+01 -7.369614164e+01 -1.7845e+00 +3.9133e+00 -4.2680e+00 -6.8770e-01 -2.1990e+00
4615 0 +1.056970675e+00 -7.441302932e+01 -7.441302932e+01 -1.2794e+00 +3.9413e+00 -2.9972e+00 -4.7155e-01 -1.9895e+00
7802 0 +9.362108589e-01 -7.453378914e+01 -7.453378914e+01 -2.3765e+00 +3.5929e+00 -4.3133e+00 -1.5709e+00 -1.9902e+00
12371 0 +8.098331188e-01 -7.466016688e+01 -7.466016688e+01 -2.3977e+00 +3.7117e+00 -4.4007e+00 -1.5269e+00 -1.9355e+00
16675 0 +6.968245481e-01 -7.477317545e+01 -7.477317545e+01 -2.4439e+00 +3.6016e+00 -4.4376e+00 -1.4565e+00 -2.0411e+00
17156 0 +6.274303558e-01 -7.484256964e+01 -7.484256964e+01 -2.4169e+00 +3.6701e+00 -4.3779e+00 -1.4267e+00 -2.0001e+00
37526 0 +5.575680852e-01 -7.491243191e+01 -7.491243191e+01 -2.4050e+00 +3.6844e+00 -4.4179e+00 -1.4655e+00 -2.0476e+00
37870 0 +5.575680852e-01 -7.491243191e+01 -7.491243191e+01 -2.4050e+00 +3.6844e+00 -4.4179e+00 -1.4655e+00 -2.0476e+00
% f evaluations | g evaluations | best noise-free fitness - Fopt (6.949000000000e+01) + sum g_i+ | measured fitness | best measured fitness or single-digit g-values | x1 | x2...
1 0 +1.275094293e+01 +8.224094293e+01 +8.224094293e+01 -1.0606e+00 +2.5425e+00 -1.2399e+00 +1.7835e+00 -2.2243e+00
4 0 +1.082723228e+01 +8.031723228e+01 +8.031723228e+01 -1.2797e+00 -1.9457e+00 +4.7294e+00 +4.2771e+00 -1.6751e+00
14 0 +9.960722920e+00 +7.945072292e+01 +7.945072292e+01 +4.0888e+00 -1.0505e+00 +3.5414e-01 +1.7169e+00 -2.5345e+00
46 0 +6.708784748e+00 +7.619878475e+01 +7.619878475e+01 -2.4853e+00 -2.3690e+00 -9.0806e-01 +8.3897e-01 -8.8688e-01
90 0 +6.131475255e+00 +7.562147526e+01 +7.562147526e+01 +4.1022e-01 -4.1879e+00 +2.5587e-01 -4.9346e-01 -1.5144e+00
381 0 +3.553673397e+00 +7.304367340e+01 +7.304367340e+01 +1.2431e+00 -2.2571e+00 -5.6797e-01 +1.9697e+00 -1.1032e+00
492 0 +3.167718728e+00 +7.265771873e+01 +7.265771873e+01 +1.0200e+00 -8.8879e-01 +2.2154e+00 +2.4393e+00 -3.3581e+00
1306 0 +3.078921437e+00 +7.256892144e+01 +7.256892144e+01 -6.7178e-01 -3.3240e-01 +9.8274e-02 +1.6076e+00 -1.0800e+00
1405 0 +2.471727860e+00 +7.196172786e+01 +7.196172786e+01 +6.5047e-01 +3.6430e-01 +1.0256e+00 +2.7484e+00 -3.2167e+00
2449 0 +1.475470567e+00 +7.096547057e+01 +7.096547057e+01 +8.1289e-01 -1.6963e+00 -7.9624e-02 +8.0491e-01 -1.1615e-01
8507 0 +1.339931565e+00 +7.082993156e+01 +7.082993156e+01 +6.5367e-01 -2.4556e+00 -2.9858e-01 +2.1750e-01 -2.6104e-02
8521 0 +1.214278273e+00 +7.070427827e+01 +7.070427827e+01 +8.3764e-01 -2.2024e+00 -9.8430e-02 +5.7255e-01 -5.6204e-01
8766 0 +8.870077194e-01 +7.037700772e+01 +7.037700772e+01 +1.0419e+00 -2.1507e+00 -7.9576e-02 +6.8132e-01 -3.7352e-01
16687 0 +6.194585972e-01 +7.010945860e+01 +7.010945860e+01 +8.4252e-01 -2.1424e+00 -8.5034e-02 +6.5431e-01 -3.2962e-01
40240 0 +6.194585972e-01 +7.010945860e+01 +7.010945860e+01 +8.4252e-01 -2.1424e+00 -8.5034e-02 +6.5431e-01 -3.2962e-01
% f evaluations | g evaluations | best noise-free fitness - Fopt (-5.612400000000e+02) + sum g_i+ | measured fitness | best measured fitness or single-digit g-values | x1 | x2...
1 0 +2.370749409e+01 -5.375325059e+02 -5.375325059e+02 -9.5744e-02 +2.4633e+00 -9.1110e-01 -4.5383e+00 -3.2689e-02
4 0 +1.013606809e+01 -5.511039319e+02 -5.511039319e+02 +6.5949e-01 +3.5935e-01 +3.7104e+00 -3.2977e+00 -1.8315e+00
9 0 +6.863909260e+00 -5.543760907e+02 -5.543760907e+02 +4.2023e-01 +2.6796e+00 +3.1095e+00 +4.1777e+00 -5.0412e-01
302 0 +5.187126053e+00 -5.560528739e+02 -5.560528739e+02 -9.0876e-02 +1.5242e+00 +1.7764e+00 -5.2188e-01 -2.3712e+00
334 0 +4.640829167e+00 -5.565991708e+02 -5.565991708e+02 +5.9178e-01 +5.8620e-01 +2.8871e+00 -1.6777e-01 -1.9680e+00
466 0 +4.412835734e+00 -5.568271643e+02 -5.568271643e+02 -2.5759e+00 -1.9505e+00 +2.6803e+00 +2.7339e+00 -3.4785e+00
495 0 +3.640633944e+00 -5.575993661e+02 -5.575993661e+02 +6.5301e-01 -1.1482e+00 +2.1562e+00 +2.3103e+00 -1.9845e+00
2121 0 +2.768879635e+00 -5.584711204e+02 -5.584711204e+02 +7.6444e-03 +4.8878e-01 +2.7983e+00 +1.2740e+00 -2.8902e+00
5058 0 +2.201787194e+00 -5.590382128e+02 -5.590382128e+02 +9.7483e-01 +7.2183e-01 +3.1647e+00 +2.4267e+00 -1.8886e+00
5072 0 +1.980863829e+00 -5.592591362e+02 -5.592591362e+02 +4.3852e-01 +2.3116e-01 +3.1396e+00 +2.1652e+00 -2.3106e+00
8753 0 +1.211232586e+00 -5.600287674e+02 -5.600287674e+02 +2.7931e-01 +1.0124e+00 +4.7512e+00 +1.8194e+00 -1.8831e+00
12633 0 +1.074671955e+00 -5.601653280e+02 -5.601653280e+02 +2.1215e-02 +8.5334e-01 +4.2053e+00 +2.2497e+00 -2.2700e+00
13903 0 +8.242698405e-01 -5.604157302e+02 -5.604157302e+02 +7.7084e-02 +1.1054e+00 +4.9291e+00 +2.1208e+00 -1.9726e+00
18486 0 +7.278370758e-01 -5.605121629e+02 -5.605121629e+02 +3.0778e-01 +1.0263e+00 +4.5926e+00 +2.1680e+00 -1.9631e+00
25450 0 +6.474487990e-01 -5.605925512e+02 -5.605925512e+02 +9.9658e-02 +1.1535e+00 +4.9176e+00 +2.1056e+00 -1.9718e+00
25483 0 +6.238923827e-01 -5.606161076e+02 -5.606161076e+02 +1.2737e-01 +1.2127e+00 +4.9046e+00 +2.1091e+00 -1.9712e+00
25618 0 +5.367499259e-01 -5.607032501e+02 -5.607032501e+02 +8.8254e-02 +1.2080e+00 +4.9300e+00 +2.0951e+00 -1.9571e+00
41150 0 +4.830096773e-01 -5.607569903e+02 -5.607569903e+02 +1.1461e-01 +1.2009e+00 +4.9095e+00 +2.1021e+00 -1.9565e+00
42220 0 +4.669367771e-01 -5.607730632e+02 -5.607730632e+02 +1.1427e-01 +1.1870e+00 +4.8742e+00 +2.1082e+00 -1.9668e+00
% f evaluations | g evaluations | best noise-free fitness - Fopt (1.000000000000e+03) + sum g_i+ | measured fitness | best measured fitness or single-digit g-values | x1 | x2...
1 0 +2.889591885e+01 +1.028895919e+03 +1.028895919e+03 -4.0733e+00 -4.0802e+00 -2.8921e+00 -1.0755e+00 +2.3205e+00
2 0 +2.133223031e+01 +1.021332230e+03 +1.021332230e+03 -2.7848e+00 -4.4952e+00 +1.9868e+00 +2.8732e+00 -4.7463e+00
3 0 +1.568729060e+01 +1.015687291e+03 +1.015687291e+03 -1.8517e+00 +3.6506e-01 +3.8192e+00 +4.9486e+00 +3.2163e+00
6 0 +1.171583638e+01 +1.011715836e+03 +1.011715836e+03 +2.1986e+00 +2.3035e+00 +2.3407e+00 -2.1611e+00 -7.9324e-01
24 0 +4.973979098e+00 +1.004973979e+03 +1.004973979e+03 +2.8405e+00 +4.6319e+00 -6.1358e-01 -7.6626e-02 +9.4984e-01
78 0 +2.737436440e+00 +1.002737436e+03 +1.002737436e+03 +1.7506e+00 +4.5033e+00 +1.2552e+00 +6.7532e-01 +2.6752e+00
1043 0 +1.369412063e+00 +1.001369412e+03 +1.001369412e+03 +1.9549e+00 +4.3439e+00 +9.5866e-01 +1.9737e+00 +1.9444e+00
14148 0 +1.235896871e+00 +1.001235897e+03 +1.001235897e+03 -5.9421e-01 +2.2704e+00 +1.5999e+00 +1.8473e+00 +4.1446e+00
18863 0 +1.032533918e+00 +1.001032534e+03 +1.001032534e+03 -6.2413e-01 +2.2894e+00 +1.6734e+00 +1.6440e+00 +4.1305e+00
19633 0 +9.733252926e-01 +1.000973325e+03 +1.000973325e+03 -6.1094e-01 +2.4648e+00 +1.6471e+00 +1.8215e+00 +4.2845e+00
25517 0 +8.685340042e-01 +1.000868534e+03 +1.000868534e+03 -5.5893e-01 +2.4115e+00 +1.6428e+00 +1.7685e+00 +4.2583e+00
25572 0 +7.520404017e-01 +1.000752040e+03 +1.000752040e+03 -5.7130e-01 +2.4272e+00 +1.6501e+00 +1.7772e+00 +4.2729e+00
40588 0 +6.282493638e-01 +1.000628249e+03 +1.000628249e+03 -5.8877e-01 +2.4252e+00 +1.6710e+00 +1.7930e+00 +4.3304e+00
42220 0 +6.282493638e-01 +1.000628249e+03 +1.000628249e+03 -5.8877e-01 +2.4252e+00 +1.6710e+00 +1.7930e+00 +4.3304e+00
