% f evaluations | g evaluations | best noise-free fitness - Fopt (9.294000000000e+01) + sum g_i+ | measured fitness | best measured fitness or single-digit g-values | x1 | x2...
1 0 +6.223475260e+02 +7.152875260e+02 +7.152875260e+02 +2.8527e+00 +3.5463e+00 -3.5875e+00
4 0 +4.275029299e+02 +5.204429299e+02 +5.204429299e+02 -2.6182e+00 -3.0741e+00 -9.9425e-01
5 0 +2.868697956e+02 +3.798097956e+02 +3.798097956e+02 +4.1080e+00 +1.9695e+00 -1.5471e+00
6 0 +1.631886218e+02 +2.561286218e+02 +2.561286218e+02 +4.3230e+00 +1.5780e+00 +2.9068e+00
7 0 +7.676961008e+01 +1.697096101e+02 +1.697096101e+02 -1.2613e+00 +1.5719e+00 -1.2698e+00
13 0 +1.703774039e+01 +1.099777404e+02 +1.099777404e+02 +1.2241e+00 -2.2222e-01 -2.3964e+00
70 0 +5.561366548e+00 +9.850136655e+01 +9.850136655e+01 +1.7871e-01 -7.1993e-01 -4.3635e+00
291 0 +3.066236575e+00 +9.600623658e+01 +9.600623658e+01 -8.9555e-01 +7.1349e-01 +5.2911e-02
657 0 +2.647482363e+00 +9.558748236e+01 +9.558748236e+01 -2.2110e-01 +1.9489e+00 +4.2942e+00
702 0 +2.732106074e-01 +9.321321061e+01 +9.321321061e+01 -1.6533e-01 +9.1719e-01 +6.3803e-01
1245 0 +5.076304303e-02 +9.299076304e+01 +9.299076304e+01 -2.9229e-01 +7.0888e-01 +9.3832e-02
3332 0 +1.869831485e-02 +9.295869831e+01 +9.295869831e+01 -2.6950e-01 +7.6520e-01 +3.5732e-01
6940 0 +1.869831485e-02 +9.295869831e+01 +9.295869831e+01 -2.6950e-01 +7.6520e-01 +3.5732e-01
% f evaluations | g evaluations | best noise-free fitness - Fopt (3.535000000000e+01) + sum g_i+ | measured fitness | best measured fitness or single-digit g-values | x1 | x2...
1 0 +1.268645898e+02 +1.622145898e+02 +1.622145898e+02 +4.5423e-01 +7.6853e-01 +3.3684e+00
5 0 +2.035846663e+01 +5.570846663e+01 +5.570846663e+01 +1.9190e+00 +2.1837e+00 +8.1883e-01
27 0 +8.796164666e+00 +4.414616467e+01 +4.414616467e+01 +4.2676e+00 +2.7104e-01 -3.1346e+00
96 0 +7.666083970e+00 +4.301608397e+01 +4.301608397e+01 +4.0027e+00 +6.1087e-01 -2.7027e+00
315 0 +5.918554663e+00 +4.126855466e+01 +4.126855466e+01 +2.4298e+00 +1.3622e+00 +1.0122e+00
321 0 +2.805338392e+00 +3.815533839e+01 +3.815533839e+01 +9.4715e-01 +1.8802e+00 +4.2125e+00
583 0 +1.930947453e+00 +3.728094745e+01 +3.728094745e+01 +3.1820e+00 +7.0398e-01 +2.5448e-01
625 0 +8.547065491e-01 +3.620470655e+01 +3.620470655e+01 +1.6133e+00 +1.4044e+00 +4.2713e+00
1459 0 +7.005065002e-01 +3.605050650e+01 +3.605050650e+01 +2.3653e+00 +1.2520e+00 +2.1210e+00
4547 0 +6.296612200e-01 +3.597966122e+01 +3.597966122e+01 +2.2461e+00 +1.2515e+00 +2.4744e+00
5500 0 +6.296612200e-01 +3.597966122e+01 +3.597966122e+01 +2.2461e+00 +1.2515e+00 +2.4744e+00
% f evaluations | g evaluations | best noise-free fitness - Fopt (3.820000000000e+00) + sum g_i+ | measured fitness | best measured fitness or single-digit g-values | x1 | x2...
1 0 +7.430335971e+02 +7.468535971e+02 +7.468535971e+02 -3.2216e+00 +4.8797e+00 +5.8898e-01
2 0 +4.899954585e+02 +4.938154585e+02 +4.938154585e+02 -2.1270e+00 +4.6904e-01 +4.0581e-01
7 0 +3.693972554e+02 +3.732172554e+02 +3.732172554e+02 -7.8872e-01 -4.7092e+00 +4.1766e+00
8 0 +4.601769813e+00 +8.421769813e+00 +8.421769813e+00 +3.4263e+00 -1.1417e+00 +1.6229e+00
26 0 +3.152966118e+00 +6.972966118e+00 +6.972966118e+00 +4.4887e+00 -1.6388e+00 +1.3826e+00
321 0 +8.601846742e-01 +4.680184674e+00 +4.680184674e+00 +4.3961e+00 +2.7514e-01 +1.6941e+00
807 0 +5.579863326e-01 +4.377986333e+00 +4.377986333e+00 +4.2895e+00 -9.7175e-01 +1.5509e+00
1108 0 +2.105461870e-01 +4.030546187e+00 +4.030546187e+00 +4.0378e+00 -2.6236e-01 +1.7458e+00
4240 0 +2.105461870e-01 +4.030546187e+00 +4.030546187e+00 +4.0378e+00 -2.6236e-01 +1.7458e+00
% f evaluations | g evaluations | best noise-free fitness - Fopt (2.175000000000e+01) + sum g_i+ | measured fitness | best measured fitness or single-digit g-values | x1 | x2...
1 0 +1.062742032e+02 +1.280242032e+02 +1.280242032e+02 +4.9611e+00 +2.3958e-01 -4.4547e+00
3 0 +7.337063056e+01 +9.512063056e+01 +9.512063056e+01 -1.1885e+00 +4.1203e+00 +2.8905e+00
4 0 +6.714244641e+01 +8.889244641e+01 +8.889244641e+01 +3.1654e-01 -1.8377e+00 -6.7258e-01
13 0 +2.381041679e+01 +4.556041679e+01 +4.556041679e+01 +3.3237e+00 +2.3720e+00 +7.8380e-01
36 0 +1.743886202e+01 +3.918886202e+01 +3.918886202e+01 +1.4840e+00 +2.0293e+00 +3.6664e-01
73 0 +1.513799519e+01 +3.688799519e+01 +3.688799519e+01 +4.7465e+00 -4.7311e+00 -4.2140e+00
76 0 +8.341531019e+00 +3.009153102e+01 +3.009153102e+01 +4.7303e+00 -2.5543e-02 -2.8401e+00
93 0 +6.557724335e+00 +2.830772433e+01 +2.830772433e+01 +4.4689e+00 -2.1225e+00 -2.9655e+00
141 0 +1.065601281e+00 +2.281560128e+01 +2.281560128e+01 +4.2340e+00 -6.2919e-01 -1.9319e+00
5440 0 +1.065601281e+00 +2.281560128e+01 +2.281560128e+01 +4.2340e+00 -6.2919e-01 -1.9319e+00
% f evaluations | g evaluations | best noise-free fitness - Fopt (6.479000000000e+01) + sum g_i+ | measured fitness | best measured fitness or single-digit g-values | x1 | x2...
1 0 +1.985893322e+02 +2.633793322e+02 +2.633793322e+02 +2.9508e-01 -1.6067e+00 +6.5237e-01
4 0 +7.735795232e+01 +1.421479523e+02 +1.421479523e+02 +2.0753e-02 -6.1527e-01 +1.4620e+00
9 0 +4.940711225e+01 +1.141971123e+02 +1.141971123e+02 -3.2054e+00 -1.6985e+00 -3.6449e+00
13 0 +1.451349813e+01 +7.930349813e+01 +7.930349813e+01 -1.4954e+00 +9.1265e-01 +7.5836e-01
66 0 +7.608044452e+00 +7.239804445e+01 +7.239804445e+01 -1.3003e+00 +1.0171e+00 -1.9558e+00
88 0 +4.224234931e+00 +6.901423493e+01 +6.901423493e+01 -2.2424e+00 -4.4272e+00 +3.5059e-01
104 0 +3.375845652e+00 +6.816584565e+01 +6.816584565e+01 -1.7656e+00 -2.4587e-01 -7.5218e-01
527 0 +1.717345497e+00 +6.650734550e+01 +6.650734550e+01 -2.2351e+00 -3.1693e+00 -6.1280e-01
591 0 +9.519999925e-01 +6.574199999e+01 +6.574199999e+01 -1.7692e+00 -1.1592e+00 -4.6503e-01
823 0 +3.630485470e-01 +6.515304855e+01 +6.515304855e+01 -1.8031e+00 -2.1303e+00 -3.2245e-01
1194 0 +2.831013121e-01 +6.507310131e+01 +6.507310131e+01 -1.9457e+00 -2.0324e+00 -3.7605e-01
1204 0 +6.446967727e-02 +6.485446968e+01 +6.485446968e+01 -1.9160e+00 -2.2255e+00 -2.5624e-01
1296 0 +4.224234931e-02 +6.483224235e+01 +6.483224235e+01 -1.8131e+00 -1.8745e+00 -1.5319e-01
2090 0 +2.778705184e-02 +6.481778705e+01 +6.481778705e+01 -1.8879e+00 -2.0850e+00 -9.2943e-02
6130 0 +2.778705184e-02 +6.481778705e+01 +6.481778705e+01 -1.8879e+00 -2.0850e+00 -9.2943e-02
% f evaluations | g evaluations | best noise-free fitness - Fopt (-2.154600000000e+02) + sum g_i+ | measured fitness | best measured fitness or single-digit g-values | x1 | x2...
1 0 +4.328721033e+01 -1.721727897e+02 -1.721727897e+02 -1.7178e-01 +3.4298e+00 +3.4981e+00
27 0 +1.245713297e+01 -2.030028670e+02 -2.030028670e+02 +3.0183e+00 +4.2169e+00 -2.4824e+00
100 0 +1.245713297e+01 -2.030028670e+02 -2.030028670e+02 +3.0183e+00 +4.2169e+00 -2.4824e+00
% f evaluations | g evaluations | best noise-free fitness - Fopt (-3.217200000000e+02) + sum g_i+ | measured fitness | best measured fitness or single-digit g-values | x1 | x2...
1 0 +7.897950628e+01 -2.427404937e+02 -2.427404937e+02 +3.4685e+00 -4.9978e+00 +1.1975e+00
6 0 +2.537375721e+01 -2.963462428e+02 -2.963462428e+02 -1.4036e+00 -1.9782e+00 +3.1487e+00
30 0 +1.163788403e+00 -3.205562116e+02 -3.205562116e+02 -4.0433e+00 -8.1286e-01 +3.1969e+00
100 0 +1.163788403e+00 -3.205562116e+02 -3.205562116e+02 -4.0433e+00 -8.1286e-01 +3.1969e+00
% f evaluations | g evaluations | best noise-free fitness - Fopt (-1.042000000000e+02) + sum g_i+ | measured fitness | best measured fitness or single-digit g-values | x1 | x2...
1 0 +7.702250083e+01 -2.717749917e+01 -2.717749917e+01 +3.8618e+00 -4.3099e+00 +2.8786e+00
9 0 +3.524874406e+01 -6.895125594e+01 -6.895125594e+01 -9.8325e-01 -9.7518e-01 -1.9844e+00
17 0 +1.690360569e+01 -8.729639431e+01 -8.729639431e+01 -3.5236e+00 -2.0781e+00 +3.1382e-01
20 0 +6.549521231e+00 -9.765047877e+01 -9.765047877e+01 -1.4862e+00 -3.2235e+00 +9.6151e-01
80 0 +2.148179856e+00 -1.020518201e+02 -1.020518201e+02 -2.5901e+00 -2.4220e+00 -1.5610e-01
100 0 +2.148179856e+00 -1.020518201e+02 -1.020518201e+02 -2.5901e+00 -2.4220e+00 -1.5610e-01
% f evaluations | g evaluations | best noise-free fitness - Fopt (6.147000000000e+01) + sum g_i+ | measured fitness | best measured fitness or single-digit g-values | x1 | x2...
1 0 +8.110544252e+01 +1.425754425e+02 +1.425754425e+02 +2.4648e+00 -2.0535e+00 -4.7617e+00
11 0 +2.777715413e+01 +8.924715413e+01 +8.924715413e+01 +4.6765e+00 +3.6203e+00 +2.8838e+00
20 0 +1.109840707e+01 +7.256840707e+01 +7.256840707e+01 +3.8804e+00 +9.6404e-01 +1.6760e-01
60 0 +9.389742822e+00 +7.085974282e+01 +7.085974282e+01 +2.0789e+00 +1.1885e+00 +2.3137e-02
311 0 +4.124835958e+00 +6.559483596e+01 +6.559483596e+01 +4.1749e+00 +9.7175e-01 +9.9379e-01
320 0 +1.343315219e+00 +6.281331522e+01 +6.281331522e+01 +2.5306e+00 +3.3194e+00 +2.1169e+00
518 0 +4.953289057e-01 +6.196532891e+01 +6.196532891e+01 +2.7057e+00 +2.8357e+00 +1.7091e+00
633 0 +4.083119848e-01 +6.187831198e+01 +6.187831198e+01 +3.8769e+00 +2.6070e+00 +2.5965e+00
1524 0 +2.028650877e-01 +6.167286509e+01 +6.167286509e+01 +3.4485e+00 +2.9416e+00 +2.5313e+00
7060 0 +2.028650877e-01 +6.167286509e+01 +6.167286509e+01 +3.4485e+00 +2.9416e+00 +2.5313e+00
% f evaluations | g evaluations | best noise-free fitness - Fopt (-2.754000000000e+01) + sum g_i+ | measured fitness | best measured fitness or single-digit g-values | x1 | x2...
1 0 +1.935842030e+03 +1.908302030e+03 +1.908302030e+03 -2.0219e+00 +4.8101e+00 +6.9223e-01
2 0 +1.663932191e+03 +1.636392191e+03 +1.636392191e+03 +2.1131e+00 +1.4902e+00 +2.1517e+00
4 0 +4.050341666e+01 +1.296341666e+01 +1.296341666e+01 +8.4950e-01 -3.0328e+00 -3.3701e+00
6 0 +1.159866394e+01 -1.594133606e+01 -1.594133606e+01 +5.0473e-01 -3.5535e+00 +8.8094e-01
17 0 +2.899665986e+00 -2.464033401e+01 -2.464033401e+01 -4.6297e+00 -1.0133e+00 -1.2867e+00
100 0 +2.840746598e+00 -2.469925340e+01 -2.469925340e+01 -4.9084e+00 -8.5970e-01 -6.4854e-01
% f evaluations | g evaluations | best noise-free fitness - Fopt (1.095000000000e+01) + sum g_i+ | measured fitness | best measured fitness or single-digit g-values | x1 | x2...
1 0 +8.111258557e+02 +8.220758557e+02 +8.220758557e+02 -4.2106e+00 -4.1670e+00 +6.0520e-01
2 0 +1.499376943e+02 +1.608876943e+02 +1.608876943e+02 +8.6878e-01 +8.8785e-01 -4.9693e+00
6 0 +6.346015185e+01 +7.441015185e+01 +7.441015185e+01 +6.0918e-01 -3.9899e+00 -1.7352e+00
17 0 +3.357742350e+01 +4.452742350e+01 +4.452742350e+01 +9.7896e-02 +1.5251e+00 -3.8061e+00
18 0 +1.057902255e+01 +2.152902255e+01 +2.152902255e+01 -8.6515e-02 -2.0869e+00 -1.8642e+00
82 0 +8.045982901e+00 +1.899598290e+01 +1.899598290e+01 +9.5374e-01 +9.0894e-01 -6.1059e-01
124 0 +1.799972732e+00 +1.274997273e+01 +1.274997273e+01 -3.3644e-01 -1.0630e+00 -2.6732e+00
435 0 +1.702827732e+00 +1.265282773e+01 +1.265282773e+01 -1.1041e+00 -1.9143e+00 -3.6428e+00
442 0 +1.195179797e+00 +1.214517980e+01 +1.214517980e+01 -1.5261e+00 -2.3351e+00 -4.3009e+00
615 0 +1.116204428e+00 +1.206620443e+01 +1.206620443e+01 -8.2911e-01 -1.9201e+00 -3.8488e+00
624 0 +9.756067306e-01 +1.192560673e+01 +1.192560673e+01 -9.1206e-01 -2.0150e+00 -3.9474e+00
631 0 +3.830495336e-01 +1.133304953e+01 +1.133304953e+01 -9.6994e-01 -2.1432e+00 -3.8987e+00
754 0 +2.400047321e-01 +1.119000473e+01 +1.119000473e+01 -3.9440e-01 -1.5060e+00 -3.0199e+00
912 0 +2.213113805e-01 +1.117131138e+01 +1.117131138e+01 -6.9304e-01 -1.5378e+00 -3.3615e+00
1105 0 +1.764424829e-01 +1.112644248e+01 +1.112644248e+01 -8.3250e-01 -1.8402e+00 -3.6595e+00
1314 0 +1.054119917e-01 +1.105541199e+01 +1.105541199e+01 -9.8003e-01 -2.1541e+00 -3.7452e+00
1347 0 +4.730506530e-02 +1.099730507e+01 +1.099730507e+01 -9.2072e-01 -1.9348e+00 -3.6368e+00
1351 0 +2.931019290e-02 +1.097931019e+01 +1.097931019e+01 -9.0900e-01 -1.8927e+00 -3.6818e+00
2447 0 +1.938419995e-02 +1.096938420e+01 +1.096938420e+01 -9.1043e-01 -1.9344e+00 -3.7053e+00
4990 0 +1.938419995e-02 +1.096938420e+01 +1.096938420e+01 -9.1043e-01 -1.9344e+00 -3.7053e+00
% f evaluations | g evaluations | best noise-free fitness - Fopt (7.520000000000e+01) + sum g_i+ | measured fitness | best measured fitness or single-digit g-values | x1 | x2...
1 0 +1.248565716e+02 +2.000565716e+02 +2.000565716e+02 -4.5437e+00 +1.7580e+00 -1.2599e+00
5 0 +1.237439658e+02 +1.989439658e+02 +1.989439658e+02 +7.1919e-01 +1.9105e+00 -1.5638e+00
8 0 +6.454089049e+01 +1.397408905e+02 +1.397408905e+02 +3.0976e+00 +1.8213e+00 +1.7372e+00
11 0 +1.250339517e+01 +8.770339517e+01 +8.770339517e+01 +4.2968e+00 -1.8597e-01 +1.2936e+00
39 0 +1.871340702e+00 +7.707134070e+01 +7.707134070e+01 +2.2381e+00 -8.7512e-01 +2.6377e+00
487 0 +1.701751797e+00 +7.690175180e+01 +7.690175180e+01 +3.1209e+00 -1.3078e+00 +2.4151e+00
562 0 +1.027889199e+00 +7.622788920e+01 +7.622788920e+01 +2.2158e+00 -1.2341e+00 +2.5466e+00
565 0 +8.610836123e-01 +7.606108361e+01 +7.606108361e+01 +2.3217e+00 -1.4294e+00 +2.8298e+00
608 0 +4.590133251e-01 +7.565901333e+01 +7.565901333e+01 +4.0672e+00 -1.4278e+00 +2.9138e+00
762 0 +3.135297443e-01 +7.551352974e+01 +7.551352974e+01 +2.7005e+00 -1.5028e+00 +2.8431e+00
1729 0 +2.628961427e-01 +7.546289614e+01 +7.546289614e+01 +2.8135e+00 -1.4077e+00 +2.8740e+00
2332 0 +2.279300985e-01 +7.542793010e+01 +7.542793010e+01 +3.7909e+00 -1.2802e+00 +2.8457e+00
2502 0 +3.910280553e-02 +7.523910281e+01 +7.523910281e+01 +3.3655e+00 -1.3662e+00 +2.8049e+00
7600 0 +3.910280553e-02 +7.523910281e+01 +7.523910281e+01 +3.3655e+00 -1.3662e+00 +2.8049e+00
% f evaluations | g evaluations | best noise-free fitness - Fopt (-2.819100000000e+02) + sum g_i+ | measured fitness | best measured fitness or single-digit g-values | x1 | x2...
1 0 +5.449538865e+02 +2.630438865e+02 +2.630438865e+02 -3.7454e+00 -4.3442e-01 +1.5178e+00
2 0 +2.769452856e+02 -4.964714414e+00 -4.964714414e+00 -3.2637e+00 +2.1402e-01 +2.4845e+00
8 0 +2.090791366e+02 -7.283086342e+01 -7.283086342e+01 -1.9876e+00 +4.2638e+00 -2.0616e+00
12 0 +1.269542902e+01 -2.692145710e+02 -2.692145710e+02 -2.0023e+00 +3.4905e+00 +1.4026e+00
56 0 +9.513191269e+00 -2.723968087e+02 -2.723968087e+02 +1.7080e-01 +3.1338e+00 +2.3658e+00
80 0 +5.096642851e+00 -2.768133571e+02 -2.768133571e+02 -1.0195e+00 +3.6304e+00 +1.8874e+00
100 0 +5.096642851e+00 -2.768133571e+02 -2.768133571e+02 -1.0195e+00 +3.6304e+00 +1.8874e+00
% f evaluations | g evaluations | best noise-free fitness - Fopt (6.998000000000e+01) + sum g_i+ | measured fitness | best measured fitness or single-digit g-values | x1 | x2...
1 0 +1.078694973e+02 +1.778494973e+02 +1.778494973e+02 +1.4116e+00 +2.6025e+00 +1.0460e+00
4 0 +9.077804949e+01 +1.607580495e+02 +1.607580495e+02 -2.1852e+00 +4.7649e+00 +4.2582e+00
7 0 +1.578785113e+01 +8.576785113e+01 +8.576785113e+01 -1.5099e+00 +3.2779e+00 +1.5313e+00
94 0 +1.049109872e+01 +8.047109872e+01 +8.047109872e+01 -3.3074e+00 +2.5143e+00 +4.7923e+00
169 0 +3.929657617e+00 +7.390965762e+01 +7.390965762e+01 -4.6048e+00 +7.6696e-01 -1.2553e+00
302 0 +2.156850256e+00 +7.213685026e+01 +7.213685026e+01 -4.3489e+00 +1.5620e+00 +8.5542e-01
377 0 +5.884748573e-01 +7.056847486e+01 +7.056847486e+01 -2.9902e+00 +1.9179e+00 +2.0015e-01
823 0 +3.868554852e-01 +7.036685549e+01 +7.036685549e+01 -3.4150e+00 +1.9083e+00 +8.4037e-01
825 0 +2.902709491e-01 +7.027027095e+01 +7.027027095e+01 -3.4808e+00 +1.8230e+00 +3.8759e-02
847 0 +8.683052282e-02 +7.006683052e+01 +7.006683052e+01 -3.2168e+00 +1.9038e+00 +3.6367e-01
1154 0 +7.829796627e-02 +7.005829797e+01 +7.005829797e+01 -3.3724e+00 +1.8738e+00 +4.3491e-01
1173 0 +2.390188314e-07 +6.998000024e+01 +6.998000024e+01 -3.3602e+00 +1.7986e+00 +2.2159e-01
6520 0 +2.390188314e-07 +6.998000024e+01 +6.998000024e+01 -3.3602e+00 +1.7986e+00 +2.2159e-01
% f evaluations | g evaluations | best noise-free fitness - Fopt (3.528000000000e+01) + sum g_i+ | measured fitness | best measured fitness or single-digit g-values | x1 | x2...
1 0 +1.122983678e+03 +1.158263678e+03 +1.158263678e+03 -4.6065e+00 -3.4330e+00 +3.6265e+00
2 0 +5.722306208e+02 +6.075106208e+02 +6.075106208e+02 -3.1375e+00 +8.7461e-01 +1.5313e+00
4 0 +6.744253635e+01 +1.027225364e+02 +1.027225364e+02 +1.8749e+00 -1.6283e-01 -3.6923e+00
6 0 +3.774036151e+01 +7.302036151e+01 +7.302036151e+01 +4.6888e+00 -1.1572e+00 -3.2498e+00
30 0 +6.327563314e+00 +4.160756331e+01 +4.160756331e+01 +3.4272e+00 -2.6883e+00 -2.3942e+00
60 0 +2.950021601e+00 +3.823002160e+01 +3.823002160e+01 +2.0753e+00 +4.0827e+00 -3.5037e+00
220 0 +6.191690289e-01 +3.589916903e+01 +3.589916903e+01 +2.1711e+00 +3.9554e+00 -3.9978e+00
5950 0 +6.191690289e-01 +3.589916903e+01 +3.589916903e+01 +2.1711e+00 +3.9554e+00 -3.9978e+00
