% f evaluations | g evaluations | best noise-free fitness - Fopt (-5.465000000000e+02) + sum g_i+ | measured fitness | best measured fitness or single-digit g-values | x1 | x2...
1 0 +5.521515401e+03 +4.975015401e+03 +4.975015401e+03 +0.0000e+00 +0.0000e+00
3 0 +7.500312658e+02 +2.035312658e+02 +2.035312658e+02 -3.3333e+00 +0.0000e+00
8 0 +2.848363504e+02 -2.616636496e+02 -2.616636496e+02 +3.3333e+00 +3.3333e+00
12 0 +2.798211556e+02 -2.666788444e+02 -2.666788444e+02 -3.3333e+00 +1.1111e+00
14 0 +3.309933939e+00 -5.431900661e+02 -5.431900661e+02 -2.2222e+00 +1.1111e+00
22 0 +2.338721200e+00 -5.441612788e+02 -5.441612788e+02 -2.2222e+00 +1.4815e+00
34 0 +2.216251040e+00 -5.442837490e+02 -5.442837490e+02 -2.0988e+00 +1.4815e+00
52 0 +1.890937852e+00 -5.446090621e+02 -5.446090621e+02 -2.0988e+00 +1.5226e+00
131 0 +1.216835756e+00 -5.452831642e+02 -5.452831642e+02 +1.4815e+00 +1.8519e+00
179 0 +7.636738619e-01 -5.457363261e+02 -5.457363261e+02 -1.9753e+00 +2.0988e+00
199 0 +3.884319403e-01 -5.461115681e+02 -5.461115681e+02 -2.0165e+00 +2.0988e+00
210 0 +2.351885937e-01 -5.462648114e+02 -5.462648114e+02 -2.0165e+00 +2.1399e+00
221 0 +2.061471643e-01 -5.462938528e+02 -5.462938528e+02 -2.0302e+00 +2.1399e+00
223 0 +1.928279721e-01 -5.463071720e+02 -5.463071720e+02 -2.0165e+00 +2.1262e+00
239 0 +1.401288402e-01 -5.463598712e+02 -5.463598712e+02 -2.0302e+00 +2.1262e+00
257 0 +1.258009904e-01 -5.463741990e+02 -5.463741990e+02 -2.0348e+00 +2.1262e+00
1332 0 +1.545656274e-02 -5.464845434e+02 -5.464845434e+02 -2.0988e+00 +2.0988e+00
1359 0 +5.852697092e-03 -5.464941473e+02 -5.464941473e+02 -2.1125e+00 +2.0988e+00
1434 0 +1.514595641e-03 -5.464984854e+02 -5.464984854e+02 -2.1125e+00 +2.1033e+00
1458 0 +3.752436436e-04 -5.464996248e+02 -5.464996248e+02 -2.1079e+00 +2.1033e+00
2424 0 +1.012368406e-04 -5.464998988e+02 -5.464998988e+02 -2.1064e+00 +2.1049e+00
2462 0 +8.958163232e-05 -5.464999104e+02 -5.464999104e+02 -2.1033e+00 +2.1049e+00
2475 0 +1.409971446e-07 -5.464999999e+02 -5.464999999e+02 -2.1049e+00 +2.1049e+00
11628 0 +1.409971446e-07 -5.464999999e+02 -5.464999999e+02 -2.1049e+00 +2.1049e+00
% f evaluations | g evaluations | best noise-free fitness - Fopt (1.000000000000e+03) + sum g_i+ | measured fitness | best measured fitness or single-digit g-values | x1 | x2...
1 0 +5.521515401e+03 +6.521515401e+03 +6.521515401e+03 +0.0000e+00 +0.0000e+00
3 0 +7.500312658e+02 +1.750031266e+03 +1.750031266e+03 -3.3333e+00 +0.0000e+00
8 0 +2.848363504e+02 +1.284836350e+03 +1.284836350e+03 +3.3333e+00 +3.3333e+00
12 0 +2.798211556e+02 +1.279821156e+03 +1.279821156e+03 -3.3333e+00 +1.1111e+00
14 0 +3.309933939e+00 +1.003309934e+03 +1.003309934e+03 -2.2222e+00 +1.1111e+00
22 0 +2.338721200e+00 +1.002338721e+03 +1.002338721e+03 -2.2222e+00 +1.4815e+00
34 0 +2.216251040e+00 +1.002216251e+03 +1.002216251e+03 -2.0988e+00 +1.4815e+00
52 0 +1.890937852e+00 +1.001890938e+03 +1.001890938e+03 -2.0988e+00 +1.5226e+00
111 0 +1.216835756e+00 +1.001216836e+03 +1.001216836e+03 +1.4815e+00 +1.8519e+00
165 0 +7.636738619e-01 +1.000763674e+03 +1.000763674e+03 -1.9753e+00 +2.0988e+00
185 0 +3.884319403e-01 +1.000388432e+03 +1.000388432e+03 -2.0165e+00 +2.0988e+00
194 0 +2.351885937e-01 +1.000235189e+03 +1.000235189e+03 -2.0165e+00 +2.1399e+00
209 0 +2.061471643e-01 +1.000206147e+03 +1.000206147e+03 -2.0302e+00 +2.1399e+00
211 0 +1.928279721e-01 +1.000192828e+03 +1.000192828e+03 -2.0165e+00 +2.1262e+00
227 0 +1.401288402e-01 +1.000140129e+03 +1.000140129e+03 -2.0302e+00 +2.1262e+00
259 0 +1.258009904e-01 +1.000125801e+03 +1.000125801e+03 -2.0348e+00 +2.1262e+00
1188 0 +1.545656274e-02 +1.000015457e+03 +1.000015457e+03 -2.0988e+00 +2.0988e+00
1223 0 +5.852697092e-03 +1.000005853e+03 +1.000005853e+03 -2.1125e+00 +2.0988e+00
1366 0 +1.514595641e-03 +1.000001515e+03 +1.000001515e+03 -2.1125e+00 +2.1033e+00
1378 0 +3.752436436e-04 +1.000000375e+03 +1.000000375e+03 -2.1079e+00 +2.1033e+00
2894 0 +1.012368406e-04 +1.000000101e+03 +1.000000101e+03 -2.1064e+00 +2.1049e+00
2948 0 +8.958163232e-05 +1.000000090e+03 +1.000000090e+03 -2.1033e+00 +2.1049e+00
2969 0 +1.409971446e-07 +1.000000000e+03 +1.000000000e+03 -2.1049e+00 +2.1049e+00
9710 0 +1.409971446e-07 +1.000000000e+03 +1.000000000e+03 -2.1049e+00 +2.1049e+00
% f evaluations | g evaluations | best noise-free fitness - Fopt (2.083800000000e+02) + sum g_i+ | measured fitness | best measured fitness or single-digit g-values | x1 | x2...
1 0 +5.521515401e+03 +5.729895401e+03 +5.729895401e+03 +0.0000e+00 +0.0000e+00
3 0 +7.500312658e+02 +9.584112658e+02 +9.584112658e+02 -3.3333e+00 +0.0000e+00
8 0 +2.848363504e+02 +4.932163504e+02 +4.932163504e+02 +3.3333e+00 +3.3333e+00
12 0 +2.798211556e+02 +4.882011556e+02 +4.882011556e+02 -3.3333e+00 +1.1111e+00
14 0 +3.309933939e+00 +2.116899339e+02 +2.116899339e+02 -2.2222e+00 +1.1111e+00
22 0 +2.338721200e+00 +2.107187212e+02 +2.107187212e+02 -2.2222e+00 +1.4815e+00
34 0 +2.216251040e+00 +2.105962510e+02 +2.105962510e+02 -2.0988e+00 +1.4815e+00
52 0 +1.890937852e+00 +2.102709379e+02 +2.102709379e+02 -2.0988e+00 +1.5226e+00
134 0 +1.778213373e+00 +2.101582134e+02 +2.101582134e+02 -2.1125e+00 +1.5409e+00
153 0 +1.216835756e+00 +2.095968358e+02 +2.095968358e+02 +1.4815e+00 +1.8519e+00
205 0 +7.636738619e-01 +2.091436739e+02 +2.091436739e+02 -1.9753e+00 +2.0988e+00
223 0 +3.884319403e-01 +2.087684319e+02 +2.087684319e+02 -2.0165e+00 +2.0988e+00
234 0 +2.351885937e-01 +2.086151886e+02 +2.086151886e+02 -2.0165e+00 +2.1399e+00
245 0 +2.061471643e-01 +2.085861472e+02 +2.085861472e+02 -2.0302e+00 +2.1399e+00
247 0 +1.928279721e-01 +2.085728280e+02 +2.085728280e+02 -2.0165e+00 +2.1262e+00
263 0 +1.401288402e-01 +2.085201288e+02 +2.085201288e+02 -2.0302e+00 +2.1262e+00
277 0 +1.258009904e-01 +2.085058010e+02 +2.085058010e+02 -2.0348e+00 +2.1262e+00
1572 0 +1.545656274e-02 +2.083954566e+02 +2.083954566e+02 -2.0988e+00 +2.0988e+00
1597 0 +5.852697092e-03 +2.083858527e+02 +2.083858527e+02 -2.1125e+00 +2.0988e+00
1654 0 +1.514595641e-03 +2.083815146e+02 +2.083815146e+02 -2.1125e+00 +2.1033e+00
1668 0 +3.752436436e-04 +2.083803752e+02 +2.083803752e+02 -2.1079e+00 +2.1033e+00
2012 0 +1.012368406e-04 +2.083801012e+02 +2.083801012e+02 -2.1064e+00 +2.1049e+00
2062 0 +8.958163230e-05 +2.083800896e+02 +2.083800896e+02 -2.1033e+00 +2.1049e+00
2077 0 +1.409971730e-07 +2.083800001e+02 +2.083800001e+02 -2.1049e+00 +2.1049e+00
14416 0 +1.409971730e-07 +2.083800001e+02 +2.083800001e+02 -2.1049e+00 +2.1049e+00
% f evaluations | g evaluations | best noise-free fitness - Fopt (-1.449600000000e+02) + sum g_i+ | measured fitness | best measured fitness or single-digit g-values | x1 | x2...
1 0 +5.521515401e+03 +5.376555401e+03 +5.376555401e+03 +0.0000e+00 +0.0000e+00
3 0 +7.500312658e+02 +6.050712658e+02 +6.050712658e+02 -3.3333e+00 +0.0000e+00
9 0 +2.848363504e+02 +1.398763504e+02 +1.398763504e+02 +3.3333e+00 -3.3333e+00
13 0 +2.798211556e+02 +1.348611556e+02 +1.348611556e+02 -3.3333e+00 -1.1111e+00
14 0 +3.309933939e+00 -1.416500661e+02 -1.416500661e+02 -2.2222e+00 -1.1111e+00
23 0 +2.338721200e+00 -1.426212788e+02 -1.426212788e+02 -2.2222e+00 -1.4815e+00
34 0 +2.216251040e+00 -1.427437490e+02 -1.427437490e+02 -2.0988e+00 -1.4815e+00
53 0 +1.890937852e+00 -1.430690621e+02 -1.430690621e+02 -2.0988e+00 -1.5226e+00
135 0 +1.778213373e+00 -1.431817866e+02 -1.431817866e+02 -2.1125e+00 -1.5409e+00
152 0 +1.216835756e+00 -1.437431642e+02 -1.437431642e+02 +1.4815e+00 -1.8519e+00
206 0 +7.636738619e-01 -1.441963261e+02 -1.441963261e+02 -1.9753e+00 -2.0988e+00
229 0 +3.884319403e-01 -1.445715681e+02 -1.445715681e+02 -2.0165e+00 -2.0988e+00
241 0 +2.351885937e-01 -1.447248114e+02 -1.447248114e+02 -2.0165e+00 -2.1399e+00
251 0 +2.061471643e-01 -1.447538528e+02 -1.447538528e+02 -2.0302e+00 -2.1399e+00
252 0 +1.928279721e-01 -1.447671720e+02 -1.447671720e+02 -2.0165e+00 -2.1262e+00
269 0 +1.401288402e-01 -1.448198712e+02 -1.448198712e+02 -2.0302e+00 -2.1262e+00
283 0 +1.258009904e-01 -1.448341990e+02 -1.448341990e+02 -2.0348e+00 -2.1262e+00
1736 0 +1.545656274e-02 -1.449445434e+02 -1.449445434e+02 -2.0988e+00 -2.0988e+00
1761 0 +5.852697092e-03 -1.449541473e+02 -1.449541473e+02 -2.1125e+00 -2.0988e+00
1811 0 +1.514595641e-03 -1.449584854e+02 -1.449584854e+02 -2.1125e+00 -2.1033e+00
1820 0 +3.752436436e-04 -1.449596248e+02 -1.449596248e+02 -2.1079e+00 -2.1033e+00
2061 0 +1.012368406e-04 -1.449598988e+02 -1.449598988e+02 -2.1064e+00 -2.1049e+00
2111 0 +8.958163230e-05 -1.449599104e+02 -1.449599104e+02 -2.1033e+00 -2.1049e+00
2127 0 +1.409971730e-07 -1.449599999e+02 -1.449599999e+02 -2.1049e+00 -2.1049e+00
14838 0 +1.409971730e-07 -1.449599999e+02 -1.449599999e+02 -2.1049e+00 -2.1049e+00
% f evaluations | g evaluations | best noise-free fitness - Fopt (-6.300000000000e+00) + sum g_i+ | measured fitness | best measured fitness or single-digit g-values | x1 | x2...
1 0 +5.521515401e+03 +5.515215401e+03 +5.515215401e+03 +0.0000e+00 +0.0000e+00
2 0 +7.500312658e+02 +7.437312658e+02 +7.437312658e+02 +3.3333e+00 +0.0000e+00
9 0 +2.848363504e+02 +2.785363504e+02 +2.785363504e+02 -3.3333e+00 -3.3333e+00
13 0 +2.798211556e+02 +2.735211556e+02 +2.735211556e+02 +3.3333e+00 -1.1111e+00
15 0 +3.309933939e+00 -2.990066061e+00 -2.990066061e+00 +2.2222e+00 -1.1111e+00
23 0 +2.338721200e+00 -3.961278800e+00 -3.961278800e+00 +2.2222e+00 -1.4815e+00
35 0 +2.216251040e+00 -4.083748960e+00 -4.083748960e+00 +2.0988e+00 -1.4815e+00
53 0 +1.890937852e+00 -4.409062148e+00 -4.409062148e+00 +2.0988e+00 -1.5226e+00
137 0 +1.778213373e+00 -4.521786627e+00 -4.521786627e+00 +2.1125e+00 -1.5409e+00
154 0 +1.216835756e+00 -5.083164244e+00 -5.083164244e+00 -1.4815e+00 -1.8519e+00
220 0 +7.636738619e-01 -5.536326138e+00 -5.536326138e+00 +1.9753e+00 -2.0988e+00
242 0 +3.884319403e-01 -5.911568060e+00 -5.911568060e+00 +2.0165e+00 -2.0988e+00
255 0 +2.351885937e-01 -6.064811406e+00 -6.064811406e+00 +2.0165e+00 -2.1399e+00
264 0 +2.061471643e-01 -6.093852836e+00 -6.093852836e+00 +2.0302e+00 -2.1399e+00
266 0 +1.928279721e-01 -6.107172028e+00 -6.107172028e+00 +2.0165e+00 -2.1262e+00
282 0 +1.401288402e-01 -6.159871160e+00 -6.159871160e+00 +2.0302e+00 -2.1262e+00
296 0 +1.258009904e-01 -6.174199010e+00 -6.174199010e+00 +2.0348e+00 -2.1262e+00
3317 0 +1.545656274e-02 -6.284543437e+00 -6.284543437e+00 +2.0988e+00 -2.0988e+00
3334 0 +5.852697092e-03 -6.294147303e+00 -6.294147303e+00 +2.1125e+00 -2.0988e+00
3361 0 +1.514595641e-03 -6.298485404e+00 -6.298485404e+00 +2.1125e+00 -2.1033e+00
3375 0 +3.752436435e-04 -6.299624756e+00 -6.299624756e+00 +2.1079e+00 -2.1033e+00
3421 0 +1.012368406e-04 -6.299898763e+00 -6.299898763e+00 +2.1064e+00 -2.1049e+00
3457 0 +4.636380947e-05 -6.299953636e+00 -6.299953636e+00 +2.1059e+00 -2.1049e+00
3492 0 +4.048567524e-05 -6.299959514e+00 -6.299959514e+00 +2.1059e+00 -2.1044e+00
3554 0 +1.409971704e-07 -6.299999859e+00 -6.299999859e+00 +2.1049e+00 -2.1049e+00
15469 0 +5.622252708e-08 -6.299999944e+00 -6.299999944e+00 +2.1048e+00 -2.1049e+00
19424 0 +5.622252708e-08 -6.299999944e+00 -6.299999944e+00 +2.1048e+00 -2.1049e+00
% f evaluations | g evaluations | best noise-free fitness - Fopt (5.617800000000e+02) + sum g_i+ | measured fitness | best measured fitness or single-digit g-values | x1 | x2...
1 0 +5.521515401e+03 +6.083295401e+03 +6.083295401e+03 +0.0000e+00 +0.0000e+00
2 0 +7.500312658e+02 +1.311811266e+03 +1.311811266e+03 +3.3333e+00 +0.0000e+00
9 0 +2.848363504e+02 +8.466163504e+02 +8.466163504e+02 -3.3333e+00 -3.3333e+00
13 0 +2.798211556e+02 +8.416011556e+02 +8.416011556e+02 +3.3333e+00 -1.1111e+00
15 0 +3.309933939e+00 +5.650899339e+02 +5.650899339e+02 +2.2222e+00 -1.1111e+00
23 0 +2.338721200e+00 +5.641187212e+02 +5.641187212e+02 +2.2222e+00 -1.4815e+00
35 0 +2.216251040e+00 +5.639962510e+02 +5.639962510e+02 +2.0988e+00 -1.4815e+00
53 0 +1.890937852e+00 +5.636709379e+02 +5.636709379e+02 +2.0988e+00 -1.5226e+00
130 0 +1.216835756e+00 +5.629968358e+02 +5.629968358e+02 -1.4815e+00 -1.8519e+00
178 0 +7.636738619e-01 +5.625436739e+02 +5.625436739e+02 +1.9753e+00 -2.0988e+00
198 0 +3.884319403e-01 +5.621684319e+02 +5.621684319e+02 +2.0165e+00 -2.0988e+00
211 0 +2.351885937e-01 +5.620151886e+02 +5.620151886e+02 +2.0165e+00 -2.1399e+00
220 0 +2.061471643e-01 +5.619861472e+02 +5.619861472e+02 +2.0302e+00 -2.1399e+00
222 0 +1.928279721e-01 +5.619728280e+02 +5.619728280e+02 +2.0165e+00 -2.1262e+00
238 0 +1.401288402e-01 +5.619201288e+02 +5.619201288e+02 +2.0302e+00 -2.1262e+00
256 0 +1.258009904e-01 +5.619058010e+02 +5.619058010e+02 +2.0348e+00 -2.1262e+00
1321 0 +1.545656274e-02 +5.617954566e+02 +5.617954566e+02 +2.0988e+00 -2.0988e+00
1346 0 +5.852697092e-03 +5.617858527e+02 +5.617858527e+02 +2.1125e+00 -2.0988e+00
1423 0 +1.514595641e-03 +5.617815146e+02 +5.617815146e+02 +2.1125e+00 -2.1033e+00
1447 0 +3.752436436e-04 +5.617803752e+02 +5.617803752e+02 +2.1079e+00 -2.1033e+00
2403 0 +1.012368406e-04 +5.617801012e+02 +5.617801012e+02 +2.1064e+00 -2.1049e+00
2447 0 +8.958163232e-05 +5.617800896e+02 +5.617800896e+02 +2.1033e+00 -2.1049e+00
2458 0 +1.409971446e-07 +5.617800001e+02 +5.617800001e+02 +2.1049e+00 -2.1049e+00
11486 0 +1.409971446e-07 +5.617800001e+02 +5.617800001e+02 +2.1049e+00 -2.1049e+00
% f evaluations | g evaluations | best noise-free fitness - Fopt (-6.708000000000e+01) + sum g_i+ | measured fitness | best measured fitness or single-digit g-values | x1 | x2...
1 0 +5.521515401e+03 +5.454435401e+03 +5.454435401e+03 +0.0000e+00 +0.0000e+00
2 0 +7.500312658e+02 +6.829512658e+02 +6.829512658e+02 +3.3333e+00 +0.0000e+00
8 0 +2.848363504e+02 +2.177563504e+02 +2.177563504e+02 -3.3333e+00 +3.3333e+00
12 0 +2.798211556e+02 +2.127411556e+02 +2.127411556e+02 +3.3333e+00 +1.1111e+00
15 0 +3.309933939e+00 -6.377006606e+01 -6.377006606e+01 +2.2222e+00 +1.1111e+00
22 0 +2.338721200e+00 -6.474127880e+01 -6.474127880e+01 +2.2222e+00 +1.4815e+00
35 0 +2.216251040e+00 -6.486374896e+01 -6.486374896e+01 +2.0988e+00 +1.4815e+00
52 0 +1.890937852e+00 -6.518906215e+01 -6.518906215e+01 +2.0988e+00 +1.5226e+00
134 0 +1.778213373e+00 -6.530178663e+01 -6.530178663e+01 +2.1125e+00 +1.5409e+00
153 0 +1.216835756e+00 -6.586316424e+01 -6.586316424e+01 -1.4815e+00 +1.8519e+00
215 0 +7.636738619e-01 -6.631632614e+01 -6.631632614e+01 +1.9753e+00 +2.0988e+00
236 0 +3.884319403e-01 -6.669156806e+01 -6.669156806e+01 +2.0165e+00 +2.0988e+00
248 0 +2.351885937e-01 -6.684481141e+01 -6.684481141e+01 +2.0165e+00 +2.1399e+00
258 0 +2.061471643e-01 -6.687385284e+01 -6.687385284e+01 +2.0302e+00 +2.1399e+00
261 0 +1.928279721e-01 -6.688717203e+01 -6.688717203e+01 +2.0165e+00 +2.1262e+00
276 0 +1.401288402e-01 -6.693987116e+01 -6.693987116e+01 +2.0302e+00 +2.1262e+00
290 0 +1.258009904e-01 -6.695419901e+01 -6.695419901e+01 +2.0348e+00 +2.1262e+00
2129 0 +1.545656274e-02 -6.706454344e+01 -6.706454344e+01 +2.0988e+00 +2.0988e+00
2146 0 +5.852697092e-03 -6.707414730e+01 -6.707414730e+01 +2.1125e+00 +2.0988e+00
2174 0 +1.514595641e-03 -6.707848540e+01 -6.707848540e+01 +2.1125e+00 +2.1033e+00
2197 0 +3.752436435e-04 -6.707962476e+01 -6.707962476e+01 +2.1079e+00 +2.1033e+00
2326 0 +1.012368406e-04 -6.707989876e+01 -6.707989876e+01 +2.1064e+00 +2.1049e+00
2356 0 +8.958163230e-05 -6.707991042e+01 -6.707991042e+01 +2.1033e+00 +2.1049e+00
2372 0 +1.409971730e-07 -6.707999986e+01 -6.707999986e+01 +2.1049e+00 +2.1049e+00
15702 0 +1.409971730e-07 -6.707999986e+01 -6.707999986e+01 +2.1049e+00 +2.1049e+00
% f evaluations | g evaluations | best noise-free fitness - Fopt (5.027000000000e+01) + sum g_i+ | measured fitness | best measured fitness or single-digit g-values | x1 | x2...
1 0 +5.521515401e+03 +5.571785401e+03 +5.571785401e+03 +0.0000e+00 +0.0000e+00
2 0 +7.500312658e+02 +8.003012658e+02 +8.003012658e+02 +3.3333e+00 +0.0000e+00
8 0 +2.848363504e+02 +3.351063504e+02 +3.351063504e+02 -3.3333e+00 +3.3333e+00
12 0 +2.798211556e+02 +3.300911556e+02 +3.300911556e+02 +3.3333e+00 +1.1111e+00
15 0 +3.309933939e+00 +5.357993394e+01 +5.357993394e+01 +2.2222e+00 +1.1111e+00
22 0 +2.338721200e+00 +5.260872120e+01 +5.260872120e+01 +2.2222e+00 +1.4815e+00
35 0 +2.216251040e+00 +5.248625104e+01 +5.248625104e+01 +2.0988e+00 +1.4815e+00
52 0 +1.890937852e+00 +5.216093785e+01 +5.216093785e+01 +2.0988e+00 +1.5226e+00
134 0 +1.778213373e+00 +5.204821337e+01 +5.204821337e+01 +2.1125e+00 +1.5409e+00
153 0 +1.216835756e+00 +5.148683576e+01 +5.148683576e+01 -1.4815e+00 +1.8519e+00
215 0 +7.636738619e-01 +5.103367386e+01 +5.103367386e+01 +1.9753e+00 +2.0988e+00
236 0 +3.884319403e-01 +5.065843194e+01 +5.065843194e+01 +2.0165e+00 +2.0988e+00
248 0 +2.351885937e-01 +5.050518859e+01 +5.050518859e+01 +2.0165e+00 +2.1399e+00
258 0 +2.061471643e-01 +5.047614716e+01 +5.047614716e+01 +2.0302e+00 +2.1399e+00
261 0 +1.928279721e-01 +5.046282797e+01 +5.046282797e+01 +2.0165e+00 +2.1262e+00
276 0 +1.401288402e-01 +5.041012884e+01 +5.041012884e+01 +2.0302e+00 +2.1262e+00
290 0 +1.258009904e-01 +5.039580099e+01 +5.039580099e+01 +2.0348e+00 +2.1262e+00
2257 0 +1.545656274e-02 +5.028545656e+01 +5.028545656e+01 +2.0988e+00 +2.0988e+00
2274 0 +5.852697092e-03 +5.027585270e+01 +5.027585270e+01 +2.1125e+00 +2.0988e+00
2302 0 +1.514595641e-03 +5.027151460e+01 +5.027151460e+01 +2.1125e+00 +2.1033e+00
2315 0 +3.752436435e-04 +5.027037524e+01 +5.027037524e+01 +2.1079e+00 +2.1033e+00
2400 0 +1.012368406e-04 +5.027010124e+01 +5.027010124e+01 +2.1064e+00 +2.1049e+00
2462 0 +8.958163230e-05 +5.027008958e+01 +5.027008958e+01 +2.1033e+00 +2.1049e+00
2476 0 +1.409971730e-07 +5.027000014e+01 +5.027000014e+01 +2.1049e+00 +2.1049e+00
16412 0 +1.409971730e-07 +5.027000014e+01 +5.027000014e+01 +2.1049e+00 +2.1049e+00
% f evaluations | g evaluations | best noise-free fitness - Fopt (-8.081200000000e+02) + sum g_i+ | measured fitness | best measured fitness or single-digit g-values | x1 | x2...
1 0 +5.521515401e+03 +4.713395401e+03 +4.713395401e+03 +0.0000e+00 +0.0000e+00
2 0 +7.500312658e+02 -5.808873417e+01 -5.808873417e+01 +3.3333e+00 +0.0000e+00
9 0 +2.848363504e+02 -5.232836496e+02 -5.232836496e+02 -3.3333e+00 -3.3333e+00
13 0 +2.798211556e+02 -5.282988444e+02 -5.282988444e+02 +3.3333e+00 -1.1111e+00
15 0 +3.309933939e+00 -8.048100661e+02 -8.048100661e+02 +2.2222e+00 -1.1111e+00
23 0 +2.338721200e+00 -8.057812788e+02 -8.057812788e+02 +2.2222e+00 -1.4815e+00
35 0 +2.216251040e+00 -8.059037490e+02 -8.059037490e+02 +2.0988e+00 -1.4815e+00
53 0 +1.890937852e+00 -8.062290621e+02 -8.062290621e+02 +2.0988e+00 -1.5226e+00
116 0 +1.216835756e+00 -8.069031642e+02 -8.069031642e+02 -1.4815e+00 -1.8519e+00
170 0 +7.636738619e-01 -8.073563261e+02 -8.073563261e+02 +1.9753e+00 -2.0988e+00
190 0 +3.884319403e-01 -8.077315681e+02 -8.077315681e+02 +2.0165e+00 -2.0988e+00
201 0 +2.351885937e-01 -8.078848114e+02 -8.078848114e+02 +2.0165e+00 -2.1399e+00
214 0 +2.061471643e-01 -8.079138528e+02 -8.079138528e+02 +2.0302e+00 -2.1399e+00
216 0 +1.928279721e-01 -8.079271720e+02 -8.079271720e+02 +2.0165e+00 -2.1262e+00
228 0 +1.401288402e-01 -8.079798712e+02 -8.079798712e+02 +2.0302e+00 -2.1262e+00
242 0 +1.258009904e-01 -8.079941990e+02 -8.079941990e+02 +2.0348e+00 -2.1262e+00
1213 0 +1.545656274e-02 -8.081045434e+02 -8.081045434e+02 +2.0988e+00 -2.0988e+00
1248 0 +5.852697092e-03 -8.081141473e+02 -8.081141473e+02 +2.1125e+00 -2.0988e+00
1341 0 +1.514595641e-03 -8.081184854e+02 -8.081184854e+02 +2.1125e+00 -2.1033e+00
1365 0 +3.752436436e-04 -8.081196248e+02 -8.081196248e+02 +2.1079e+00 -2.1033e+00
2587 0 +1.012368406e-04 -8.081198988e+02 -8.081198988e+02 +2.1064e+00 -2.1049e+00
2635 0 +8.958163232e-05 -8.081199104e+02 -8.081199104e+02 +2.1033e+00 -2.1049e+00
2658 0 +1.409971446e-07 -8.081199999e+02 -8.081199999e+02 +2.1049e+00 -2.1049e+00
10492 0 +1.409971446e-07 -8.081199999e+02 -8.081199999e+02 +2.1049e+00 -2.1049e+00
% f evaluations | g evaluations | best noise-free fitness - Fopt (3.865000000000e+01) + sum g_i+ | measured fitness | best measured fitness or single-digit g-values | x1 | x2...
1 0 +5.521515401e+03 +5.560165401e+03 +5.560165401e+03 +0.0000e+00 +0.0000e+00
2 0 +7.500312658e+02 +7.886812658e+02 +7.886812658e+02 +3.3333e+00 +0.0000e+00
9 0 +2.848363504e+02 +3.234863504e+02 +3.234863504e+02 -3.3333e+00 -3.3333e+00
13 0 +2.798211556e+02 +3.184711556e+02 +3.184711556e+02 +3.3333e+00 -1.1111e+00
15 0 +3.309933939e+00 +4.195993394e+01 +4.195993394e+01 +2.2222e+00 -1.1111e+00
23 0 +2.338721200e+00 +4.098872120e+01 +4.098872120e+01 +2.2222e+00 -1.4815e+00
35 0 +2.216251040e+00 +4.086625104e+01 +4.086625104e+01 +2.0988e+00 -1.4815e+00
53 0 +1.890937852e+00 +4.054093785e+01 +4.054093785e+01 +2.0988e+00 -1.5226e+00
137 0 +1.778213373e+00 +4.042821337e+01 +4.042821337e+01 +2.1125e+00 -1.5409e+00
154 0 +1.216835756e+00 +3.986683576e+01 +3.986683576e+01 -1.4815e+00 -1.8519e+00
220 0 +7.636738619e-01 +3.941367386e+01 +3.941367386e+01 +1.9753e+00 -2.0988e+00
242 0 +3.884319403e-01 +3.903843194e+01 +3.903843194e+01 +2.0165e+00 -2.0988e+00
255 0 +2.351885937e-01 +3.888518859e+01 +3.888518859e+01 +2.0165e+00 -2.1399e+00
264 0 +2.061471643e-01 +3.885614716e+01 +3.885614716e+01 +2.0302e+00 -2.1399e+00
266 0 +1.928279721e-01 +3.884282797e+01 +3.884282797e+01 +2.0165e+00 -2.1262e+00
282 0 +1.401288402e-01 +3.879012884e+01 +3.879012884e+01 +2.0302e+00 -2.1262e+00
296 0 +1.258009904e-01 +3.877580099e+01 +3.877580099e+01 +2.0348e+00 -2.1262e+00
2415 0 +1.545656274e-02 +3.866545656e+01 +3.866545656e+01 +2.0988e+00 -2.0988e+00
2432 0 +5.852697092e-03 +3.865585270e+01 +3.865585270e+01 +2.1125e+00 -2.0988e+00
2459 0 +1.514595641e-03 +3.865151460e+01 +3.865151460e+01 +2.1125e+00 -2.1033e+00
2473 0 +3.752436435e-04 +3.865037524e+01 +3.865037524e+01 +2.1079e+00 -2.1033e+00
2519 0 +1.012368406e-04 +3.865010124e+01 +3.865010124e+01 +2.1064e+00 -2.1049e+00
2627 0 +8.958163230e-05 +3.865008958e+01 +3.865008958e+01 +2.1033e+00 -2.1049e+00
2642 0 +1.409971730e-07 +3.865000014e+01 +3.865000014e+01 +2.1049e+00 -2.1049e+00
16964 0 +1.409971730e-07 +3.865000014e+01 +3.865000014e+01 +2.1049e+00 -2.1049e+00
% f evaluations | g evaluations | best noise-free fitness - Fopt (2.000700000000e+02) + sum g_i+ | measured fitness | best measured fitness or single-digit g-values | x1 | x2...
1 0 +5.521515401e+03 +5.721585401e+03 +5.721585401e+03 +0.0000e+00 +0.0000e+00
3 0 +7.500312658e+02 +9.501012658e+02 +9.501012658e+02 -3.3333e+00 +0.0000e+00
9 0 +2.848363504e+02 +4.849063504e+02 +4.849063504e+02 +3.3333e+00 -3.3333e+00
13 0 +2.798211556e+02 +4.798911556e+02 +4.798911556e+02 -3.3333e+00 -1.1111e+00
14 0 +3.309933939e+00 +2.033799339e+02 +2.033799339e+02 -2.2222e+00 -1.1111e+00
23 0 +2.338721200e+00 +2.024087212e+02 +2.024087212e+02 -2.2222e+00 -1.4815e+00
34 0 +2.216251040e+00 +2.022862510e+02 +2.022862510e+02 -2.0988e+00 -1.4815e+00
53 0 +1.890937852e+00 +2.019609379e+02 +2.019609379e+02 -2.0988e+00 -1.5226e+00
135 0 +1.778213373e+00 +2.018482134e+02 +2.018482134e+02 -2.1125e+00 -1.5409e+00
152 0 +1.216835756e+00 +2.012868358e+02 +2.012868358e+02 +1.4815e+00 -1.8519e+00
204 0 +7.636738619e-01 +2.008336739e+02 +2.008336739e+02 -1.9753e+00 -2.0988e+00
223 0 +3.884319403e-01 +2.004584319e+02 +2.004584319e+02 -2.0165e+00 -2.0988e+00
235 0 +2.351885937e-01 +2.003051886e+02 +2.003051886e+02 -2.0165e+00 -2.1399e+00
245 0 +2.061471643e-01 +2.002761472e+02 +2.002761472e+02 -2.0302e+00 -2.1399e+00
246 0 +1.928279721e-01 +2.002628280e+02 +2.002628280e+02 -2.0165e+00 -2.1262e+00
263 0 +1.401288402e-01 +2.002101288e+02 +2.002101288e+02 -2.0302e+00 -2.1262e+00
277 0 +1.258009904e-01 +2.001958010e+02 +2.001958010e+02 -2.0348e+00 -2.1262e+00
1570 0 +1.545656274e-02 +2.000854566e+02 +2.000854566e+02 -2.0988e+00 -2.0988e+00
1595 0 +5.852697092e-03 +2.000758527e+02 +2.000758527e+02 -2.1125e+00 -2.0988e+00
1653 0 +1.514595641e-03 +2.000715146e+02 +2.000715146e+02 -2.1125e+00 -2.1033e+00
1664 0 +3.752436436e-04 +2.000703752e+02 +2.000703752e+02 -2.1079e+00 -2.1033e+00
1997 0 +1.012368406e-04 +2.000701012e+02 +2.000701012e+02 -2.1064e+00 -2.1049e+00
2033 0 +8.958163230e-05 +2.000700896e+02 +2.000700896e+02 -2.1033e+00 -2.1049e+00
2061 0 +1.409971730e-07 +2.000700001e+02 +2.000700001e+02 -2.1049e+00 -2.1049e+00
14448 0 +1.409971730e-07 +2.000700001e+02 +2.000700001e+02 -2.1049e+00 -2.1049e+00
% f evaluations | g evaluations | best noise-free fitness - Fopt (-3.889000000000e+01) + sum g_i+ | measured fitness | best measured fitness or single-digit g-values | x1 | x2...
1 0 +5.521515401e+03 +5.482625401e+03 +5.482625401e+03 +0.0000e+00 +0.0000e+00
3 0 +7.500312658e+02 +7.111412658e+02 +7.111412658e+02 -3.3333e+00 +0.0000e+00
9 0 +2.848363504e+02 +2.459463504e+02 +2.459463504e+02 +3.3333e+00 -3.3333e+00
13 0 +2.798211556e+02 +2.409311556e+02 +2.409311556e+02 -3.3333e+00 -1.1111e+00
14 0 +3.309933939e+00 -3.558006606e+01 -3.558006606e+01 -2.2222e+00 -1.1111e+00
23 0 +2.338721200e+00 -3.655127880e+01 -3.655127880e+01 -2.2222e+00 -1.4815e+00
34 0 +2.216251040e+00 -3.667374896e+01 -3.667374896e+01 -2.0988e+00 -1.4815e+00
53 0 +1.890937852e+00 -3.699906215e+01 -3.699906215e+01 -2.0988e+00 -1.5226e+00
137 0 +1.778213373e+00 -3.711178663e+01 -3.711178663e+01 -2.1125e+00 -1.5409e+00
154 0 +1.216835756e+00 -3.767316424e+01 -3.767316424e+01 +1.4815e+00 -1.8519e+00
220 0 +7.636738619e-01 -3.812632614e+01 -3.812632614e+01 -1.9753e+00 -2.0988e+00
243 0 +3.884319403e-01 -3.850156806e+01 -3.850156806e+01 -2.0165e+00 -2.0988e+00
255 0 +2.351885937e-01 -3.865481141e+01 -3.865481141e+01 -2.0165e+00 -2.1399e+00
265 0 +2.061471643e-01 -3.868385284e+01 -3.868385284e+01 -2.0302e+00 -2.1399e+00
266 0 +1.928279721e-01 -3.869717203e+01 -3.869717203e+01 -2.0165e+00 -2.1262e+00
283 0 +1.401288402e-01 -3.874987116e+01 -3.874987116e+01 -2.0302e+00 -2.1262e+00
297 0 +1.258009904e-01 -3.876419901e+01 -3.876419901e+01 -2.0348e+00 -2.1262e+00
2414 0 +1.545656274e-02 -3.887454344e+01 -3.887454344e+01 -2.0988e+00 -2.0988e+00
2433 0 +5.852697092e-03 -3.888414730e+01 -3.888414730e+01 -2.1125e+00 -2.0988e+00
2459 0 +1.514595641e-03 -3.888848540e+01 -3.888848540e+01 -2.1125e+00 -2.1033e+00
2472 0 +3.752436435e-04 -3.888962476e+01 -3.888962476e+01 -2.1079e+00 -2.1033e+00
2519 0 +1.012368406e-04 -3.888989876e+01 -3.888989876e+01 -2.1064e+00 -2.1049e+00
2627 0 +8.958163230e-05 -3.888991042e+01 -3.888991042e+01 -2.1033e+00 -2.1049e+00
2643 0 +1.409971730e-07 -3.888999986e+01 -3.888999986e+01 -2.1049e+00 -2.1049e+00
16952 0 +1.409971730e-07 -3.888999986e+01 -3.888999986e+01 -2.1049e+00 -2.1049e+00
% f evaluations | g evaluations | best noise-free fitness - Fopt (3.419000000000e+01) + sum g_i+ | measured fitness | best measured fitness or single-digit g-values | x1 | x2...
1 0 +5.521515401e+03 +5.555705401e+03 +5.555705401e+03 +0.0000e+00 +0.0000e+00
3 0 +7.500312658e+02 +7.842212658e+02 +7.842212658e+02 -3.3333e+00 +0.0000e+00
8 0 +2.848363504e+02 +3.190263504e+02 +3.190263504e+02 +3.3333e+00 +3.3333e+00
12 0 +2.798211556e+02 +3.140111556e+02 +3.140111556e+02 -3.3333e+00 +1.1111e+00
14 0 +3.309933939e+00 +3.749993394e+01 +3.749993394e+01 -2.2222e+00 +1.1111e+00
22 0 +2.338721200e+00 +3.652872120e+01 +3.652872120e+01 -2.2222e+00 +1.4815e+00
34 0 +2.216251040e+00 +3.640625104e+01 +3.640625104e+01 -2.0988e+00 +1.4815e+00
52 0 +1.890937852e+00 +3.608093785e+01 +3.608093785e+01 -2.0988e+00 +1.5226e+00
136 0 +1.778213373e+00 +3.596821337e+01 +3.596821337e+01 -2.1125e+00 +1.5409e+00
155 0 +1.216835756e+00 +3.540683576e+01 +3.540683576e+01 +1.4815e+00 +1.8519e+00
221 0 +7.636738619e-01 +3.495367386e+01 +3.495367386e+01 -1.9753e+00 +2.0988e+00
243 0 +3.884319403e-01 +3.457843194e+01 +3.457843194e+01 -2.0165e+00 +2.0988e+00
254 0 +2.351885937e-01 +3.442518859e+01 +3.442518859e+01 -2.0165e+00 +2.1399e+00
265 0 +2.061471643e-01 +3.439614716e+01 +3.439614716e+01 -2.0302e+00 +2.1399e+00
267 0 +1.928279721e-01 +3.438282797e+01 +3.438282797e+01 -2.0165e+00 +2.1262e+00
283 0 +1.401288402e-01 +3.433012884e+01 +3.433012884e+01 -2.0302e+00 +2.1262e+00
297 0 +1.258009904e-01 +3.431580099e+01 +3.431580099e+01 -2.0348e+00 +2.1262e+00
2452 0 +1.545656274e-02 +3.420545656e+01 +3.420545656e+01 -2.0988e+00 +2.0988e+00
2471 0 +5.852697092e-03 +3.419585270e+01 +3.419585270e+01 -2.1125e+00 +2.0988e+00
2498 0 +1.514595641e-03 +3.419151460e+01 +3.419151460e+01 -2.1125e+00 +2.1033e+00
2510 0 +3.752436435e-04 +3.419037524e+01 +3.419037524e+01 -2.1079e+00 +2.1033e+00
2556 0 +1.012368406e-04 +3.419010124e+01 +3.419010124e+01 -2.1064e+00 +2.1049e+00
2666 0 +8.958163230e-05 +3.419008958e+01 +3.419008958e+01 -2.1033e+00 +2.1049e+00
2681 0 +1.409971730e-07 +3.419000014e+01 +3.419000014e+01 -2.1049e+00 +2.1049e+00
17150 0 +1.409971730e-07 +3.419000014e+01 +3.419000014e+01 -2.1049e+00 +2.1049e+00
% f evaluations | g evaluations | best noise-free fitness - Fopt (-3.040000000000e+00) + sum g_i+ | measured fitness | best measured fitness or single-digit g-values | x1 | x2...
1 0 +5.521515401e+03 +5.518475401e+03 +5.518475401e+03 +0.0000e+00 +0.0000e+00
2 0 +7.500312658e+02 +7.469912658e+02 +7.469912658e+02 +3.3333e+00 +0.0000e+00
9 0 +2.848363504e+02 +2.817963504e+02 +2.817963504e+02 -3.3333e+00 -3.3333e+00
13 0 +2.798211556e+02 +2.767811556e+02 +2.767811556e+02 +3.3333e+00 -1.1111e+00
15 0 +3.309933939e+00 +2.699339388e-01 +2.699339388e-01 +2.2222e+00 -1.1111e+00
23 0 +2.338721200e+00 -7.012787999e-01 -7.012787999e-01 +2.2222e+00 -1.4815e+00
35 0 +2.216251040e+00 -8.237489597e-01 -8.237489597e-01 +2.0988e+00 -1.4815e+00
53 0 +1.890937852e+00 -1.149062148e+00 -1.149062148e+00 +2.0988e+00 -1.5226e+00
137 0 +1.778213373e+00 -1.261786627e+00 -1.261786627e+00 +2.1125e+00 -1.5409e+00
154 0 +1.216835756e+00 -1.823164244e+00 -1.823164244e+00 -1.4815e+00 -1.8519e+00
220 0 +7.636738619e-01 -2.276326138e+00 -2.276326138e+00 +1.9753e+00 -2.0988e+00
242 0 +3.884319403e-01 -2.651568060e+00 -2.651568060e+00 +2.0165e+00 -2.0988e+00
255 0 +2.351885937e-01 -2.804811406e+00 -2.804811406e+00 +2.0165e+00 -2.1399e+00
264 0 +2.061471643e-01 -2.833852836e+00 -2.833852836e+00 +2.0302e+00 -2.1399e+00
266 0 +1.928279721e-01 -2.847172028e+00 -2.847172028e+00 +2.0165e+00 -2.1262e+00
282 0 +1.401288402e-01 -2.899871160e+00 -2.899871160e+00 +2.0302e+00 -2.1262e+00
296 0 +1.258009904e-01 -2.914199010e+00 -2.914199010e+00 +2.0348e+00 -2.1262e+00
3587 0 +1.545656274e-02 -3.024543437e+00 -3.024543437e+00 +2.0988e+00 -2.0988e+00
3604 0 +5.852697092e-03 -3.034147303e+00 -3.034147303e+00 +2.1125e+00 -2.0988e+00
3631 0 +1.514595641e-03 -3.038485404e+00 -3.038485404e+00 +2.1125e+00 -2.1033e+00
3645 0 +3.752436435e-04 -3.039624756e+00 -3.039624756e+00 +2.1079e+00 -2.1033e+00
3677 0 +1.012368406e-04 -3.039898763e+00 -3.039898763e+00 +2.1064e+00 -2.1049e+00
3711 0 +4.636380947e-05 -3.039953636e+00 -3.039953636e+00 +2.1059e+00 -2.1049e+00
3732 0 +4.048567524e-05 -3.039959514e+00 -3.039959514e+00 +2.1059e+00 -2.1044e+00
3812 0 +1.409971699e-07 -3.039999859e+00 -3.039999859e+00 +2.1049e+00 -2.1049e+00
9449 0 +5.622252663e-08 -3.039999944e+00 -3.039999944e+00 +2.1048e+00 -2.1049e+00
20022 0 +5.622252663e-08 -3.039999944e+00 -3.039999944e+00 +2.1048e+00 -2.1049e+00
% f evaluations | g evaluations | best noise-free fitness - Fopt (1.983000000000e+01) + sum g_i+ | measured fitness | best measured fitness or single-digit g-values | x1 | x2...
1 0 +5.521515401e+03 +5.541345401e+03 +5.541345401e+03 +0.0000e+00 +0.0000e+00
2 0 +7.500312658e+02 +7.698612658e+02 +7.698612658e+02 +3.3333e+00 +0.0000e+00
8 0 +2.848363504e+02 +3.046663504e+02 +3.046663504e+02 -3.3333e+00 +3.3333e+00
12 0 +2.798211556e+02 +2.996511556e+02 +2.996511556e+02 +3.3333e+00 +1.1111e+00
15 0 +3.309933939e+00 +2.313993394e+01 +2.313993394e+01 +2.2222e+00 +1.1111e+00
22 0 +2.338721200e+00 +2.216872120e+01 +2.216872120e+01 +2.2222e+00 +1.4815e+00
35 0 +2.216251040e+00 +2.204625104e+01 +2.204625104e+01 +2.0988e+00 +1.4815e+00
52 0 +1.890937852e+00 +2.172093785e+01 +2.172093785e+01 +2.0988e+00 +1.5226e+00
136 0 +1.778213373e+00 +2.160821337e+01 +2.160821337e+01 +2.1125e+00 +1.5409e+00
155 0 +1.216835756e+00 +2.104683576e+01 +2.104683576e+01 -1.4815e+00 +1.8519e+00
221 0 +7.636738619e-01 +2.059367386e+01 +2.059367386e+01 +1.9753e+00 +2.0988e+00
242 0 +3.884319403e-01 +2.021843194e+01 +2.021843194e+01 +2.0165e+00 +2.0988e+00
254 0 +2.351885937e-01 +2.006518859e+01 +2.006518859e+01 +2.0165e+00 +2.1399e+00
264 0 +2.061471643e-01 +2.003614716e+01 +2.003614716e+01 +2.0302e+00 +2.1399e+00
267 0 +1.928279721e-01 +2.002282797e+01 +2.002282797e+01 +2.0165e+00 +2.1262e+00
282 0 +1.401288402e-01 +1.997012884e+01 +1.997012884e+01 +2.0302e+00 +2.1262e+00
296 0 +1.258009904e-01 +1.995580099e+01 +1.995580099e+01 +2.0348e+00 +2.1262e+00
2715 0 +1.545656274e-02 +1.984545656e+01 +1.984545656e+01 +2.0988e+00 +2.0988e+00
2732 0 +5.852697092e-03 +1.983585270e+01 +1.983585270e+01 +2.1125e+00 +2.0988e+00
2760 0 +1.514595641e-03 +1.983151460e+01 +1.983151460e+01 +2.1125e+00 +2.1033e+00
2773 0 +3.752436435e-04 +1.983037524e+01 +1.983037524e+01 +2.1079e+00 +2.1033e+00
2818 0 +1.012368406e-04 +1.983010124e+01 +1.983010124e+01 +2.1064e+00 +2.1049e+00
2932 0 +8.958163230e-05 +1.983008958e+01 +1.983008958e+01 +2.1033e+00 +2.1049e+00
2946 0 +1.409971730e-07 +1.983000014e+01 +1.983000014e+01 +2.1049e+00 +2.1049e+00
17902 0 +1.409971730e-07 +1.983000014e+01 +1.983000014e+01 +2.1049e+00 +2.1049e+00
