% f evaluations | g evaluations | best noise-free fitness - Fopt (4.078000000000e+01) + sum g_i+ | measured fitness | best measured fitness or single-digit g-values | x1 | x2...
1 0 +8.021155843e+01 +1.209915584e+02 +1.209915584e+02
2 0 +7.958291977e+01 +1.203629198e+02 +1.203629198e+02
3 0 +7.922610986e+01 +1.200061099e+02 +1.200061099e+02
2894 0 +6.987809200e+01 +1.106580920e+02 +1.106580920e+02
15536 0 +6.290867614e+01 +1.036886761e+02 +1.036886761e+02
25809 0 +5.196490632e+01 +9.274490632e+01 +9.274490632e+01
25811 0 +4.704046191e+01 +8.782046191e+01 +8.782046191e+01
25815 0 +3.940631169e+01 +8.018631169e+01 +8.018631169e+01
25821 0 +2.893438381e+01 +6.971438381e+01 +6.971438381e+01
25825 0 +2.810600840e+01 +6.888600840e+01 +6.888600840e+01
25836 0 +1.935415719e+01 +6.013415719e+01 +6.013415719e+01
25838 0 +1.620728682e+01 +5.698728682e+01 +5.698728682e+01
25840 0 +1.522569776e+01 +5.600569776e+01 +5.600569776e+01
25843 0 +1.246974330e+01 +5.324974330e+01 +5.324974330e+01
25855 0 +8.760101173e+00 +4.954010117e+01 +4.954010117e+01
25864 0 +7.722144304e+00 +4.850214430e+01 +4.850214430e+01
25866 0 +6.887408238e+00 +4.766740824e+01 +4.766740824e+01
25868 0 +5.904483468e+00 +4.668448347e+01 +4.668448347e+01
25870 0 +4.519136601e+00 +4.529913660e+01 +4.529913660e+01
25883 0 +3.417119497e+00 +4.419711950e+01 +4.419711950e+01
25891 0 +2.234689717e+00 +4.301468972e+01 +4.301468972e+01
25913 0 +1.960404827e+00 +4.274040483e+01 +4.274040483e+01
25940 0 +1.060874039e+00 +4.184087404e+01 +4.184087404e+01
25949 0 +8.047773137e-01 +4.158477731e+01 +4.158477731e+01
25968 0 +5.525226892e-01 +4.133252269e+01 +4.133252269e+01
26030 0 +5.005189066e-01 +4.128051891e+01 +4.128051891e+01
26037 0 +3.594467065e-01 +4.113944671e+01 +4.113944671e+01
26089 0 +3.526157533e-01 +4.113261575e+01 +4.113261575e+01
26091 0 +2.552305031e-01 +4.103523050e+01 +4.103523050e+01
26094 0 +1.726093260e-01 +4.095260933e+01 +4.095260933e+01
26104 0 +1.571124850e-01 +4.093711249e+01 +4.093711249e+01
26111 0 +1.016611780e-01 +4.088166118e+01 +4.088166118e+01
26145 0 +9.443387961e-02 +4.087443388e+01 +4.087443388e+01
26147 0 +6.516518248e-02 +4.084516518e+01 +4.084516518e+01
26205 0 +5.816590029e-02 +4.083816590e+01 +4.083816590e+01
26226 0 +5.374554952e-02 +4.083374555e+01 +4.083374555e+01
26236 0 +4.514258193e-02 +4.082514258e+01 +4.082514258e+01
26241 0 +3.796813019e-02 +4.081796813e+01 +4.081796813e+01
26245 0 +3.140794893e-02 +4.081140795e+01 +4.081140795e+01
26248 0 +1.833740419e-02 +4.079833740e+01 +4.079833740e+01
26250 0 +1.730937099e-02 +4.079730937e+01 +4.079730937e+01
26263 0 +1.443083008e-02 +4.079443083e+01 +4.079443083e+01
26273 0 +1.394128571e-02 +4.079394129e+01 +4.079394129e+01
26285 0 +1.112862113e-02 +4.079112862e+01 +4.079112862e+01
26288 0 +7.865293663e-03 +4.078786529e+01 +4.078786529e+01
26306 0 +3.975359563e-03 +4.078397536e+01 +4.078397536e+01
26418 0 +3.393567596e-03 +4.078339357e+01 +4.078339357e+01
26425 0 +3.003500566e-03 +4.078300350e+01 +4.078300350e+01
26427 0 +2.354488806e-03 +4.078235449e+01 +4.078235449e+01
26429 0 +1.675781663e-03 +4.078167578e+01 +4.078167578e+01
26436 0 +1.454580181e-03 +4.078145458e+01 +4.078145458e+01
26437 0 +1.113739285e-03 +4.078111374e+01 +4.078111374e+01
26439 0 +9.962576039e-04 +4.078099626e+01 +4.078099626e+01
26448 0 +8.639165933e-04 +4.078086392e+01 +4.078086392e+01
26454 0 +7.917007640e-04 +4.078079170e+01 +4.078079170e+01
26524 0 +6.680621564e-04 +4.078066806e+01 +4.078066806e+01
26528 0 +6.010547850e-04 +4.078060105e+01 +4.078060105e+01
26530 0 +5.422560487e-04 +4.078054226e+01 +4.078054226e+01
26549 0 +4.584115763e-04 +4.078045841e+01 +4.078045841e+01
26556 0 +2.978271066e-04 +4.078029783e+01 +4.078029783e+01
26571 0 +2.556513470e-04 +4.078025565e+01 +4.078025565e+01
26582 0 +2.388313412e-04 +4.078023883e+01 +4.078023883e+01
26589 0 +2.166414355e-04 +4.078021664e+01 +4.078021664e+01
26596 0 +1.742672894e-04 +4.078017427e+01 +4.078017427e+01
26604 0 +1.292913855e-04 +4.078012929e+01 +4.078012929e+01
26619 0 +1.187410208e-04 +4.078011874e+01 +4.078011874e+01
26627 0 +1.112118193e-04 +4.078011121e+01 +4.078011121e+01
26629 0 +9.903116032e-05 +4.078009903e+01 +4.078009903e+01
26638 0 +7.874839271e-05 +4.078007875e+01 +4.078007875e+01
26644 0 +4.992430283e-05 +4.078004992e+01 +4.078004992e+01
26648 0 +4.217258747e-05 +4.078004217e+01 +4.078004217e+01
26657 0 +3.075640362e-05 +4.078003076e+01 +4.078003076e+01
26663 0 +2.767997150e-05 +4.078002768e+01 +4.078002768e+01
26669 0 +1.890624196e-05 +4.078001891e+01 +4.078001891e+01
26725 0 +1.585528747e-05 +4.078001586e+01 +4.078001586e+01
26727 0 +1.549885889e-05 +4.078001550e+01 +4.078001550e+01
26733 0 +1.395355999e-05 +4.078001395e+01 +4.078001395e+01
26735 0 +1.181361463e-05 +4.078001181e+01 +4.078001181e+01
26740 0 +1.116838101e-05 +4.078001117e+01 +4.078001117e+01
26743 0 +8.030119091e-06 +4.078000803e+01 +4.078000803e+01
26752 0 +6.463145091e-06 +4.078000646e+01 +4.078000646e+01
26762 0 +5.179413222e-06 +4.078000518e+01 +4.078000518e+01
26774 0 +5.010761733e-06 +4.078000501e+01 +4.078000501e+01
26797 0 +3.613373117e-06 +4.078000361e+01 +4.078000361e+01
26805 0 +2.528933443e-06 +4.078000253e+01 +4.078000253e+01
26815 0 +2.485309196e-06 +4.078000249e+01 +4.078000249e+01
26822 0 +2.168873515e-06 +4.078000217e+01 +4.078000217e+01
26852 0 +1.865815307e-06 +4.078000187e+01 +4.078000187e+01
26899 0 +1.571235110e-06 +4.078000157e+01 +4.078000157e+01
26924 0 +1.407960838e-06 +4.078000141e+01 +4.078000141e+01
26952 0 +9.057606718e-07 +4.078000091e+01 +4.078000091e+01
27006 0 +7.689455828e-07 +4.078000077e+01 +4.078000077e+01
27016 0 +5.886501171e-07 +4.078000059e+01 +4.078000059e+01
27020 0 +5.249494777e-07 +4.078000052e+01 +4.078000052e+01
27023 0 +4.682929671e-07 +4.078000047e+01 +4.078000047e+01
27042 0 +3.847906243e-07 +4.078000038e+01 +4.078000038e+01
27050 0 +3.137835805e-07 +4.078000031e+01 +4.078000031e+01
27052 0 +2.634118275e-07 +4.078000026e+01 +4.078000026e+01
27059 0 +2.195335469e-07 +4.078000022e+01 +4.078000022e+01
27076 0 +1.815896553e-07 +4.078000018e+01 +4.078000018e+01
27082 0 +1.591371941e-07 +4.078000016e+01 +4.078000016e+01
27085 0 +1.536584051e-07 +4.078000015e+01 +4.078000015e+01
27095 0 +1.309917224e-07 +4.078000013e+01 +4.078000013e+01
27103 0 +7.553439474e-08 +4.078000008e+01 +4.078000008e+01
27170 0 +6.723919199e-08 +4.078000007e+01 +4.078000007e+01
27177 0 +5.575489581e-08 +4.078000006e+01 +4.078000006e+01
27186 0 +5.008809723e-08 +4.078000005e+01 +4.078000005e+01
27202 0 +4.357865180e-08 +4.078000004e+01 +4.078000004e+01
27204 0 +3.801227422e-08 +4.078000004e+01 +4.078000004e+01
27205 0 +3.059102482e-08 +4.078000003e+01 +4.078000003e+01
27227 0 +2.393900189e-08 +4.078000002e+01 +4.078000002e+01
27248 0 +1.932463078e-08 +4.078000002e+01 +4.078000002e+01
27256 0 +1.295332908e-08 +4.078000001e+01 +4.078000001e+01
27257 0 +1.190333165e-08 +4.078000001e+01 +4.078000001e+01
27288 0 +1.065833288e-08 +4.078000001e+01 +4.078000001e+01
27307 0 +7.484736386e-09 +4.078000001e+01 +4.078000001e+01
28084 0 +9.734435480e-13 +4.078000000e+01 +4.078000000e+01
200000 0 +7.105427358e-15 +4.078000000e+01 +4.078000000e+01
% f evaluations | g evaluations | best noise-free fitness - Fopt (-1.600000000000e+00) + sum g_i+ | measured fitness | best measured fitness or single-digit g-values | x1 | x2...
1 0 +7.948683589e+01 +7.788683589e+01 +7.788683589e+01
11 0 +7.898806801e+01 +7.738806801e+01 +7.738806801e+01
3187 0 +7.031663332e+01 +6.871663332e+01 +6.871663332e+01
16345 0 +6.271182626e+01 +6.111182626e+01 +6.111182626e+01
25812 0 +5.464282700e+01 +5.304282700e+01 +5.304282700e+01
25817 0 +4.556376616e+01 +4.396376616e+01 +4.396376616e+01
25823 0 +4.232537369e+01 +4.072537369e+01 +4.072537369e+01
25826 0 +3.979347794e+01 +3.819347794e+01 +3.819347794e+01
25827 0 +3.480360037e+01 +3.320360037e+01 +3.320360037e+01
25831 0 +2.741735520e+01 +2.581735520e+01 +2.581735520e+01
25835 0 +2.418899391e+01 +2.258899391e+01 +2.258899391e+01
25838 0 +2.065728879e+01 +1.905728879e+01 +1.905728879e+01
25840 0 +1.955598188e+01 +1.795598188e+01 +1.795598188e+01
25852 0 +1.638787629e+01 +1.478787629e+01 +1.478787629e+01
25857 0 +1.293805645e+01 +1.133805645e+01 +1.133805645e+01
25866 0 +1.162304314e+01 +1.002304314e+01 +1.002304314e+01
25878 0 +9.250199021e+00 +7.650199021e+00 +7.650199021e+00
25897 0 +8.199514352e+00 +6.599514352e+00 +6.599514352e+00
25932 0 +7.561090791e+00 +5.961090791e+00 +5.961090791e+00
26020 0 +7.014849939e+00 +5.414849939e+00 +5.414849939e+00
26032 0 +6.016867540e+00 +4.416867540e+00 +4.416867540e+00
26055 0 +5.555536613e+00 +3.955536613e+00 +3.955536613e+00
26169 0 +4.988004629e+00 +3.388004629e+00 +3.388004629e+00
200000 0 +4.713722127e+00 +3.113722127e+00 +3.113722127e+00
% f evaluations | g evaluations | best noise-free fitness - Fopt (-3.708400000000e+02) + sum g_i+ | measured fitness | best measured fitness or single-digit g-values | x1 | x2...
1 0 +7.714978743e+01 -2.936902126e+02 -2.936902126e+02
3 0 +7.321722541e+01 -2.976227746e+02 -2.976227746e+02
4396 0 +7.049847055e+01 -3.003415294e+02 -3.003415294e+02
13959 0 +6.281004417e+01 -3.080299558e+02 -3.080299558e+02
25813 0 +5.529520413e+01 -3.155447959e+02 -3.155447959e+02
25819 0 +4.811214032e+01 -3.227278597e+02 -3.227278597e+02
25823 0 +4.277322128e+01 -3.280667787e+02 -3.280667787e+02
25831 0 +3.773392857e+01 -3.331060714e+02 -3.331060714e+02
25842 0 +3.270479424e+01 -3.381352058e+02 -3.381352058e+02
25853 0 +3.104047958e+01 -3.397995204e+02 -3.397995204e+02
25882 0 +2.799999666e+01 -3.428400033e+02 -3.428400033e+02
26037 0 +2.487089090e+01 -3.459691091e+02 -3.459691091e+02
200000 0 +2.391058582e+01 -3.469294142e+02 -3.469294142e+02
% f evaluations | g evaluations | best noise-free fitness - Fopt (-3.256000000000e+01) + sum g_i+ | measured fitness | best measured fitness or single-digit g-values | x1 | x2...
1 0 +8.070000981e+01 +4.814000981e+01 +4.814000981e+01
2 0 +7.888253452e+01 +4.632253452e+01 +4.632253452e+01
11265 0 +7.071343169e+01 +3.815343169e+01 +3.815343169e+01
25816 0 +6.084445275e+01 +2.828445275e+01 +2.828445275e+01
25820 0 +5.553664674e+01 +2.297664674e+01 +2.297664674e+01
25834 0 +4.966867631e+01 +1.710867631e+01 +1.710867631e+01
25844 0 +4.458162162e+01 +1.202162162e+01 +1.202162162e+01
25856 0 +3.625784599e+01 +3.697845994e+00 +3.697845994e+00
25862 0 +3.488207075e+01 +2.322070755e+00 +2.322070755e+00
25875 0 +2.973480162e+01 -2.825198378e+00 -2.825198378e+00
25896 0 +2.738833008e+01 -5.171669922e+00 -5.171669922e+00
25972 0 +2.467704260e+01 -7.882957397e+00 -7.882957397e+00
200000 0 +2.252182804e+01 -1.003817196e+01 -1.003817196e+01
% f evaluations | g evaluations | best noise-free fitness - Fopt (5.154000000000e+02) + sum g_i+ | measured fitness | best measured fitness or single-digit g-values | x1 | x2...
1 0 +7.644921374e+01 +5.918492137e+02 +5.918492137e+02
18 0 +7.492174889e+01 +5.903217489e+02 +5.903217489e+02
405 0 +7.033965242e+01 +5.857396524e+02 +5.857396524e+02
7637 0 +5.930826091e+01 +5.747082609e+02 +5.747082609e+02
15492 0 +5.612472655e+01 +5.715247265e+02 +5.715247265e+02
20666 0 +4.958801924e+01 +5.649880192e+02 +5.649880192e+02
25806 0 +4.400031966e+01 +5.594003197e+02 +5.594003197e+02
25808 0 +3.855426956e+01 +5.539542696e+02 +5.539542696e+02
25810 0 +3.500913865e+01 +5.504091386e+02 +5.504091386e+02
25817 0 +3.134846146e+01 +5.467484615e+02 +5.467484615e+02
25838 0 +2.556540451e+01 +5.409654045e+02 +5.409654045e+02
25839 0 +2.124998533e+01 +5.366499853e+02 +5.366499853e+02
25841 0 +1.805763977e+01 +5.334576398e+02 +5.334576398e+02
25848 0 +1.628175150e+01 +5.316817515e+02 +5.316817515e+02
25850 0 +1.509309593e+01 +5.304930959e+02 +5.304930959e+02
25872 0 +1.368068561e+01 +5.290806856e+02 +5.290806856e+02
25879 0 +1.187979163e+01 +5.272797916e+02 +5.272797916e+02
25919 0 +1.065849293e+01 +5.260584929e+02 +5.260584929e+02
25983 0 +9.911027459e+00 +5.253110275e+02 +5.253110275e+02
26038 0 +8.743929380e+00 +5.241439294e+02 +5.241439294e+02
26114 0 +7.860310801e+00 +5.232603108e+02 +5.232603108e+02
26550 0 +7.077684363e+00 +5.224776844e+02 +5.224776844e+02
200000 0 +7.011098034e+00 +5.224110980e+02 +5.224110980e+02
% f evaluations | g evaluations | best noise-free fitness - Fopt (1.559800000000e+02) + sum g_i+ | measured fitness | best measured fitness or single-digit g-values | x1 | x2...
1 0 +8.144666338e+01 +2.374266634e+02 +2.374266634e+02
5 0 +7.936455034e+01 +2.353445503e+02 +2.353445503e+02
7622 0 +7.015856748e+01 +2.261385675e+02 +2.261385675e+02
15627 0 +6.278232375e+01 +2.187623238e+02 +2.187623238e+02
25805 0 +5.623208876e+01 +2.122120888e+02 +2.122120888e+02
25814 0 +4.778817248e+01 +2.037681725e+02 +2.037681725e+02
25822 0 +4.164745715e+01 +1.976274571e+02 +1.976274571e+02
25824 0 +3.657223767e+01 +1.925522377e+02 +1.925522377e+02
25827 0 +2.935792653e+01 +1.853379265e+02 +1.853379265e+02
25829 0 +2.726303293e+01 +1.832430329e+02 +1.832430329e+02
25835 0 +2.424126536e+01 +1.802212654e+02 +1.802212654e+02
25837 0 +2.167249256e+01 +1.776524926e+02 +1.776524926e+02
25852 0 +1.884437981e+01 +1.748243798e+02 +1.748243798e+02
25854 0 +1.717207811e+01 +1.731520781e+02 +1.731520781e+02
25864 0 +1.524870225e+01 +1.712287023e+02 +1.712287023e+02
25867 0 +1.381533527e+01 +1.697953353e+02 +1.697953353e+02
25897 0 +1.182590645e+01 +1.678059064e+02 +1.678059064e+02
25911 0 +1.013951274e+01 +1.661195127e+02 +1.661195127e+02
25921 0 +9.786520196e+00 +1.657665202e+02 +1.657665202e+02
25959 0 +8.422511207e+00 +1.644025112e+02 +1.644025112e+02
26042 0 +7.654993286e+00 +1.636349933e+02 +1.636349933e+02
26074 0 +6.527370789e+00 +1.625073708e+02 +1.625073708e+02
26149 0 +6.118588668e+00 +1.620985887e+02 +1.620985887e+02
26195 0 +5.510133078e+00 +1.614901331e+02 +1.614901331e+02
26221 0 +4.836412658e+00 +1.608164127e+02 +1.608164127e+02
26227 0 +4.277331733e+00 +1.602573317e+02 +1.602573317e+02
26361 0 +3.978590417e+00 +1.599585904e+02 +1.599585904e+02
26435 0 +3.540025749e+00 +1.595200257e+02 +1.595200257e+02
26491 0 +3.158810612e+00 +1.591388106e+02 +1.591388106e+02
26898 0 +2.817594320e+00 +1.587975943e+02 +1.587975943e+02
200000 0 +2.777988407e+00 +1.587579884e+02 +1.587579884e+02
% f evaluations | g evaluations | best noise-free fitness - Fopt (-1.764600000000e+02) + sum g_i+ | measured fitness | best measured fitness or single-digit g-values | x1 | x2...
1 0 +7.942682289e+01 -9.703317711e+01 -9.703317711e+01
2 0 +7.711347531e+01 -9.934652469e+01 -9.934652469e+01
13 0 +6.935904629e+01 -1.071009537e+02 -1.071009537e+02
6123 0 +6.295934622e+01 -1.135006538e+02 -1.135006538e+02
10322 0 +5.530504961e+01 -1.211549504e+02 -1.211549504e+02
10341 0 +4.760668043e+01 -1.288533196e+02 -1.288533196e+02
15996 0 +4.434007009e+01 -1.321199299e+02 -1.321199299e+02
16404 0 +3.847119717e+01 -1.379888028e+02 -1.379888028e+02
21564 0 +3.394212568e+01 -1.425178743e+02 -1.425178743e+02
25810 0 +2.937247163e+01 -1.470875284e+02 -1.470875284e+02
25822 0 +2.599290244e+01 -1.504670976e+02 -1.504670976e+02
25830 0 +2.395631157e+01 -1.525036884e+02 -1.525036884e+02
25833 0 +2.018585873e+01 -1.562741413e+02 -1.562741413e+02
25870 0 +1.931922608e+01 -1.571407739e+02 -1.571407739e+02
25890 0 +1.446944617e+01 -1.619905538e+02 -1.619905538e+02
25973 0 +1.395643728e+01 -1.625035627e+02 -1.625035627e+02
25979 0 +1.190635986e+01 -1.645536401e+02 -1.645536401e+02
25995 0 +1.073999485e+01 -1.657200052e+02 -1.657200052e+02
26006 0 +9.464605788e+00 -1.669953942e+02 -1.669953942e+02
26019 0 +8.908536193e+00 -1.675514638e+02 -1.675514638e+02
26047 0 +7.755113637e+00 -1.687048864e+02 -1.687048864e+02
26119 0 +6.637788372e+00 -1.698222116e+02 -1.698222116e+02
26217 0 +6.149622486e+00 -1.703103775e+02 -1.703103775e+02
26227 0 +5.385454669e+00 -1.710745453e+02 -1.710745453e+02
26232 0 +5.007756884e+00 -1.714522431e+02 -1.714522431e+02
26261 0 +4.128960669e+00 -1.723310393e+02 -1.723310393e+02
26306 0 +3.941524598e+00 -1.725184754e+02 -1.725184754e+02
26352 0 +3.534656050e+00 -1.729253439e+02 -1.729253439e+02
26387 0 +3.065782041e+00 -1.733942180e+02 -1.733942180e+02
26404 0 +2.754532985e+00 -1.737054670e+02 -1.737054670e+02
26423 0 +2.321106818e+00 -1.741388932e+02 -1.741388932e+02
26446 0 +2.186159992e+00 -1.742738400e+02 -1.742738400e+02
26541 0 +1.993299809e+00 -1.744667002e+02 -1.744667002e+02
26807 0 +1.761531331e+00 -1.746984687e+02 -1.746984687e+02
26914 0 +1.583330972e+00 -1.748766690e+02 -1.748766690e+02
27147 0 +1.399829434e+00 -1.750601706e+02 -1.750601706e+02
27442 0 +1.256826531e+00 -1.752031735e+02 -1.752031735e+02
27886 0 +1.120406570e+00 -1.753395934e+02 -1.753395934e+02
28899 0 +9.993742908e-01 -1.754606257e+02 -1.754606257e+02
200000 0 +9.299973893e-01 -1.755300026e+02 -1.755300026e+02
% f evaluations | g evaluations | best noise-free fitness - Fopt (1.195800000000e+02) + sum g_i+ | measured fitness | best measured fitness or single-digit g-values | x1 | x2...
1 0 +8.044350029e+01 +2.000235003e+02 +2.000235003e+02
2 0 +7.878319124e+01 +1.983631912e+02 +1.983631912e+02
1034 0 +6.836104443e+01 +1.879410444e+02 +1.879410444e+02
10682 0 +6.283426363e+01 +1.824142636e+02 +1.824142636e+02
16179 0 +5.579187185e+01 +1.753718719e+02 +1.753718719e+02
25805 0 +4.929562120e+01 +1.688756212e+02 +1.688756212e+02
25813 0 +3.976939942e+01 +1.593493994e+02 +1.593493994e+02
25815 0 +3.513957974e+01 +1.547195797e+02 +1.547195797e+02
25825 0 +3.152691952e+01 +1.511069195e+02 +1.511069195e+02
25827 0 +2.672667506e+01 +1.463066751e+02 +1.463066751e+02
25834 0 +2.483842882e+01 +1.444184288e+02 +1.444184288e+02
25848 0 +2.182477905e+01 +1.414047790e+02 +1.414047790e+02
25877 0 +1.915989989e+01 +1.387398999e+02 +1.387398999e+02
25879 0 +1.740468358e+01 +1.369846836e+02 +1.369846836e+02
25994 0 +1.445978221e+01 +1.340397822e+02 +1.340397822e+02
25997 0 +1.384749611e+01 +1.334274961e+02 +1.334274961e+02
26046 0 +1.223174237e+01 +1.318117424e+02 +1.318117424e+02
26077 0 +1.120016660e+01 +1.307801666e+02 +1.307801666e+02
26114 0 +9.884243784e+00 +1.294642438e+02 +1.294642438e+02
26133 0 +8.896365910e+00 +1.284763659e+02 +1.284763659e+02
26274 0 +7.884500196e+00 +1.274645002e+02 +1.274645002e+02
27110 0 +7.078940444e+00 +1.266589404e+02 +1.266589404e+02
200000 0 +7.011098034e+00 +1.265910980e+02 +1.265910980e+02
% f evaluations | g evaluations | best noise-free fitness - Fopt (1.460000000000e+01) + sum g_i+ | measured fitness | best measured fitness or single-digit g-values | x1 | x2...
1 0 +8.107103099e+01 +9.567103099e+01 +9.567103099e+01
2 0 +8.086774966e+01 +9.546774966e+01 +9.546774966e+01
38 0 +7.907103782e+01 +9.367103782e+01 +9.367103782e+01
8710 0 +7.032666598e+01 +8.492666598e+01 +8.492666598e+01
25807 0 +6.190660973e+01 +7.650660973e+01 +7.650660973e+01
25815 0 +5.180966303e+01 +6.640966303e+01 +6.640966303e+01
25818 0 +4.514115977e+01 +5.974115977e+01 +5.974115977e+01
25819 0 +4.372027607e+01 +5.832027607e+01 +5.832027607e+01
25821 0 +3.920476625e+01 +5.380476625e+01 +5.380476625e+01
25824 0 +3.471127332e+01 +4.931127332e+01 +4.931127332e+01
25826 0 +2.960446899e+01 +4.420446899e+01 +4.420446899e+01
25827 0 +2.664703096e+01 +4.124703096e+01 +4.124703096e+01
25830 0 +2.102862027e+01 +3.562862027e+01 +3.562862027e+01
25831 0 +1.943876688e+01 +3.403876688e+01 +3.403876688e+01
25849 0 +1.636451713e+01 +3.096451713e+01 +3.096451713e+01
25855 0 +1.457773505e+01 +2.917773505e+01 +2.917773505e+01
25861 0 +1.078830713e+01 +2.538830713e+01 +2.538830713e+01
25870 0 +8.564784067e+00 +2.316478407e+01 +2.316478407e+01
25875 0 +6.722721337e+00 +2.132272134e+01 +2.132272134e+01
25877 0 +5.926297977e+00 +2.052629798e+01 +2.052629798e+01
25884 0 +2.718624719e+00 +1.731862472e+01 +1.731862472e+01
25895 0 +2.490743719e+00 +1.709074372e+01 +1.709074372e+01
25901 0 +2.147612697e+00 +1.674761270e+01 +1.674761270e+01
25912 0 +1.958305378e+00 +1.655830538e+01 +1.655830538e+01
25931 0 +8.673584972e-01 +1.546735850e+01 +1.546735850e+01
25934 0 +7.076938150e-01 +1.530769381e+01 +1.530769381e+01
26008 0 +5.400789396e-01 +1.514007894e+01 +1.514007894e+01
26020 0 +4.945087921e-01 +1.509450879e+01 +1.509450879e+01
26026 0 +4.349327689e-01 +1.503493277e+01 +1.503493277e+01
26034 0 +3.276488209e-01 +1.492764882e+01 +1.492764882e+01
26037 0 +1.955410831e-01 +1.479554108e+01 +1.479554108e+01
26044 0 +1.561332676e-01 +1.475613327e+01 +1.475613327e+01
26048 0 +1.216842708e-01 +1.472168427e+01 +1.472168427e+01
26071 0 +1.045154546e-01 +1.470451545e+01 +1.470451545e+01
26109 0 +9.322883612e-02 +1.469322884e+01 +1.469322884e+01
26144 0 +7.926479838e-02 +1.467926480e+01 +1.467926480e+01
26165 0 +5.316054161e-02 +1.465316054e+01 +1.465316054e+01
26184 0 +4.880920733e-02 +1.464880921e+01 +1.464880921e+01
26187 0 +3.614391794e-02 +1.463614392e+01 +1.463614392e+01
26217 0 +3.240798031e-02 +1.463240798e+01 +1.463240798e+01
26221 0 +3.142324838e-02 +1.463142325e+01 +1.463142325e+01
26247 0 +1.732309162e-02 +1.461732309e+01 +1.461732309e+01
26332 0 +1.385508593e-02 +1.461385509e+01 +1.461385509e+01
26346 0 +1.211477253e-02 +1.461211477e+01 +1.461211477e+01
26354 0 +7.656327286e-03 +1.460765633e+01 +1.460765633e+01
26370 0 +5.220205442e-03 +1.460522021e+01 +1.460522021e+01
26380 0 +3.635244077e-03 +1.460363524e+01 +1.460363524e+01
26385 0 +3.542259179e-03 +1.460354226e+01 +1.460354226e+01
26411 0 +1.637013301e-03 +1.460163701e+01 +1.460163701e+01
26488 0 +1.164780116e-03 +1.460116478e+01 +1.460116478e+01
26490 0 +1.041673735e-03 +1.460104167e+01 +1.460104167e+01
26495 0 +9.864646521e-04 +1.460098646e+01 +1.460098646e+01
26502 0 +8.673698694e-04 +1.460086737e+01 +1.460086737e+01
26546 0 +7.628528382e-04 +1.460076285e+01 +1.460076285e+01
26569 0 +5.544457747e-04 +1.460055445e+01 +1.460055445e+01
26644 0 +4.562607435e-04 +1.460045626e+01 +1.460045626e+01
26656 0 +4.039866530e-04 +1.460040399e+01 +1.460040399e+01
26663 0 +3.362881710e-04 +1.460033629e+01 +1.460033629e+01
26674 0 +2.518149051e-04 +1.460025181e+01 +1.460025181e+01
26682 0 +2.485618366e-04 +1.460024856e+01 +1.460024856e+01
26708 0 +2.125217489e-04 +1.460021252e+01 +1.460021252e+01
26715 0 +1.812720655e-04 +1.460018127e+01 +1.460018127e+01
26726 0 +1.331590845e-04 +1.460013316e+01 +1.460013316e+01
26740 0 +1.204601229e-04 +1.460012046e+01 +1.460012046e+01
26742 0 +1.036994719e-04 +1.460010370e+01 +1.460010370e+01
26754 0 +9.674902037e-05 +1.460009675e+01 +1.460009675e+01
26766 0 +6.989835529e-05 +1.460006990e+01 +1.460006990e+01
26789 0 +5.858284782e-05 +1.460005858e+01 +1.460005858e+01
26795 0 +4.767779459e-05 +1.460004768e+01 +1.460004768e+01
26819 0 +4.128209482e-05 +1.460004128e+01 +1.460004128e+01
26822 0 +2.855648344e-05 +1.460002856e+01 +1.460002856e+01
26825 0 +2.573297720e-05 +1.460002573e+01 +1.460002573e+01
26849 0 +2.334423212e-05 +1.460002334e+01 +1.460002334e+01
26853 0 +1.122205440e-05 +1.460001122e+01 +1.460001122e+01
26924 0 +9.533385537e-06 +1.460000953e+01 +1.460000953e+01
26929 0 +8.506923072e-06 +1.460000851e+01 +1.460000851e+01
26938 0 +7.823360789e-06 +1.460000782e+01 +1.460000782e+01
26942 0 +6.776797136e-06 +1.460000678e+01 +1.460000678e+01
26955 0 +4.016181837e-06 +1.460000402e+01 +1.460000402e+01
26958 0 +3.660261765e-06 +1.460000366e+01 +1.460000366e+01
26960 0 +3.038829426e-06 +1.460000304e+01 +1.460000304e+01
26962 0 +2.673852810e-06 +1.460000267e+01 +1.460000267e+01
26971 0 +1.981650716e-06 +1.460000198e+01 +1.460000198e+01
26978 0 +1.700380540e-06 +1.460000170e+01 +1.460000170e+01
26988 0 +1.341958441e-06 +1.460000134e+01 +1.460000134e+01
26995 0 +4.596244043e-07 +1.460000046e+01 +1.460000046e+01
27045 0 +3.119879324e-07 +1.460000031e+01 +1.460000031e+01
27049 0 +2.766707219e-07 +1.460000028e+01 +1.460000028e+01
27059 0 +2.142353885e-07 +1.460000021e+01 +1.460000021e+01
27065 0 +1.893083610e-07 +1.460000019e+01 +1.460000019e+01
27075 0 +1.678616570e-07 +1.460000017e+01 +1.460000017e+01
27082 0 +1.238992322e-07 +1.460000012e+01 +1.460000012e+01
27110 0 +1.064084767e-07 +1.460000011e+01 +1.460000011e+01
27164 0 +8.786426342e-08 +1.460000009e+01 +1.460000009e+01
27169 0 +7.943241798e-08 +1.460000008e+01 +1.460000008e+01
27173 0 +7.004504177e-08 +1.460000007e+01 +1.460000007e+01
27178 0 +5.334403141e-08 +1.460000005e+01 +1.460000005e+01
27189 0 +4.779195883e-08 +1.460000005e+01 +1.460000005e+01
27200 0 +4.446243196e-08 +1.460000004e+01 +1.460000004e+01
27205 0 +2.923431275e-08 +1.460000003e+01 +1.460000003e+01
27212 0 +2.650059017e-08 +1.460000003e+01 +1.460000003e+01
27216 0 +1.863013388e-08 +1.460000002e+01 +1.460000002e+01
27245 0 +1.708604280e-08 +1.460000002e+01 +1.460000002e+01
27261 0 +1.309111930e-08 +1.460000001e+01 +1.460000001e+01
27264 0 +1.204592337e-08 +1.460000001e+01 +1.460000001e+01
27282 0 +1.087710366e-08 +1.460000001e+01 +1.460000001e+01
27297 0 +9.348118724e-09 +1.460000001e+01 +1.460000001e+01
27842 0 +9.414691249e-13 +1.460000000e+01 +1.460000000e+01
200000 0 +1.776356839e-15 +1.460000000e+01 +1.460000000e+01
% f evaluations | g evaluations | best noise-free fitness - Fopt (-2.550000000000e+01) + sum g_i+ | measured fitness | best measured fitness or single-digit g-values | x1 | x2...
1 0 +7.708804559e+01 +5.158804559e+01 +5.158804559e+01
2 0 +7.596352129e+01 +5.046352129e+01 +5.046352129e+01
1769 0 +7.076630490e+01 +4.526630490e+01 +4.526630490e+01
25811 0 +6.234179722e+01 +3.684179722e+01 +3.684179722e+01
25820 0 +5.364649122e+01 +2.814649122e+01 +2.814649122e+01
25824 0 +4.769996025e+01 +2.219996025e+01 +2.219996025e+01
25826 0 +3.896046598e+01 +1.346046598e+01 +1.346046598e+01
25830 0 +3.406587344e+01 +8.565873438e+00 +8.565873438e+00
25834 0 +3.025369646e+01 +4.753696463e+00 +4.753696463e+00
25837 0 +2.512394951e+01 -3.760504934e-01 -3.760504934e-01
25842 0 +2.354921692e+01 -1.950783079e+00 -1.950783079e+00
25851 0 +2.163578933e+01 -3.864210674e+00 -3.864210674e+00
25853 0 +1.974564790e+01 -5.754352097e+00 -5.754352097e+00
25860 0 +1.683719264e+01 -8.662807358e+00 -8.662807358e+00
25864 0 +1.476997568e+01 -1.073002432e+01 -1.073002432e+01
25866 0 +9.775799688e+00 -1.572420031e+01 -1.572420031e+01
25870 0 +8.806350762e+00 -1.669364924e+01 -1.669364924e+01
25877 0 +7.039080919e+00 -1.846091908e+01 -1.846091908e+01
25904 0 +6.193436165e+00 -1.930656384e+01 -1.930656384e+01
25906 0 +2.908567322e+00 -2.259143268e+01 -2.259143268e+01
25917 0 +2.463771780e+00 -2.303622822e+01 -2.303622822e+01
25946 0 +2.059814193e+00 -2.344018581e+01 -2.344018581e+01
26016 0 +1.989956162e+00 -2.351004384e+01 -2.351004384e+01
26151 0 +1.721670605e+00 -2.377832940e+01 -2.377832940e+01
26276 0 +1.584393079e+00 -2.391560692e+01 -2.391560692e+01
200000 0 +1.563009857e+00 -2.393699014e+01 -2.393699014e+01
% f evaluations | g evaluations | best noise-free fitness - Fopt (-2.799000000000e+01) + sum g_i+ | measured fitness | best measured fitness or single-digit g-values | x1 | x2...
1 0 +7.702752215e+01 +4.903752215e+01 +4.903752215e+01
3 0 +7.402936943e+01 +4.603936943e+01 +4.603936943e+01
1363 0 +7.042261383e+01 +4.243261383e+01 +4.243261383e+01
20971 0 +6.245014724e+01 +3.446014724e+01 +3.446014724e+01
25816 0 +5.569141448e+01 +2.770141448e+01 +2.770141448e+01
25821 0 +4.783795084e+01 +1.984795084e+01 +1.984795084e+01
25824 0 +4.406770377e+01 +1.607770377e+01 +1.607770377e+01
25827 0 +3.620058524e+01 +8.210585241e+00 +8.210585241e+00
25829 0 +3.213883003e+01 +4.148830030e+00 +4.148830030e+00
25834 0 +3.098522823e+01 +2.995228226e+00 +2.995228226e+00
25837 0 +2.647035241e+01 -1.519647593e+00 -1.519647593e+00
25839 0 +2.038697271e+01 -7.603027286e+00 -7.603027286e+00
25842 0 +1.751245473e+01 -1.047754527e+01 -1.047754527e+01
25845 0 +1.459804838e+01 -1.339195162e+01 -1.339195162e+01
25850 0 +1.282846074e+01 -1.516153926e+01 -1.516153926e+01
25851 0 +1.105965196e+01 -1.693034804e+01 -1.693034804e+01
25864 0 +9.781519004e+00 -1.820848100e+01 -1.820848100e+01
25867 0 +8.079942126e+00 -1.991005787e+01 -1.991005787e+01
25877 0 +7.309576777e+00 -2.068042322e+01 -2.068042322e+01
25879 0 +6.613686266e+00 -2.137631373e+01 -2.137631373e+01
25882 0 +5.433422240e+00 -2.255657776e+01 -2.255657776e+01
25884 0 +4.179678579e+00 -2.381032142e+01 -2.381032142e+01
25885 0 +3.069138853e+00 -2.492086115e+01 -2.492086115e+01
25893 0 +2.202578833e+00 -2.578742117e+01 -2.578742117e+01
25924 0 +1.993054229e+00 -2.599694577e+01 -2.599694577e+01
26010 0 +1.707230807e+00 -2.628276919e+01 -2.628276919e+01
26021 0 +1.203605789e+00 -2.678639421e+01 -2.678639421e+01
26026 0 +9.536096011e-01 -2.703639040e+01 -2.703639040e+01
26029 0 +8.832932789e-01 -2.710670672e+01 -2.710670672e+01
26035 0 +6.559871014e-01 -2.733401290e+01 -2.733401290e+01
26039 0 +5.029939420e-01 -2.748700606e+01 -2.748700606e+01
26042 0 +4.959078016e-01 -2.749409220e+01 -2.749409220e+01
26055 0 +4.383220582e-01 -2.755167794e+01 -2.755167794e+01
26074 0 +3.968229542e-01 -2.759317705e+01 -2.759317705e+01
26082 0 +3.536309555e-01 -2.763636904e+01 -2.763636904e+01
26104 0 +2.550920289e-01 -2.773490797e+01 -2.773490797e+01
26107 0 +2.496465482e-01 -2.774035345e+01 -2.774035345e+01
26111 0 +1.689485188e-01 -2.782105148e+01 -2.782105148e+01
26115 0 +1.523755596e-01 -2.783762444e+01 -2.783762444e+01
26141 0 +1.366471159e-01 -2.785335288e+01 -2.785335288e+01
26146 0 +1.203413770e-01 -2.786965862e+01 -2.786965862e+01
26149 0 +7.711683118e-02 -2.791288317e+01 -2.791288317e+01
26151 0 +5.534073236e-02 -2.793465927e+01 -2.793465927e+01
26155 0 +4.382439035e-02 -2.794617561e+01 -2.794617561e+01
26167 0 +3.874471003e-02 -2.795125529e+01 -2.795125529e+01
26238 0 +3.228815489e-02 -2.795771185e+01 -2.795771185e+01
26283 0 +2.680598487e-02 -2.796319402e+01 -2.796319402e+01
26286 0 +2.083421302e-02 -2.796916579e+01 -2.796916579e+01
26290 0 +1.508767259e-02 -2.797491233e+01 -2.797491233e+01
26309 0 +1.389495621e-02 -2.797610504e+01 -2.797610504e+01
26317 0 +9.925722328e-03 -2.798007428e+01 -2.798007428e+01
26319 0 +5.715520222e-03 -2.798428448e+01 -2.798428448e+01
26323 0 +4.998415240e-03 -2.798500158e+01 -2.798500158e+01
26336 0 +3.756312806e-03 -2.798624369e+01 -2.798624369e+01
26346 0 +2.509804582e-03 -2.798749020e+01 -2.798749020e+01
26404 0 +2.105980370e-03 -2.798789402e+01 -2.798789402e+01
26407 0 +1.513682099e-03 -2.798848632e+01 -2.798848632e+01
26414 0 +1.092118886e-03 -2.798890788e+01 -2.798890788e+01
26419 0 +9.500653602e-04 -2.798904993e+01 -2.798904993e+01
26421 0 +8.849173098e-04 -2.798911508e+01 -2.798911508e+01
26462 0 +7.135887658e-04 -2.798928641e+01 -2.798928641e+01
26477 0 +7.041780694e-04 -2.798929582e+01 -2.798929582e+01
26479 0 +5.119081352e-04 -2.798948809e+01 -2.798948809e+01
26481 0 +4.950781019e-04 -2.798950492e+01 -2.798950492e+01
26501 0 +4.053699984e-04 -2.798959463e+01 -2.798959463e+01
26506 0 +3.585697675e-04 -2.798964143e+01 -2.798964143e+01
26527 0 +2.656143733e-04 -2.798973439e+01 -2.798973439e+01
26570 0 +2.485653147e-04 -2.798975143e+01 -2.798975143e+01
26624 0 +2.178649610e-04 -2.798978214e+01 -2.798978214e+01
26691 0 +1.822091206e-04 -2.798981779e+01 -2.798981779e+01
26694 0 +1.738897457e-04 -2.798982611e+01 -2.798982611e+01
26708 0 +1.317542604e-04 -2.798986825e+01 -2.798986825e+01
26709 0 +9.702849691e-05 -2.798990297e+01 -2.798990297e+01
26714 0 +8.056103956e-05 -2.798991944e+01 -2.798991944e+01
26715 0 +5.598322958e-05 -2.798994402e+01 -2.798994402e+01
26718 0 +3.680687234e-05 -2.798996319e+01 -2.798996319e+01
26728 0 +2.934623488e-05 -2.798997065e+01 -2.798997065e+01
26736 0 +2.625676598e-05 -2.798997374e+01 -2.798997374e+01
26778 0 +2.488611211e-05 -2.798997511e+01 -2.798997511e+01
26857 0 +2.092695728e-05 -2.798997907e+01 -2.798997907e+01
26860 0 +1.870283108e-05 -2.798998130e+01 -2.798998130e+01
26864 0 +1.762741726e-05 -2.798998237e+01 -2.798998237e+01
26867 0 +1.320887627e-05 -2.798998679e+01 -2.798998679e+01
26869 0 +1.248222719e-05 -2.798998752e+01 -2.798998752e+01
26875 0 +7.297946521e-06 -2.798999270e+01 -2.798999270e+01
26877 0 +6.930991805e-06 -2.798999307e+01 -2.798999307e+01
26879 0 +6.105650812e-06 -2.798999389e+01 -2.798999389e+01
26951 0 +4.448912222e-06 -2.798999555e+01 -2.798999555e+01
26959 0 +2.518547568e-06 -2.798999748e+01 -2.798999748e+01
26983 0 +1.764686893e-06 -2.798999824e+01 -2.798999824e+01
26995 0 +9.791275204e-07 -2.798999902e+01 -2.798999902e+01
27086 0 +6.395312937e-07 -2.798999936e+01 -2.798999936e+01
27087 0 +6.221027284e-07 -2.798999938e+01 -2.798999938e+01
27090 0 +5.500411895e-07 -2.798999945e+01 -2.798999945e+01
27093 0 +4.206056516e-07 -2.798999958e+01 -2.798999958e+01
27107 0 +3.923805529e-07 -2.798999961e+01 -2.798999961e+01
27118 0 +3.352075097e-07 -2.798999966e+01 -2.798999966e+01
27119 0 +2.367947296e-07 -2.798999976e+01 -2.798999976e+01
27128 0 +2.168169893e-07 -2.798999978e+01 -2.798999978e+01
27143 0 +1.882464638e-07 -2.798999981e+01 -2.798999981e+01
27155 0 +1.637601521e-07 -2.798999984e+01 -2.798999984e+01
27177 0 +1.479337755e-07 -2.798999985e+01 -2.798999985e+01
27206 0 +1.404860086e-07 -2.798999986e+01 -2.798999986e+01
27235 0 +1.129130105e-07 -2.798999989e+01 -2.798999989e+01
27239 0 +9.107598586e-08 -2.798999991e+01 -2.798999991e+01
27241 0 +7.813300584e-08 -2.798999992e+01 -2.798999992e+01
27287 0 +6.910851980e-08 -2.798999993e+01 -2.798999993e+01
27296 0 +6.207462988e-08 -2.798999994e+01 -2.798999994e+01
27300 0 +5.215796506e-08 -2.798999995e+01 -2.798999995e+01
27301 0 +4.679689170e-08 -2.798999995e+01 -2.798999995e+01
27311 0 +4.390977537e-08 -2.798999996e+01 -2.798999996e+01
27322 0 +3.050673314e-08 -2.798999997e+01 -2.798999997e+01
27335 0 +1.696203711e-08 -2.798999998e+01 -2.798999998e+01
27337 0 +1.450120379e-08 -2.798999999e+01 -2.798999999e+01
27362 0 +1.213838630e-08 -2.798999999e+01 -2.798999999e+01
27381 0 +8.067125634e-09 -2.798999999e+01 -2.798999999e+01
27915 0 +7.034373084e-13 -2.799000000e+01 -2.799000000e+01
129808 0 +0.000000000e+00 -2.799000000e+01 -2.799000000e+01
200000 0 +0.000000000e+00 -2.799000000e+01 -2.799000000e+01
% f evaluations | g evaluations | best noise-free fitness - Fopt (-5.112000000000e+01) + sum g_i+ | measured fitness | best measured fitness or single-digit g-values | x1 | x2...
1 0 +7.548823041e+01 +2.436823041e+01 +2.436823041e+01
8 0 +7.475268815e+01 +2.363268815e+01 +2.363268815e+01
261 0 +7.015562038e+01 +1.903562038e+01 +1.903562038e+01
25816 0 +6.157865402e+01 +1.045865402e+01 +1.045865402e+01
25825 0 +5.315825661e+01 +2.038256607e+00 +2.038256607e+00
25829 0 +4.925107788e+01 -1.868922116e+00 -1.868922116e+00
25837 0 +4.386074133e+01 -7.259258672e+00 -7.259258672e+00
25842 0 +3.946435689e+01 -1.165564311e+01 -1.165564311e+01
25865 0 +3.381801655e+01 -1.730198345e+01 -1.730198345e+01
25927 0 +3.159906413e+01 -1.952093587e+01 -1.952093587e+01
205159 0 +2.976783016e+01 -2.135216984e+01 -2.135216984e+01
% f evaluations | g evaluations | best noise-free fitness - Fopt (-4.336200000000e+02) + sum g_i+ | measured fitness | best measured fitness or single-digit g-values | x1 | x2...
1 0 +8.114844801e+01 -3.524715520e+02 -3.524715520e+02
2 0 +7.691952352e+01 -3.567004765e+02 -3.567004765e+02
1234 0 +6.942973922e+01 -3.641902608e+02 -3.641902608e+02
9684 0 +6.210009227e+01 -3.715199077e+02 -3.715199077e+02
14324 0 +4.553446141e+01 -3.880855386e+02 -3.880855386e+02
14328 0 +4.151407076e+01 -3.921059292e+02 -3.921059292e+02
18585 0 +3.972690349e+01 -3.938930965e+02 -3.938930965e+02
20907 0 +3.274197396e+01 -4.008780260e+02 -4.008780260e+02
23783 0 +3.143149294e+01 -4.021885071e+02 -4.021885071e+02
25841 0 +2.784584944e+01 -4.057741506e+02 -4.057741506e+02
25859 0 +2.212115755e+01 -4.114988425e+02 -4.114988425e+02
25901 0 +1.732675997e+01 -4.162932400e+02 -4.162932400e+02
25952 0 +1.230222152e+01 -4.213177785e+02 -4.213177785e+02
25964 0 +1.072045320e+01 -4.228995468e+02 -4.228995468e+02
26057 0 +9.412113893e+00 -4.242078861e+02 -4.242078861e+02
26117 0 +8.804502628e+00 -4.248154974e+02 -4.248154974e+02
26247 0 +7.880015537e+00 -4.257399845e+02 -4.257399845e+02
26604 0 +7.067542562e+00 -4.265524574e+02 -4.265524574e+02
27107 0 +6.306380475e+00 -4.273136195e+02 -4.273136195e+02
27954 0 +5.616616743e+00 -4.280033833e+02 -4.280033833e+02
200000 0 +5.262803669e+00 -4.283571963e+02 -4.283571963e+02
% f evaluations | g evaluations | best noise-free fitness - Fopt (1.088800000000e+02) + sum g_i+ | measured fitness | best measured fitness or single-digit g-values | x1 | x2...
1 0 +6.920421161e+01 +1.780842116e+02 +1.780842116e+02
3 0 +6.727729850e+01 +1.761572985e+02 +1.761572985e+02
14 0 +6.165237243e+01 +1.705323724e+02 +1.705323724e+02
23 0 +5.332226082e+01 +1.622022608e+02 +1.622022608e+02
2981 0 +4.915839775e+01 +1.580383978e+02 +1.580383978e+02
2990 0 +3.954835168e+01 +1.484283517e+02 +1.484283517e+02
3774 0 +3.460809248e+01 +1.434880925e+02 +1.434880925e+02
5193 0 +3.110885714e+01 +1.399888571e+02 +1.399888571e+02
7386 0 +2.730078808e+01 +1.361807881e+02 +1.361807881e+02
8130 0 +2.313047609e+01 +1.320104761e+02 +1.320104761e+02
8160 0 +2.225164874e+01 +1.311316487e+02 +1.311316487e+02
10323 0 +1.937481355e+01 +1.282548136e+02 +1.282548136e+02
10386 0 +1.646463960e+01 +1.253446396e+02 +1.253446396e+02
15483 0 +1.552162371e+01 +1.244016237e+02 +1.244016237e+02
16316 0 +1.406789095e+01 +1.229478910e+02 +1.229478910e+02
20654 0 +1.195401670e+01 +1.208340167e+02 +1.208340167e+02
21428 0 +1.001847192e+01 +1.188984719e+02 +1.188984719e+02
21491 0 +9.976229845e+00 +1.188562298e+02 +1.188562298e+02
25813 0 +7.957488714e+00 +1.168374887e+02 +1.168374887e+02
25815 0 +7.185740208e+00 +1.160657402e+02 +1.160657402e+02
25820 0 +5.220943107e+00 +1.141009431e+02 +1.141009431e+02
25829 0 +4.330474518e+00 +1.132104745e+02 +1.132104745e+02
25837 0 +3.100509269e+00 +1.119805093e+02 +1.119805093e+02
25839 0 +2.041953503e+00 +1.109219535e+02 +1.109219535e+02
25841 0 +1.974120763e+00 +1.108541208e+02 +1.108541208e+02
25865 0 +1.135836370e+00 +1.100158364e+02 +1.100158364e+02
25869 0 +6.968249218e-01 +1.095768249e+02 +1.095768249e+02
25891 0 +5.608661033e-01 +1.094408661e+02 +1.094408661e+02
25928 0 +4.181131243e-01 +1.092981131e+02 +1.092981131e+02
25959 0 +2.872436660e-01 +1.091672437e+02 +1.091672437e+02
26003 0 +2.654704483e-01 +1.091454704e+02 +1.091454704e+02
26014 0 +1.696501743e-01 +1.090496502e+02 +1.090496502e+02
26017 0 +1.317418120e-01 +1.090117418e+02 +1.090117418e+02
26019 0 +1.058037077e-01 +1.089858037e+02 +1.089858037e+02
26022 0 +9.769035552e-02 +1.089776904e+02 +1.089776904e+02
26031 0 +5.184376723e-02 +1.089318438e+02 +1.089318438e+02
26034 0 +4.439910529e-02 +1.089243991e+02 +1.089243991e+02
26056 0 +2.910056779e-02 +1.089091006e+02 +1.089091006e+02
26129 0 +2.512898440e-02 +1.089051290e+02 +1.089051290e+02
26135 0 +2.503524167e-02 +1.089050352e+02 +1.089050352e+02
26142 0 +2.157078154e-02 +1.089015708e+02 +1.089015708e+02
26145 0 +1.839992325e-02 +1.088983999e+02 +1.088983999e+02
26149 0 +1.548204309e-02 +1.088954820e+02 +1.088954820e+02
26168 0 +1.312093772e-02 +1.088931209e+02 +1.088931209e+02
26171 0 +1.159332305e-02 +1.088915933e+02 +1.088915933e+02
26180 0 +8.370243721e-03 +1.088883702e+02 +1.088883702e+02
26185 0 +4.648661917e-03 +1.088846487e+02 +1.088846487e+02
26192 0 +3.854704083e-03 +1.088838547e+02 +1.088838547e+02
26319 0 +3.449531735e-03 +1.088834495e+02 +1.088834495e+02
26336 0 +3.158953939e-03 +1.088831590e+02 +1.088831590e+02
26344 0 +2.209570248e-03 +1.088822096e+02 +1.088822096e+02
26351 0 +1.958675166e-03 +1.088819587e+02 +1.088819587e+02
26356 0 +1.003127820e-03 +1.088810031e+02 +1.088810031e+02
26358 0 +9.083246351e-04 +1.088809083e+02 +1.088809083e+02
26361 0 +7.442586748e-04 +1.088807443e+02 +1.088807443e+02
26374 0 +6.467699295e-04 +1.088806468e+02 +1.088806468e+02
26399 0 +5.754164811e-04 +1.088805754e+02 +1.088805754e+02
26411 0 +4.993666036e-04 +1.088804994e+02 +1.088804994e+02
26429 0 +3.759806524e-04 +1.088803760e+02 +1.088803760e+02
26448 0 +3.351897703e-04 +1.088803352e+02 +1.088803352e+02
26464 0 +2.050890761e-04 +1.088802051e+02 +1.088802051e+02
26468 0 +1.364775267e-04 +1.088801365e+02 +1.088801365e+02
26525 0 +1.235491365e-04 +1.088801235e+02 +1.088801235e+02
26529 0 +1.003644713e-04 +1.088801004e+02 +1.088801004e+02
26536 0 +8.490363432e-05 +1.088800849e+02 +1.088800849e+02
26556 0 +5.274627762e-05 +1.088800527e+02 +1.088800527e+02
26558 0 +4.711832875e-05 +1.088800471e+02 +1.088800471e+02
26559 0 +2.798263783e-05 +1.088800280e+02 +1.088800280e+02
26561 0 +1.551517160e-05 +1.088800155e+02 +1.088800155e+02
26584 0 +7.051901079e-06 +1.088800071e+02 +1.088800071e+02
26703 0 +6.166047584e-06 +1.088800062e+02 +1.088800062e+02
26707 0 +3.823943416e-06 +1.088800038e+02 +1.088800038e+02
26716 0 +3.068849452e-06 +1.088800031e+02 +1.088800031e+02
26720 0 +1.747072389e-06 +1.088800017e+02 +1.088800017e+02
26765 0 +1.546524501e-06 +1.088800015e+02 +1.088800015e+02
26773 0 +1.400421311e-06 +1.088800014e+02 +1.088800014e+02
26777 0 +8.457500655e-07 +1.088800008e+02 +1.088800008e+02
26793 0 +6.138297692e-07 +1.088800006e+02 +1.088800006e+02
26856 0 +4.902895654e-07 +1.088800005e+02 +1.088800005e+02
26879 0 +4.428648879e-07 +1.088800004e+02 +1.088800004e+02
26881 0 +3.228164758e-07 +1.088800003e+02 +1.088800003e+02
26894 0 +3.001232614e-07 +1.088800003e+02 +1.088800003e+02
26904 0 +1.809705594e-07 +1.088800002e+02 +1.088800002e+02
26906 0 +7.812209901e-08 +1.088800001e+02 +1.088800001e+02
26918 0 +6.858537915e-08 +1.088800001e+02 +1.088800001e+02
26924 0 +4.913934504e-08 +1.088800000e+02 +1.088800000e+02
27016 0 +4.341372062e-08 +1.088800000e+02 +1.088800000e+02
27022 0 +3.833932283e-08 +1.088800000e+02 +1.088800000e+02
27024 0 +2.912972263e-08 +1.088800000e+02 +1.088800000e+02
27036 0 +1.295104823e-08 +1.088800000e+02 +1.088800000e+02
27039 0 +1.188580256e-08 +1.088800000e+02 +1.088800000e+02
27041 0 +6.914419259e-09 +1.088800000e+02 +1.088800000e+02
27698 0 +9.947598301e-13 +1.088800000e+02 +1.088800000e+02
205159 0 +2.842170943e-14 +1.088800000e+02 +1.088800000e+02
% f evaluations | g evaluations | best noise-free fitness - Fopt (1.112000000000e+01) + sum g_i+ | measured fitness | best measured fitness or single-digit g-values | x1 | x2...
1 0 +7.884369269e+01 +8.996369269e+01 +8.996369269e+01
2 0 +7.791069844e+01 +8.903069844e+01 +8.903069844e+01
4091 0 +7.054521168e+01 +8.166521168e+01 +8.166521168e+01
25813 0 +6.206015551e+01 +7.318015551e+01 +7.318015551e+01
25822 0 +5.619656769e+01 +6.731656769e+01 +6.731656769e+01
25825 0 +4.691868900e+01 +5.803868900e+01 +5.803868900e+01
25828 0 +4.447983654e+01 +5.559983654e+01 +5.559983654e+01
25832 0 +3.456742497e+01 +4.568742497e+01 +4.568742497e+01
25834 0 +2.996864144e+01 +4.108864144e+01 +4.108864144e+01
25836 0 +2.578547479e+01 +3.690547479e+01 +3.690547479e+01
25838 0 +2.185623270e+01 +3.297623270e+01 +3.297623270e+01
25839 0 +1.755285997e+01 +2.867285997e+01 +2.867285997e+01
25841 0 +1.580625520e+01 +2.692625520e+01 +2.692625520e+01
25853 0 +1.280885338e+01 +2.392885338e+01 +2.392885338e+01
25856 0 +1.240127801e+01 +2.352127801e+01 +2.352127801e+01
25863 0 +9.545686665e+00 +2.066568667e+01 +2.066568667e+01
25865 0 +8.539053021e+00 +1.965905302e+01 +1.965905302e+01
25872 0 +7.209127456e+00 +1.832912746e+01 +1.832912746e+01
25874 0 +6.273086679e+00 +1.739308668e+01 +1.739308668e+01
25876 0 +5.074365805e+00 +1.619436581e+01 +1.619436581e+01
25878 0 +3.145472588e+00 +1.426547259e+01 +1.426547259e+01
25879 0 +2.086073203e+00 +1.320607320e+01 +1.320607320e+01
25983 0 +1.944977107e+00 +1.306497711e+01 +1.306497711e+01
25999 0 +1.638841407e+00 +1.275884141e+01 +1.275884141e+01
26058 0 +1.579324664e+00 +1.269932466e+01 +1.269932466e+01
26158 0 +1.372932390e+00 +1.249293239e+01 +1.249293239e+01
26414 0 +1.258187552e+00 +1.237818755e+01 +1.237818755e+01
200000 0 +1.245255535e+00 +1.236525554e+01 +1.236525554e+01
