% f evaluations | g evaluations | best noise-free fitness - Fopt (4.078000000000e+01) + sum g_i+ | measured fitness | best measured fitness or single-digit g-values | x1 | x2...
1 0 +3.454477296e+01 +7.532477296e+01 +7.532477296e+01 +0.0000e+00 +0.0000e+00 +0.0000e+00 +0.0000e+00 +0.0000e+00
8 0 +1.823061700e+01 +5.901061700e+01 +5.901061700e+01 -1.3041e+00 -3.0835e-01 -3.8864e-01 -6.1741e-01 +4.6734e-01
9 0 +1.699604452e+01 +5.777604452e+01 +5.777604452e+01 -1.8648e+00 -1.0740e-01 -7.9189e-01 -7.7712e-01 +6.1322e-01
24 0 +1.126946196e+01 +5.204946196e+01 +5.204946196e+01 -2.4468e+00 +2.6386e-01 -6.5944e-01 -1.6050e+00 +8.0055e-02
196 0 +1.033882982e+01 +5.111882982e+01 +5.111882982e+01 -6.3397e-01 -9.3426e-01 +2.7140e+00 +1.6270e+00 +2.3971e-01
205 0 +5.395475807e+00 +4.617547581e+01 +4.617547581e+01 -7.5716e-01 +1.1446e+00 +7.8578e-01 -2.0415e+00 +9.2636e-01
334 0 +3.163526813e+00 +4.394352681e+01 +4.394352681e+01 -1.3749e+00 +6.6179e-01 +5.6182e-02 -1.9698e+00 +3.9778e-01
341 0 +2.548374252e+00 +4.332837425e+01 +4.332837425e+01 -1.8695e+00 +1.0104e+00 +2.5926e-01 -2.1417e+00 +7.8357e-02
1238 0 +2.430126543e+00 +4.321012654e+01 +4.321012654e+01 -1.6880e+00 +1.2698e+00 +9.9896e-02 -1.4192e+00 -1.9492e-01
1240 0 +1.977864502e+00 +4.275786450e+01 +4.275786450e+01 -1.7396e+00 +1.1693e+00 +9.8408e-03 -1.4347e+00 +3.5170e-01
1681 0 +1.749380746e+00 +4.252938075e+01 +4.252938075e+01 -1.6228e+00 +1.0387e+00 +5.0032e-01 -1.3130e+00 +3.0832e-01
1699 0 +1.485841690e+00 +4.226584169e+01 +4.226584169e+01 -1.6228e+00 +1.2888e+00 +5.0032e-01 -1.5632e+00 +3.0832e-01
1702 0 +1.296094960e+00 +4.207609496e+01 +4.207609496e+01 -1.6228e+00 +1.2888e+00 +5.0032e-01 -1.5632e+00 +5.5848e-01
1740 0 +1.255908352e+00 +4.203590835e+01 +4.203590835e+01 -1.7479e+00 +1.2263e+00 +5.6287e-01 -1.5007e+00 +5.5848e-01
50000 0 +1.245255535e+00 +4.202525554e+01 +4.202525554e+01 -1.7181e+00 +1.2593e+00 +5.4114e-01 -1.5171e+00 +5.4431e-01
% f evaluations | g evaluations | best noise-free fitness - Fopt (-1.600000000000e+00) + sum g_i+ | measured fitness | best measured fitness or single-digit g-values | x1 | x2...
1 0 +4.431357451e+01 +4.271357451e+01 +4.271357451e+01 +0.0000e+00 +0.0000e+00 +0.0000e+00 +0.0000e+00 +0.0000e+00
7 0 +4.347285362e+01 +4.187285362e+01 +4.187285362e+01 -3.6861e+00 +1.1446e+00 +7.8578e-01 +8.8747e-01 +9.2636e-01
8 0 +1.053577966e+01 +8.935779661e+00 +8.935779661e+00 -1.3041e+00 -3.0835e-01 -3.8864e-01 -6.1741e-01 +4.6734e-01
46 0 +8.565861555e+00 +6.965861555e+00 +6.965861555e+00 +2.4725e+00 -1.9659e-01 +1.0681e+00 -6.1863e-01 +6.9183e-01
402 0 +5.330177573e+00 +3.730177573e+00 +3.730177573e+00 -1.2845e-01 -2.5962e+00 +8.4945e-01 +2.8216e+00 -2.9761e-01
414 0 +2.266915155e+00 +6.669151550e-01 +6.669151550e-01 +3.7940e-01 -2.6729e+00 -3.0155e-01 +2.6119e+00 -9.9327e-01
416 0 +1.899921807e+00 +2.999218073e-01 +2.999218073e-01 +5.1309e-01 -2.1991e+00 -3.2641e-01 +2.8675e+00 -1.3011e+00
845 0 +1.438368732e+00 -1.616312679e-01 -1.616312679e-01 +3.7193e-01 -2.1782e+00 +1.3024e+00 +2.8844e+00 -9.4316e-01
942 0 +5.119766946e-01 -1.088023305e+00 -1.088023305e+00 +2.7502e-01 -2.5216e+00 -2.1859e-01 +2.6991e+00 -2.2590e+00
957 0 +1.225809967e-01 -1.477419003e+00 -1.477419003e+00 +6.6561e-01 -2.0741e+00 +3.6999e-01 +2.7410e+00 -1.9851e+00
1029 0 +1.063654663e-01 -1.493634534e+00 -1.493634534e+00 +1.0481e+00 -2.3717e+00 +4.4634e-01 +2.8725e+00 -1.6954e+00
1488 0 +4.151276051e-02 -1.558487239e+00 -1.558487239e+00 +6.8902e-01 -2.0812e+00 +7.0506e-01 +2.9234e+00 -1.8184e+00
1505 0 +3.755156209e-02 -1.562448438e+00 -1.562448438e+00 +1.3110e+00 -2.1520e+00 +6.8432e-01 +2.9055e+00 -2.0346e+00
1507 0 +7.239420700e-03 -1.592760579e+00 -1.592760579e+00 +1.0282e+00 -1.8229e+00 +7.2632e-01 +3.0994e+00 -1.7547e+00
1686 0 +2.100078243e-03 -1.597899922e+00 -1.597899922e+00 +1.1156e+00 -1.8729e+00 +8.0865e-01 +2.9289e+00 -2.0393e+00
1705 0 +1.089321429e-03 -1.598910679e+00 -1.598910679e+00 +1.1156e+00 -1.9980e+00 +8.0865e-01 +2.9289e+00 -2.0393e+00
1707 0 +4.639616700e-04 -1.599536038e+00 -1.599536038e+00 +1.1156e+00 -1.9980e+00 +6.8357e-01 +2.9289e+00 -2.0393e+00
1723 0 +2.917198677e-04 -1.599708280e+00 -1.599708280e+00 +1.0530e+00 -1.9980e+00 +6.8357e-01 +2.9289e+00 -2.0393e+00
1730 0 +1.669767959e-04 -1.599833023e+00 -1.599833023e+00 +1.0530e+00 -1.9980e+00 +6.8357e-01 +2.9915e+00 -2.0393e+00
1732 0 +1.448397858e-04 -1.599855160e+00 -1.599855160e+00 +1.0530e+00 -1.9980e+00 +6.8357e-01 +2.9915e+00 -1.9768e+00
1734 0 +9.446312596e-05 -1.599905537e+00 -1.599905537e+00 +1.1156e+00 -1.9980e+00 +6.8357e-01 +2.9915e+00 -1.9768e+00
1737 0 +8.465067687e-05 -1.599915349e+00 -1.599915349e+00 +1.1156e+00 -1.9980e+00 +6.2102e-01 +2.9915e+00 -1.9768e+00
1741 0 +7.490681925e-06 -1.599992509e+00 -1.599992509e+00 +1.1156e+00 -1.9980e+00 +6.2102e-01 +2.9915e+00 -2.0393e+00
1751 0 +2.382161008e-06 -1.599997618e+00 -1.599997618e+00 +1.1156e+00 -1.9980e+00 +6.2102e-01 +2.9915e+00 -2.1018e+00
1777 0 +1.778218428e-06 -1.599998222e+00 -1.599998222e+00 +1.1156e+00 -1.9980e+00 +6.0539e-01 +2.9915e+00 -2.1018e+00
1780 0 +4.911621645e-07 -1.599999509e+00 -1.599999509e+00 +1.1156e+00 -1.9980e+00 +6.0539e-01 +3.0071e+00 -2.1018e+00
1782 0 +3.719466746e-07 -1.599999628e+00 -1.599999628e+00 +1.1156e+00 -1.9980e+00 +6.0539e-01 +3.0071e+00 -2.0862e+00
1784 0 +3.102347814e-07 -1.599999690e+00 -1.599999690e+00 +1.1312e+00 -1.9980e+00 +6.0539e-01 +3.0071e+00 -2.0862e+00
1791 0 +1.771522786e-07 -1.599999823e+00 -1.599999823e+00 +1.1312e+00 -1.9980e+00 +6.0539e-01 +3.0071e+00 -2.1018e+00
1797 0 +1.436079133e-07 -1.599999856e+00 -1.599999856e+00 +1.1312e+00 -1.9980e+00 +5.8975e-01 +3.0071e+00 -2.1018e+00
1801 0 +1.203032978e-07 -1.599999880e+00 -1.599999880e+00 +1.1312e+00 -1.9980e+00 +5.8975e-01 +3.0071e+00 -2.1175e+00
1805 0 +9.548115032e-08 -1.599999905e+00 -1.599999905e+00 +1.1312e+00 -2.0137e+00 +5.8975e-01 +3.0071e+00 -2.1175e+00
1807 0 +1.185693344e-08 -1.599999988e+00 -1.599999988e+00 +1.1312e+00 -2.0137e+00 +5.7412e-01 +3.0071e+00 -2.1175e+00
1823 0 +2.773291596e-09 -1.599999997e+00 -1.599999997e+00 +1.1234e+00 -2.0137e+00 +5.7412e-01 +3.0071e+00 -2.1175e+00
1911 0 +6.339373471e-13 -1.600000000e+00 -1.600000000e+00 +1.1283e+00 -2.0117e+00 +5.7217e-01 +3.0120e+00 -2.1175e+00
3887 0 +0.000000000e+00 -1.600000000e+00 -1.600000000e+00 +1.1284e+00 -2.0125e+00 +5.7117e-01 +3.0117e+00 -2.1185e+00
50000 0 +0.000000000e+00 -1.600000000e+00 -1.600000000e+00 +1.1284e+00 -2.0125e+00 +5.7117e-01 +3.0117e+00 -2.1185e+00
% f evaluations | g evaluations | best noise-free fitness - Fopt (-3.708400000000e+02) + sum g_i+ | measured fitness | best measured fitness or single-digit g-values | x1 | x2...
1 0 +6.618478373e+01 -3.046552163e+02 -3.046552163e+02 +0.0000e+00 +0.0000e+00 +0.0000e+00 +0.0000e+00 +0.0000e+00
4 0 +5.867105013e+01 -3.121689499e+02 -3.121689499e+02 -1.8967e+00 +9.1297e-01 +7.7507e-02 +1.3232e+00 +5.4876e-01
11 0 +4.899666649e+01 -3.218433335e+02 -3.218433335e+02 -2.5791e+00 +1.3939e+00 +3.5766e-01 +1.0860e+00 +1.0810e-01
37 0 +8.162198174e+00 -3.626778018e+02 -3.626778018e+02 +3.9612e+00 +9.1297e-01 +7.7507e-02 +1.3232e+00 +5.4876e-01
52 0 +6.858631252e+00 -3.639813687e+02 -3.639813687e+02 +3.9360e+00 -9.7069e-01 +2.5837e-02 +9.9415e-01 +9.2340e-01
404 0 +4.267631223e+00 -3.665723688e+02 -3.665723688e+02 +4.1068e+00 -2.3466e+00 -2.8171e-01 -4.4754e-01 +3.3877e-01
569 0 +1.980005219e+00 -3.688599948e+02 -3.688599948e+02 +4.1068e+00 -2.2351e-01 -2.8171e-01 +1.6756e+00 +3.3877e-01
570 0 +1.011423136e+00 -3.698285769e+02 -3.698285769e+02 +3.7003e+00 -7.7852e-02 -5.7402e-01 +1.5598e+00 +4.4451e-01
709 0 +4.683231111e-01 -3.703716769e+02 -3.703716769e+02 +3.8204e+00 -5.7520e-01 -4.6667e-01 +2.3754e+00 +7.2288e-02
1060 0 +3.850212789e-01 -3.704549787e+02 -3.704549787e+02 +3.3221e+00 -7.6784e-01 -1.5095e+00 +2.6271e+00 +2.0901e-01
1075 0 +1.964102594e-01 -3.706435897e+02 -3.706435897e+02 +3.3125e+00 -1.4853e+00 -1.5291e+00 +2.5018e+00 +3.5170e-01
1305 0 +1.762903679e-02 -3.708223710e+02 -3.708223710e+02 +3.1283e+00 -2.8889e-01 -1.6974e+00 +1.9565e+00 +5.9366e-01
1404 0 +4.130262653e-03 -3.708358697e+02 -3.708358697e+02 +3.0734e+00 -1.0181e+00 -1.6538e+00 +2.0023e+00 +7.3725e-01
1406 0 +3.646229024e-03 -3.708363538e+02 -3.708363538e+02 +3.1244e+00 -8.3757e-01 -1.6633e+00 +2.0997e+00 +6.1999e-01
1708 0 +3.129778387e-03 -3.708368702e+02 -3.708368702e+02 +2.9289e+00 -7.5049e-01 -1.7891e+00 +1.8148e+00 +6.1524e-01
1724 0 +7.343615357e-04 -3.708392656e+02 -3.708392656e+02 +3.0540e+00 -7.5049e-01 -1.7891e+00 +1.8148e+00 +6.1524e-01
1728 0 +2.577642310e-04 -3.708397422e+02 -3.708397422e+02 +3.0540e+00 -7.5049e-01 -1.6641e+00 +1.8148e+00 +6.1524e-01
1730 0 +2.311760011e-05 -3.708399769e+02 -3.708399769e+02 +3.0540e+00 -7.5049e-01 -1.6641e+00 +1.9399e+00 +6.1524e-01
1745 0 +1.861259153e-05 -3.708399814e+02 -3.708399814e+02 +3.0540e+00 -8.1303e-01 -1.6641e+00 +1.9399e+00 +6.1524e-01
1764 0 +7.485976255e-06 -3.708399925e+02 -3.708399925e+02 +3.0853e+00 -8.1303e-01 -1.6641e+00 +1.9399e+00 +6.1524e-01
1768 0 +1.414421092e-06 -3.708399986e+02 -3.708399986e+02 +3.0853e+00 -8.1303e-01 -1.6328e+00 +1.9399e+00 +6.1524e-01
1769 0 +1.178780792e-06 -3.708399988e+02 -3.708399988e+02 +3.0853e+00 -8.1303e-01 -1.6328e+00 +1.9086e+00 +6.1524e-01
1776 0 +7.355582170e-07 -3.708399993e+02 -3.708399993e+02 +3.0853e+00 -7.8176e-01 -1.6328e+00 +1.9086e+00 +6.1524e-01
1795 0 +6.954935543e-07 -3.708399993e+02 -3.708399993e+02 +3.0853e+00 -7.9739e-01 -1.6328e+00 +1.9086e+00 +6.1524e-01
1800 0 +4.236972586e-07 -3.708399996e+02 -3.708399996e+02 +3.0853e+00 -7.9739e-01 -1.6328e+00 +1.9242e+00 +6.1524e-01
1814 0 +3.354711566e-07 -3.708399997e+02 -3.708399997e+02 +3.0931e+00 -7.9739e-01 -1.6328e+00 +1.9242e+00 +6.1524e-01
1818 0 +1.615763381e-07 -3.708399998e+02 -3.708399998e+02 +3.0931e+00 -7.9739e-01 -1.6250e+00 +1.9242e+00 +6.1524e-01
1828 0 +1.518997124e-07 -3.708399998e+02 -3.708399998e+02 +3.0931e+00 -7.9739e-01 -1.6172e+00 +1.9242e+00 +6.1524e-01
1834 0 +7.540256775e-08 -3.708399999e+02 -3.708399999e+02 +3.1009e+00 -7.9739e-01 -1.6172e+00 +1.9242e+00 +6.1524e-01
1835 0 +6.590687462e-08 -3.708399999e+02 -3.708399999e+02 +3.1009e+00 -8.0521e-01 -1.6172e+00 +1.9242e+00 +6.1524e-01
1838 0 +4.352108363e-08 -3.708400000e+02 -3.708400000e+02 +3.1009e+00 -8.0521e-01 -1.6093e+00 +1.9242e+00 +6.1524e-01
1861 0 +2.242308028e-08 -3.708400000e+02 -3.708400000e+02 +3.1009e+00 -8.0130e-01 -1.6093e+00 +1.9242e+00 +6.1134e-01
1864 0 +1.297490826e-08 -3.708400000e+02 -3.708400000e+02 +3.1048e+00 -8.0130e-01 -1.6093e+00 +1.9242e+00 +6.1134e-01
1868 0 +1.125113158e-08 -3.708400000e+02 -3.708400000e+02 +3.1048e+00 -8.0521e-01 -1.6054e+00 +1.9242e+00 +6.1134e-01
1870 0 +8.899064596e-09 -3.708400000e+02 -3.708400000e+02 +3.1048e+00 -8.0521e-01 -1.6054e+00 +1.9281e+00 +6.1134e-01
2021 0 +9.094947018e-13 -3.708400000e+02 -3.708400000e+02 +3.1136e+00 -8.0814e-01 -1.5922e+00 +1.9325e+00 +6.0547e-01
50000 0 +5.684341886e-14 -3.708400000e+02 -3.708400000e+02 +3.1141e+00 -8.0839e-01 -1.5915e+00 +1.9328e+00 +6.0547e-01
% f evaluations | g evaluations | best noise-free fitness - Fopt (-3.256000000000e+01) + sum g_i+ | measured fitness | best measured fitness or single-digit g-values | x1 | x2...
1 0 +5.577473827e+01 +2.321473827e+01 +2.321473827e+01 +0.0000e+00 +0.0000e+00 +0.0000e+00 +0.0000e+00 +0.0000e+00
2 0 +5.178207399e+01 +1.922207399e+01 +1.922207399e+01 -2.7186e+00 -7.1789e-01 +5.1803e-01 +6.4926e-01 -1.3468e+00
3 0 +4.948183258e+01 +1.692183258e+01 +1.692183258e+01 -4.4739e+00 +1.5168e-01 -3.7521e-01 -1.9934e-02 -1.0121e+00
21 0 +4.021650840e+01 +7.656508403e+00 +7.656508403e+00 -3.4619e+00 -4.8711e-01 -3.6726e-01 +1.4723e-01 -3.3346e-01
42 0 +3.017922322e+01 -2.380776783e+00 -2.380776783e+00 +3.9930e+00 -1.0740e-01 -7.9189e-01 -7.7712e-01 +6.1322e-01
122 0 +1.941969428e+01 -1.314030572e+01 -1.314030572e+01 -1.9361e-01 +2.0336e+00 -3.1952e-01 +7.9194e-01 -1.6279e+00
219 0 +1.425215014e+01 -1.830784986e+01 -1.830784986e+01 -5.3293e-01 -4.8711e-01 -3.6726e-01 -2.7817e+00 -3.3346e-01
270 0 +1.312281555e+01 -1.943718445e+01 -1.943718445e+01 -1.7720e-01 -6.5270e-01 +1.1719e+00 -1.4812e-01 -3.3395e+00
338 0 +9.244765178e+00 -2.331523482e+01 -2.331523482e+01 -9.4528e-01 -2.2351e-01 -2.8171e-01 -3.3765e+00 +3.3877e-01
735 0 +6.723022308e+00 -2.583697769e+01 -2.583697769e+01 -1.5640e+00 -1.5954e+00 -4.1609e-01 -3.3373e+00 +3.2221e-01
1135 0 +5.558795069e+00 -2.700120493e+01 -2.700120493e+01 -2.2970e+00 -1.6139e+00 -7.0874e-01 -3.1646e+00 +2.6350e-01
1525 0 +4.431397737e+00 -2.812860226e+01 -2.812860226e+01 -2.3322e+00 -1.2230e+00 -8.9862e-01 -3.4926e+00 +2.5576e-01
1547 0 +3.055099849e+00 -2.950490015e+01 -2.950490015e+01 -2.2312e+00 -1.5056e+00 -1.0264e+00 -3.5251e+00 +3.1013e-01
1674 0 +2.786868840e+00 -2.977313116e+01 -2.977313116e+01 -1.6228e+00 -1.5390e+00 -1.1156e+00 -3.7376e+00 +1.0006e+00
1679 0 +2.343769897e+00 -3.021623010e+01 -3.021623010e+01 -1.6228e+00 -1.5390e+00 -1.1156e+00 -4.2379e+00 +1.0006e+00
1683 0 +2.161025218e+00 -3.039897478e+01 -3.039897478e+01 -2.1231e+00 -1.5390e+00 -1.1156e+00 -4.2379e+00 +1.0006e+00
1729 0 +1.993393954e+00 -3.056660605e+01 -3.056660605e+01 -1.9980e+00 -1.4139e+00 -1.3657e+00 -4.3630e+00 +1.0006e+00
50000 0 +1.937740496e+00 -3.062225950e+01 -3.062225950e+01 -1.9753e+00 -1.3406e+00 -1.5407e+00 -4.7527e+00 +1.4232e+00
% f evaluations | g evaluations | best noise-free fitness - Fopt (5.154000000000e+02) + sum g_i+ | measured fitness | best measured fitness or single-digit g-values | x1 | x2...
1 0 +2.019037433e+01 +5.355903743e+02 +5.355903743e+02 +0.0000e+00 +0.0000e+00 +0.0000e+00 +0.0000e+00 +0.0000e+00
12 0 +1.898879091e+01 +5.343887909e+02 +5.343887909e+02 -2.5794e+00 +7.6323e-01 -1.7617e+00 -3.8649e-01 -5.6869e-01
20 0 +7.574691675e+00 +5.229746917e+02 +5.229746917e+02 -2.2211e+00 -1.0477e-01 -4.5030e-01 -8.4804e-02 -1.7950e+00
89 0 +4.962727795e+00 +5.203627278e+02 +5.203627278e+02 -1.9361e-01 -3.8243e+00 -3.1952e-01 +7.9194e-01 -1.6279e+00
1199 0 +4.349503213e+00 +5.197495032e+02 +5.197495032e+02 -4.5089e-01 +5.3091e-01 +1.3622e-01 +2.2270e+00 +4.1172e-02
1732 0 +3.899148120e+00 +5.192991481e+02 +5.192991481e+02 -5.8412e-01 +5.5708e-01 +2.5016e-01 +2.4286e+00 +2.5016e-01
1768 0 +3.468457493e+00 +5.188684575e+02 +5.188684575e+02 -2.7142e-01 +8.0725e-01 +3.1270e-01 +2.4286e+00 +2.5016e-01
50000 0 +3.169805587e+00 +5.185698056e+02 +5.185698056e+02 +1.6105e-01 +1.1102e+00 +5.2001e-01 +2.1723e+00 +4.8411e-01
% f evaluations | g evaluations | best noise-free fitness - Fopt (1.559800000000e+02) + sum g_i+ | measured fitness | best measured fitness or single-digit g-values | x1 | x2...
1 0 +2.360150664e+01 +1.795815066e+02 +1.795815066e+02 +0.0000e+00 +0.0000e+00 +0.0000e+00 +0.0000e+00 +0.0000e+00
40 0 +2.350409444e+01 +1.794840944e+02 +1.794840944e+02 +2.1718e+00 +1.1446e+00 +7.8578e-01 +8.8747e-01 +9.2636e-01
45 0 +1.627884014e+01 +1.722588401e+02 +1.722588401e+02 +3.2785e+00 +7.6323e-01 -1.7617e+00 -3.8649e-01 -5.6869e-01
49 0 +1.052243919e+01 +1.665024392e+02 +1.665024392e+02 +1.6967e+00 -1.0947e+00 -8.8814e-01 +4.8023e-01 +1.3758e-01
53 0 +9.038353709e+00 +1.650183537e+02 +1.650183537e+02 +3.6368e+00 -1.0477e-01 -4.5030e-01 -8.4804e-02 -1.7950e+00
76 0 +7.916160718e+00 +1.638961607e+02 +1.638961607e+02 +1.0063e+00 -2.1935e+00 -9.0108e-01 +3.1434e-01 +1.5799e-01
243 0 +4.607783566e+00 +1.605877836e+02 +1.605877836e+02 +3.4955e-01 +7.6323e-01 -1.7617e+00 +2.5424e+00 -5.6869e-01
474 0 +2.009603518e+00 +1.579896035e+02 +1.579896035e+02 +3.1823e+00 +5.5325e-01 -3.4001e+00 -2.8015e-01 -4.1223e-01
489 0 +1.565138677e+00 +1.575451387e+02 +1.575451387e+02 +3.1445e+00 +8.8392e-01 -2.8412e+00 -3.8645e-01 -5.5970e-01
791 0 +6.329023843e-01 +1.566129024e+02 +1.566129024e+02 +2.8509e+00 +1.0292e+00 -2.9474e+00 -2.3936e-01 -2.6471e-02
814 0 +5.975960653e-01 +1.565775961e+02 +1.565775961e+02 +2.7626e+00 +5.7142e-01 -3.8188e+00 +3.2437e-01 -4.1062e-01
1140 0 +1.664405363e-01 +1.561464405e+02 +1.561464405e+02 +3.1283e+00 +1.2501e+00 -3.3971e+00 -1.6660e-01 -5.2191e-01
1413 0 +1.330732737e-01 +1.561130733e+02 +1.561130733e+02 +3.0110e+00 +1.0670e+00 -3.5122e+00 -1.4719e-01 -2.1318e-01
1679 0 +1.046170205e-01 +1.560846170e+02 +1.560846170e+02 +3.4293e+00 +1.2307e+00 -3.2387e+00 -5.0032e-01 -1.0006e+00
1692 0 +5.087995918e-02 +1.560308800e+02 +1.560308800e+02 +3.4293e+00 +1.2307e+00 -3.7390e+00 -5.0032e-01 -5.0032e-01
1708 0 +4.749599317e-02 +1.560274960e+02 +1.560274960e+02 +3.4293e+00 +1.2307e+00 -3.4888e+00 -5.0032e-01 -5.0032e-01
1710 0 +3.913350094e-02 +1.560191335e+02 +1.560191335e+02 +3.4293e+00 +1.2307e+00 -3.4888e+00 -2.5016e-01 -5.0032e-01
1711 0 +2.121817999e-02 +1.560012182e+02 +1.560012182e+02 +3.4293e+00 +1.2307e+00 -3.4888e+00 -2.5016e-01 -7.5049e-01
1714 0 +1.647981975e-02 +1.559964798e+02 +1.559964798e+02 +3.6794e+00 +1.2307e+00 -3.4888e+00 -2.5016e-01 -7.5049e-01
1721 0 +3.740498510e-03 +1.559837405e+02 +1.559837405e+02 +3.6794e+00 +1.2307e+00 -3.4888e+00 -2.5016e-01 -1.0006e+00
1735 0 +1.380924116e-03 +1.559813809e+02 +1.559813809e+02 +3.6794e+00 +1.1056e+00 -3.4888e+00 -2.5016e-01 -1.0006e+00
1741 0 +2.146579047e-04 +1.559802147e+02 +1.559802147e+02 +3.6794e+00 +1.1056e+00 -3.4888e+00 -2.5016e-01 -1.1257e+00
1751 0 +1.218674173e-04 +1.559801219e+02 +1.559801219e+02 +3.6794e+00 +1.1056e+00 -3.4888e+00 -2.5016e-01 -1.2508e+00
1764 0 +2.649265227e-05 +1.559800265e+02 +1.559800265e+02 +3.7420e+00 +1.1056e+00 -3.4888e+00 -2.5016e-01 -1.2508e+00
1771 0 +2.341199297e-05 +1.559800234e+02 +1.559800234e+02 +3.7420e+00 +1.1056e+00 -3.4888e+00 -2.5016e-01 -1.3134e+00
1780 0 +2.174276929e-05 +1.559800217e+02 +1.559800217e+02 +3.7420e+00 +1.1056e+00 -3.4888e+00 -1.8762e-01 -1.3134e+00
1794 0 +1.136591362e-05 +1.559800114e+02 +1.559800114e+02 +3.7732e+00 +1.1056e+00 -3.4888e+00 -1.8762e-01 -1.3134e+00
1795 0 +6.568031893e-06 +1.559800066e+02 +1.559800066e+02 +3.7732e+00 +1.0743e+00 -3.4888e+00 -1.8762e-01 -1.3134e+00
1801 0 +4.259873663e-07 +1.559800004e+02 +1.559800004e+02 +3.7732e+00 +1.0743e+00 -3.4888e+00 -1.8762e-01 -1.3446e+00
1811 0 +4.534911113e-09 +1.559800000e+02 +1.559800000e+02 +3.7732e+00 +1.0743e+00 -3.4888e+00 -1.8762e-01 -1.3759e+00
1936 0 +3.979039320e-13 +1.559800000e+02 +1.559800000e+02 +3.7757e+00 +1.0807e+00 -3.4913e+00 -1.9593e-01 -1.3681e+00
1974 0 +0.000000000e+00 +1.559800000e+02 +1.559800000e+02 +3.7760e+00 +1.0809e+00 -3.4913e+00 -1.9642e-01 -1.3681e+00
50329 0 +0.000000000e+00 +1.559800000e+02 +1.559800000e+02 +3.7760e+00 +1.0809e+00 -3.4913e+00 -1.9642e-01 -1.3681e+00
% f evaluations | g evaluations | best noise-free fitness - Fopt (-1.764600000000e+02) + sum g_i+ | measured fitness | best measured fitness or single-digit g-values | x1 | x2...
1 0 +6.538632671e+01 -1.110736733e+02 -1.110736733e+02 +0.0000e+00 +0.0000e+00 +0.0000e+00 +0.0000e+00 +0.0000e+00
4 0 +6.227719725e+01 -1.141828027e+02 -1.141828027e+02 -1.8967e+00 +9.1297e-01 +7.7507e-02 +1.3232e+00 +5.4876e-01
7 0 +5.548099651e+01 -1.209790035e+02 -1.209790035e+02 -3.6861e+00 +1.1446e+00 +7.8578e-01 +8.8747e-01 +9.2636e-01
19 0 +4.666065457e+01 -1.297993454e+02 -1.297993454e+02 -1.9219e+00 -9.7069e-01 +2.5837e-02 +9.9415e-01 +9.2340e-01
57 0 +4.258976241e+01 -1.338702376e+02 -1.338702376e+02 +3.4111e+00 +2.6386e-01 -6.5944e-01 -1.6050e+00 +8.0055e-02
81 0 +2.666415300e+01 -1.497958470e+02 -1.497958470e+02 +1.1826e+00 -3.4488e+00 -6.8920e-01 +1.2789e+00 -2.8517e-01
135 0 +1.794307308e+01 -1.585169269e+02 -1.585169269e+02 -1.5450e+00 +1.5168e-01 -3.3041e+00 -1.9934e-02 -1.0121e+00
202 0 +1.536331448e+01 -1.610966855e+02 -1.610966855e+02 +1.0322e+00 +9.1297e-01 +7.7507e-02 -1.6058e+00 +5.4876e-01
235 0 +4.428549490e+00 -1.720314505e+02 -1.720314505e+02 +1.0322e+00 +9.1297e-01 +7.7507e-02 +4.2521e+00 +5.4876e-01
536 0 +9.883439461e-01 -1.754716561e+02 -1.754716561e+02 +1.1778e+00 -2.2351e-01 -2.8171e-01 -2.5707e+00 +3.2677e+00
537 0 +5.601523338e-01 -1.758998477e+02 -1.758998477e+02 +7.7135e-01 -7.7852e-02 -5.7402e-01 -2.6864e+00 +3.3734e+00
717 0 +5.004182783e-01 -1.759595817e+02 -1.759595817e+02 +1.7923e+00 +1.3864e-01 -3.4650e-01 -2.9664e+00 +2.9710e+00
873 0 +1.916064408e-01 -1.762683936e+02 -1.762683936e+02 +6.2138e-01 -2.7314e-01 -3.6213e-01 -2.9901e+00 +2.7791e+00
1193 0 +1.562111016e-01 -1.763037889e+02 -1.763037889e+02 +1.2654e+00 +1.1742e-01 -3.0534e-01 -2.9589e+00 +2.9130e+00
1204 0 +7.402516425e-03 -1.764525975e+02 -1.764525975e+02 +1.0696e+00 -4.1695e-01 -3.3827e-01 -3.0558e+00 +2.9813e+00
1716 0 +3.680918261e-03 -1.764563191e+02 -1.764563191e+02 +1.2888e+00 -4.3340e-01 -5.0032e-01 -3.2387e+00 +2.9289e+00
1720 0 +1.543001538e-03 -1.764584570e+02 -1.764584570e+02 +1.2888e+00 -4.3340e-01 -5.0032e-01 -3.1136e+00 +2.9289e+00
1723 0 +5.430319305e-04 -1.764594570e+02 -1.764594570e+02 +1.1637e+00 -4.3340e-01 -5.0032e-01 -3.1136e+00 +2.9289e+00
1746 0 +2.075123470e-04 -1.764597925e+02 -1.764597925e+02 +1.1637e+00 -3.7086e-01 -5.0032e-01 -3.1136e+00 +2.9289e+00
1747 0 +1.944395744e-04 -1.764598056e+02 -1.764598056e+02 +1.1637e+00 -3.7086e-01 -5.6287e-01 -3.1136e+00 +2.9289e+00
1751 0 +1.353163968e-04 -1.764598647e+02 -1.764598647e+02 +1.1637e+00 -3.7086e-01 -5.6287e-01 -3.1136e+00 +2.8664e+00
1753 0 +1.061779059e-04 -1.764598938e+02 -1.764598938e+02 +1.1012e+00 -3.7086e-01 -5.6287e-01 -3.1136e+00 +2.8664e+00
1757 0 +7.782191267e-05 -1.764599222e+02 -1.764599222e+02 +1.1012e+00 -3.7086e-01 -6.2541e-01 -3.1136e+00 +2.8664e+00
1763 0 +4.090107146e-05 -1.764599591e+02 -1.764599591e+02 +1.0387e+00 -3.7086e-01 -6.2541e-01 -3.1136e+00 +2.8664e+00
1790 0 +1.951991780e-05 -1.764599805e+02 -1.764599805e+02 +1.0387e+00 -3.7086e-01 -6.2541e-01 -3.0823e+00 +2.8664e+00
1796 0 +6.108755741e-06 -1.764599939e+02 -1.764599939e+02 +1.0387e+00 -3.3959e-01 -6.2541e-01 -3.0823e+00 +2.8664e+00
1820 0 +2.285602477e-06 -1.764599977e+02 -1.764599977e+02 +1.0230e+00 -3.3959e-01 -6.2541e-01 -3.0667e+00 +2.8664e+00
1821 0 +1.443199181e-06 -1.764599986e+02 -1.764599986e+02 +1.0230e+00 -3.3959e-01 -6.2541e-01 -3.0667e+00 +2.8508e+00
1830 0 +1.003866089e-06 -1.764599990e+02 -1.764599990e+02 +1.0230e+00 -3.2396e-01 -6.2541e-01 -3.0511e+00 +2.8508e+00
1831 0 +2.018281577e-07 -1.764599998e+02 -1.764599998e+02 +1.0230e+00 -3.2396e-01 -6.2541e-01 -3.0511e+00 +2.8351e+00
1843 0 +1.993431908e-07 -1.764599998e+02 -1.764599998e+02 +1.0152e+00 -3.2396e-01 -6.2541e-01 -3.0511e+00 +2.8351e+00
1847 0 +1.507794991e-07 -1.764599998e+02 -1.764599998e+02 +1.0152e+00 -3.2396e-01 -6.3322e-01 -3.0511e+00 +2.8351e+00
1851 0 +6.615357506e-08 -1.764599999e+02 -1.764599999e+02 +1.0152e+00 -3.2396e-01 -6.3322e-01 -3.0511e+00 +2.8273e+00
1856 0 +5.327706276e-08 -1.764599999e+02 -1.764599999e+02 +1.0152e+00 -3.1614e-01 -6.3322e-01 -3.0511e+00 +2.8273e+00
1875 0 +4.891921890e-08 -1.764600000e+02 -1.764600000e+02 +1.0152e+00 -3.2005e-01 -6.3322e-01 -3.0511e+00 +2.8273e+00
1881 0 +3.867612008e-08 -1.764600000e+02 -1.764600000e+02 +1.0152e+00 -3.2005e-01 -6.3713e-01 -3.0511e+00 +2.8234e+00
1887 0 +2.224535933e-08 -1.764600000e+02 -1.764600000e+02 +1.0113e+00 -3.2005e-01 -6.4104e-01 -3.0511e+00 +2.8234e+00
1891 0 +1.988192366e-08 -1.764600000e+02 -1.764600000e+02 +1.0113e+00 -3.2005e-01 -6.4104e-01 -3.0511e+00 +2.8195e+00
1900 0 +1.502095870e-08 -1.764600000e+02 -1.764600000e+02 +1.0113e+00 -3.2005e-01 -6.4104e-01 -3.0471e+00 +2.8195e+00
1903 0 +1.308649189e-08 -1.764600000e+02 -1.764600000e+02 +1.0074e+00 -3.2005e-01 -6.4104e-01 -3.0471e+00 +2.8156e+00
1906 0 +7.340872799e-09 -1.764600000e+02 -1.764600000e+02 +1.0074e+00 -3.1614e-01 -6.4104e-01 -3.0471e+00 +2.8156e+00
2061 0 +8.810729923e-13 -1.764600000e+02 -1.764600000e+02 +9.9859e-01 -3.1150e-01 -6.5008e-01 -3.0420e+00 +2.8100e+00
4085 0 +0.000000000e+00 -1.764600000e+02 -1.764600000e+02 +9.9739e-01 -3.1099e-01 -6.5081e-01 -3.0415e+00 +2.8092e+00
50329 0 +0.000000000e+00 -1.764600000e+02 -1.764600000e+02 +9.9739e-01 -3.1099e-01 -6.5081e-01 -3.0415e+00 +2.8092e+00
% f evaluations | g evaluations | best noise-free fitness - Fopt (1.195800000000e+02) + sum g_i+ | measured fitness | best measured fitness or single-digit g-values | x1 | x2...
1 0 +4.806444122e+01 +1.676444412e+02 +1.676444412e+02 +0.0000e+00 +0.0000e+00 +0.0000e+00 +0.0000e+00 +0.0000e+00
2 0 +3.054504318e+01 +1.501250432e+02 +1.501250432e+02 -2.7186e+00 -7.1789e-01 +5.1803e-01 +6.4926e-01 -1.3468e+00
16 0 +1.802929472e+01 +1.376092947e+02 +1.376092947e+02 -4.1612e+00 -1.0947e+00 -8.8814e-01 +4.8023e-01 +1.3758e-01
31 0 +1.319904212e+01 +1.327790421e+02 +1.327790421e+02 -3.5629e+00 -9.3426e-01 -2.1489e-01 +1.6270e+00 +2.3971e-01
55 0 +8.274360868e+00 +1.278543609e+02 +1.278543609e+02 +2.6124e+00 +1.0875e+00 -2.9821e-01 +6.1733e-01 -7.8147e-01
108 0 +6.470057647e+00 +1.260500576e+02 +1.260500576e+02 +1.0641e+00 +2.8215e+00 -7.9189e-01 -7.7712e-01 +6.1322e-01
457 0 +4.054508048e+00 +1.236345080e+02 +1.236345080e+02 +2.6650e+00 +1.1909e+00 +4.3009e-01 -1.5048e-01 -9.9595e-01
1712 0 +3.896660462e+00 +1.234766605e+02 +1.234766605e+02 +2.9289e+00 +1.3828e+00 +1.2508e-01 +5.5848e-01 -1.4139e+00
50000 0 +3.637835368e+00 +1.232178354e+02 +1.232178354e+02 +2.7018e+00 +1.2489e+00 +2.0613e-01 +3.4398e-01 -1.1497e+00
% f evaluations | g evaluations | best noise-free fitness - Fopt (1.460000000000e+01) + sum g_i+ | measured fitness | best measured fitness or single-digit g-values | x1 | x2...
1 0 +6.279893530e+01 +7.739893530e+01 +7.739893530e+01 +0.0000e+00 +0.0000e+00 +0.0000e+00 +0.0000e+00 +0.0000e+00
3 0 +5.982813520e+01 +7.442813520e+01 +7.442813520e+01 -4.4739e+00 +1.5168e-01 -3.7521e-01 -1.9934e-02 -1.0121e+00
5 0 +5.296651052e+01 +6.756651052e+01 +6.756651052e+01 -3.6473e+00 +3.0830e-01 -8.0168e-01 +7.3443e-01 -4.1741e-02
10 0 +4.261637162e+01 +5.721637162e+01 +5.721637162e+01 -1.9226e+00 +7.3542e-01 -9.0108e-01 +3.1434e-01 +1.5799e-01
15 0 +1.085116173e+01 +2.545116173e+01 +2.545116173e+01 -1.7463e+00 -5.1982e-01 -6.8920e-01 +1.2789e+00 -2.8517e-01
564 0 +9.968198138e+00 +2.456819814e+01 +2.456819814e+01 -1.1199e+00 +1.0995e-01 -3.2009e+00 +2.1087e+00 -7.3365e-01
619 0 +8.421130789e+00 +2.302113079e+01 +2.302113079e+01 -3.6146e-01 +1.5884e-01 -2.9140e+00 +1.0935e+00 -2.2865e+00
620 0 +6.979156808e+00 +2.157915681e+01 +2.157915681e+01 -6.5770e-01 +1.1520e-01 -2.7876e+00 +8.7342e-01 -1.5865e+00
905 0 +4.903921164e+00 +1.950392116e+01 +1.950392116e+01 -4.7957e-01 -9.5432e-02 -2.8826e+00 +1.7060e+00 -1.9204e+00
994 0 +3.881023175e+00 +1.848102318e+01 +1.848102318e+01 -7.2241e-01 +3.4773e-01 -2.8994e+00 +2.0429e+00 -1.9141e+00
997 0 +1.985756906e+00 +1.658575691e+01 +1.658575691e+01 -1.4040e+00 +4.3595e-01 -2.6296e+00 +1.8770e+00 -1.7703e+00
1696 0 +1.734464982e+00 +1.633446498e+01 +1.633446498e+01 -1.8661e+00 +2.5016e-01 -2.4286e+00 +2.0393e+00 -1.8148e+00
1721 0 +1.581465346e+00 +1.618146535e+01 +1.618146535e+01 -1.9911e+00 +3.7524e-01 -2.3035e+00 +2.0393e+00 -1.6897e+00
29734 0 +8.332380282e-01 +1.543323803e+01 +1.543323803e+01 +2.0013e+00 -1.6159e+00 -2.9289e+00 +2.0393e+00 -2.9318e+00
29737 0 +6.093892219e-01 +1.520938922e+01 +1.520938922e+01 +2.0013e+00 -1.6159e+00 -2.9289e+00 +2.0393e+00 -2.4314e+00
29739 0 +5.354483176e-01 +1.513544832e+01 +1.513544832e+01 +2.5016e+00 -1.6159e+00 -2.9289e+00 +2.0393e+00 -2.4314e+00
29740 0 +2.372153542e-01 +1.483721535e+01 +1.483721535e+01 +2.5016e+00 -2.1162e+00 -2.9289e+00 +2.0393e+00 -2.4314e+00
29749 0 +1.014906909e-01 +1.470149069e+01 +1.470149069e+01 +3.0019e+00 -2.1162e+00 -2.9289e+00 +2.0393e+00 -2.4314e+00
29752 0 +4.502075886e-02 +1.464502076e+01 +1.464502076e+01 +3.0019e+00 -2.1162e+00 -3.4293e+00 +2.0393e+00 -2.4314e+00
29769 0 +2.560087970e-02 +1.462560088e+01 +1.462560088e+01 +3.2521e+00 -2.1162e+00 -3.4293e+00 +2.0393e+00 -2.4314e+00
29770 0 +2.427323128e-02 +1.462427323e+01 +1.462427323e+01 +3.2521e+00 -2.3664e+00 -3.4293e+00 +2.0393e+00 -2.4314e+00
29773 0 +1.920665897e-02 +1.461920666e+01 +1.461920666e+01 +3.2521e+00 -2.3664e+00 -3.1791e+00 +2.0393e+00 -2.4314e+00
29792 0 +1.156943508e-02 +1.461156944e+01 +1.461156944e+01 +3.3772e+00 -2.3664e+00 -3.3042e+00 +2.0393e+00 -2.4314e+00
29795 0 +4.535122042e-03 +1.460453512e+01 +1.460453512e+01 +3.3772e+00 -2.3664e+00 -3.3042e+00 +2.1644e+00 -2.4314e+00
29797 0 +2.613045715e-03 +1.460261305e+01 +1.460261305e+01 +3.3772e+00 -2.3664e+00 -3.3042e+00 +2.1644e+00 -2.3063e+00
29799 0 +8.232875843e-04 +1.460082329e+01 +1.460082329e+01 +3.5023e+00 -2.3664e+00 -3.3042e+00 +2.1644e+00 -2.3063e+00
29805 0 +6.193236837e-04 +1.460061932e+01 +1.460061932e+01 +3.5023e+00 -2.3664e+00 -3.3042e+00 +2.2895e+00 -2.3063e+00
29807 0 +2.346033887e-04 +1.460023460e+01 +1.460023460e+01 +3.5023e+00 -2.3664e+00 -3.3042e+00 +2.2895e+00 -2.1813e+00
29809 0 +7.664770811e-05 +1.460007665e+01 +1.460007665e+01 +3.6274e+00 -2.3664e+00 -3.3042e+00 +2.2895e+00 -2.1813e+00
29828 0 +3.376905379e-05 +1.460003377e+01 +1.460003377e+01 +3.5648e+00 -2.3664e+00 -3.3042e+00 +2.2895e+00 -2.1813e+00
29849 0 +3.081671211e-05 +1.460003082e+01 +1.460003082e+01 +3.5961e+00 -2.3664e+00 -3.3042e+00 +2.2895e+00 -2.1813e+00
29856 0 +2.727241705e-05 +1.460002727e+01 +1.460002727e+01 +3.5961e+00 -2.3664e+00 -3.3042e+00 +2.2895e+00 -2.2125e+00
29861 0 +7.083091063e-06 +1.460000708e+01 +1.460000708e+01 +3.5648e+00 -2.3351e+00 -3.3042e+00 +2.2895e+00 -2.2125e+00
29865 0 +6.726892213e-06 +1.460000673e+01 +1.460000673e+01 +3.5648e+00 -2.3351e+00 -3.3042e+00 +2.3207e+00 -2.2125e+00
29881 0 +2.301273065e-06 +1.460000230e+01 +1.460000230e+01 +3.5492e+00 -2.3195e+00 -3.3042e+00 +2.3207e+00 -2.2125e+00
29884 0 +2.174189959e-06 +1.460000217e+01 +1.460000217e+01 +3.5492e+00 -2.3195e+00 -3.3042e+00 +2.3051e+00 -2.2125e+00
29888 0 +1.147664410e-06 +1.460000115e+01 +1.460000115e+01 +3.5335e+00 -2.3195e+00 -3.3042e+00 +2.3051e+00 -2.2125e+00
29908 0 +1.108953715e-06 +1.460000111e+01 +1.460000111e+01 +3.5257e+00 -2.3195e+00 -3.3042e+00 +2.3051e+00 -2.2125e+00
29911 0 +6.380413549e-07 +1.460000064e+01 +1.460000064e+01 +3.5257e+00 -2.3117e+00 -3.3042e+00 +2.3051e+00 -2.2125e+00
29913 0 +5.675094386e-07 +1.460000057e+01 +1.460000057e+01 +3.5257e+00 -2.3117e+00 -3.2964e+00 +2.3051e+00 -2.2125e+00
29915 0 +4.390484403e-07 +1.460000044e+01 +1.460000044e+01 +3.5257e+00 -2.3117e+00 -3.2964e+00 +2.3129e+00 -2.2125e+00
29918 0 +3.594513984e-07 +1.460000036e+01 +1.460000036e+01 +3.5179e+00 -2.3117e+00 -3.2964e+00 +2.3129e+00 -2.2125e+00
29921 0 +2.536139370e-07 +1.460000025e+01 +1.460000025e+01 +3.5179e+00 -2.3038e+00 -3.2964e+00 +2.3129e+00 -2.2125e+00
29928 0 +1.741723015e-07 +1.460000017e+01 +1.460000017e+01 +3.5101e+00 -2.3038e+00 -3.2964e+00 +2.3129e+00 -2.2125e+00
29933 0 +1.012589301e-07 +1.460000010e+01 +1.460000010e+01 +3.5101e+00 -2.3038e+00 -3.2885e+00 +2.3129e+00 -2.2125e+00
29938 0 +7.298124594e-08 +1.460000007e+01 +1.460000007e+01 +3.5023e+00 -2.3038e+00 -3.2885e+00 +2.3129e+00 -2.2125e+00
29941 0 +6.044684930e-08 +1.460000006e+01 +1.460000006e+01 +3.5023e+00 -2.2960e+00 -3.2885e+00 +2.3129e+00 -2.2125e+00
29945 0 +4.925023234e-08 +1.460000005e+01 +1.460000005e+01 +3.5023e+00 -2.2960e+00 -3.2885e+00 +2.3207e+00 -2.2125e+00
29958 0 +1.192213261e-08 +1.460000001e+01 +1.460000001e+01 +3.4945e+00 -2.2960e+00 -3.2807e+00 +2.3207e+00 -2.2125e+00
29988 0 +4.568452283e-09 +1.460000000e+01 +1.460000000e+01 +3.4905e+00 -2.2921e+00 -3.2807e+00 +2.3207e+00 -2.2125e+00
30121 0 +8.384404282e-13 +1.460000000e+01 +1.460000000e+01 +3.4793e+00 -2.2877e+00 -3.2727e+00 +2.3200e+00 -2.2145e+00
50000 0 +3.552713679e-15 +1.460000000e+01 +1.460000000e+01 +3.4780e+00 -2.2871e+00 -3.2721e+00 +2.3201e+00 -2.2147e+00
% f evaluations | g evaluations | best noise-free fitness - Fopt (-2.550000000000e+01) + sum g_i+ | measured fitness | best measured fitness or single-digit g-values | x1 | x2...
1 0 +5.827432311e+01 +3.277432311e+01 +3.277432311e+01 +0.0000e+00 +0.0000e+00 +0.0000e+00 +0.0000e+00 +0.0000e+00
4 0 +5.382612733e+01 +2.832612733e+01 +2.832612733e+01 -1.8967e+00 +9.1297e-01 +7.7507e-02 +1.3232e+00 +5.4876e-01
6 0 +4.733493994e+01 +2.183493994e+01 +2.183493994e+01 -3.1061e+00 -6.5270e-01 +1.1719e+00 -1.4812e-01 -4.1057e-01
7 0 +3.078748645e+01 +5.287486448e+00 +5.287486448e+00 -3.6861e+00 +1.1446e+00 +7.8578e-01 +8.8747e-01 +9.2636e-01
26 0 +2.336249152e+01 -2.137508477e+00 -2.137508477e+00 -3.8363e+00 +1.5893e-01 +1.9503e-01 +1.2049e+00 +7.4033e-01
29 0 +2.073853631e+01 -4.761463685e+00 -4.761463685e+00 -3.3204e+00 +1.2086e-01 +3.2310e-01 +7.6974e-01 +1.1233e+00
40 0 +1.687679102e+01 -8.623208979e+00 -8.623208979e+00 +2.1718e+00 +1.1446e+00 +7.8578e-01 +8.8747e-01 +9.2636e-01
136 0 +1.326089376e+01 -1.223910624e+01 -1.223910624e+01 +1.0322e+00 +9.1297e-01 -2.8514e+00 +1.3232e+00 +5.4876e-01
398 0 +1.016904909e+01 -1.533095091e+01 -1.533095091e+01 +3.0814e+00 -2.6435e+00 +3.7550e-01 +4.7063e-01 -9.7624e-01
411 0 +6.711646112e+00 -1.878835389e+01 -1.878835389e+01 +3.7862e+00 -2.4999e+00 -4.9958e-01 +9.2706e-01 -2.0671e-01
1696 0 +6.254751594e+00 -1.924524841e+01 -1.924524841e+01 +3.4293e+00 -2.1611e+00 +0.0000e+00 +1.3076e+00 -5.0032e-01
1744 0 +5.270888356e+00 -2.022911164e+01 -2.022911164e+01 +3.5543e+00 -2.2862e+00 -1.2508e-01 +1.3076e+00 -6.2541e-01
1767 0 +4.914896508e+00 -2.058510349e+01 -2.058510349e+01 +3.6169e+00 -2.2237e+00 -1.8762e-01 +1.3076e+00 -6.2541e-01
1784 0 +4.355509467e+00 -2.114449053e+01 -2.114449053e+01 +3.7420e+00 -2.1611e+00 -2.5016e-01 +1.3701e+00 -7.5049e-01
1800 0 +3.957908252e+00 -2.154209175e+01 -2.154209175e+01 +3.8045e+00 -2.0360e+00 -3.1270e-01 +1.4327e+00 -7.5049e-01
1824 0 +3.419582644e+00 -2.208041736e+01 -2.208041736e+01 +3.9921e+00 -1.9735e+00 -4.3778e-01 +1.4327e+00 -8.1303e-01
1844 0 +3.153792399e+00 -2.234620760e+01 -2.234620760e+01 +4.1172e+00 -1.9110e+00 -5.0032e-01 +1.4952e+00 -8.1303e-01
1950 0 +2.817088093e+00 -2.268291191e+01 -2.268291191e+01 +4.3830e+00 -1.6608e+00 -6.7231e-01 +1.6359e+00 -9.2247e-01
50000 0 +2.777988407e+00 -2.272201159e+01 -2.272201159e+01 +4.5351e+00 -1.5894e+00 -7.6769e-01 +1.6842e+00 -9.3764e-01
% f evaluations | g evaluations | best noise-free fitness - Fopt (-2.799000000000e+01) + sum g_i+ | measured fitness | best measured fitness or single-digit g-values | x1 | x2...
1 0 +4.781001365e+01 +1.982001365e+01 +1.982001365e+01 +0.0000e+00 +0.0000e+00 +0.0000e+00 +0.0000e+00 +0.0000e+00
2 0 +1.230737242e+01 -1.568262758e+01 -1.568262758e+01 -2.7186e+00 -7.1789e-01 +5.1803e-01 +6.4926e-01 -1.3468e+00
18 0 +2.744051998e+00 -2.524594800e+01 -2.524594800e+01 -2.4055e+00 -7.5848e-01 -4.1601e-01 -4.3742e-01 -1.3703e+00
423 0 +2.196021221e+00 -2.579397878e+01 -2.579397878e+01 -2.7134e+00 -1.2392e+00 -7.1808e-01 -3.8645e-01 -5.5970e-01
50000 0 +1.999384883e+00 -2.599061512e+01 -2.599061512e+01 -2.7611e+00 -8.4457e-01 -6.0181e-01 -4.5793e-01 -8.2574e-01
% f evaluations | g evaluations | best noise-free fitness - Fopt (-5.112000000000e+01) + sum g_i+ | measured fitness | best measured fitness or single-digit g-values | x1 | x2...
1 0 +6.620824980e+01 +1.508824980e+01 +1.508824980e+01 +0.0000e+00 +0.0000e+00 +0.0000e+00 +0.0000e+00 +0.0000e+00
2 0 +6.356203507e+01 +1.244203507e+01 +1.244203507e+01 -2.7186e+00 -7.1789e-01 +5.1803e-01 +6.4926e-01 -1.3468e+00
4 0 +5.496201798e+01 +3.842017976e+00 +3.842017976e+00 -1.8967e+00 +9.1297e-01 +7.7507e-02 +1.3232e+00 +5.4876e-01
11 0 +4.516114863e+01 -5.958851369e+00 -5.958851369e+00 -2.5791e+00 +1.3939e+00 +3.5766e-01 +1.0860e+00 +1.0810e-01
35 0 +4.260724880e+01 -8.512751201e+00 -8.512751201e+00 +3.1393e+00 -7.1789e-01 +5.1803e-01 +6.4926e-01 -1.3468e+00
37 0 +3.798056356e+01 -1.313943644e+01 -1.313943644e+01 +3.9612e+00 +9.1297e-01 +7.7507e-02 +1.3232e+00 +5.4876e-01
38 0 +3.030650112e+01 -2.081349888e+01 -2.081349888e+01 +2.2105e+00 +3.0830e-01 -8.0168e-01 +7.3443e-01 -4.1741e-02
40 0 +1.020602705e+01 -4.091397295e+01 -4.091397295e+01 +2.1718e+00 +1.1446e+00 +7.8578e-01 +8.8747e-01 +9.2636e-01
62 0 +6.680897354e+00 -4.443910265e+01 -4.443910265e+01 +2.5374e+00 +1.2086e-01 +3.2310e-01 +7.6974e-01 +1.1233e+00
633 0 +5.938834877e+00 -4.518116512e+01 -4.518116512e+01 +2.8005e+00 -4.7313e-01 +8.4945e-01 -1.0737e-01 +1.8255e+00
841 0 +5.351034291e+00 -4.576896571e+01 -4.576896571e+01 +2.2815e+00 -5.7520e-01 +1.0723e+00 +2.5233e-01 +2.1954e+00
1143 0 +4.620952540e+00 -4.649904746e+01 -4.649904746e+01 +2.7259e+00 -1.8553e-01 +2.8353e-01 +5.6075e-02 +1.9961e+00
1337 0 +4.462476676e+00 -4.665752332e+01 -4.665752332e+01 +2.4357e+00 -1.9515e-01 +4.9583e-01 +2.8573e-01 +1.9818e+00
1705 0 +3.764278238e+00 -4.735572176e+01 -4.735572176e+01 +2.5537e+00 -3.7524e-01 +4.2341e-01 +0.0000e+00 +1.8148e+00
1710 0 +3.496231520e+00 -4.762376848e+01 -4.762376848e+01 +2.5537e+00 -3.7524e-01 +5.4850e-01 +1.2508e-01 +1.8148e+00
50000 0 +3.169805587e+00 -4.795019441e+01 -4.795019441e+01 +2.3023e+00 -4.0987e-01 +7.8484e-01 +2.4854e-01 +1.7260e+00
% f evaluations | g evaluations | best noise-free fitness - Fopt (-4.336200000000e+02) + sum g_i+ | measured fitness | best measured fitness or single-digit g-values | x1 | x2...
1 0 +5.052229664e+01 -3.830977034e+02 -3.830977034e+02 +0.0000e+00 +0.0000e+00 +0.0000e+00 +0.0000e+00 +0.0000e+00
4 0 +4.442504042e+01 -3.891949596e+02 -3.891949596e+02 -1.8967e+00 +9.1297e-01 +7.7507e-02 +1.3232e+00 +5.4876e-01
5 0 +3.366715189e+01 -3.999528481e+02 -3.999528481e+02 -3.6473e+00 +3.0830e-01 -8.0168e-01 +7.3443e-01 -4.1741e-02
8 0 +3.087008268e+01 -4.027499173e+02 -4.027499173e+02 -1.3041e+00 -3.0835e-01 -3.8864e-01 -6.1741e-01 +4.6734e-01
15 0 +2.469406058e+01 -4.089259394e+02 -4.089259394e+02 -1.7463e+00 -5.1982e-01 -6.8920e-01 +1.2789e+00 -2.8517e-01
39 0 +2.052791966e+01 -4.130920803e+02 -4.130920803e+02 +2.7517e+00 -6.5270e-01 +1.1719e+00 -1.4812e-01 -4.1057e-01
85 0 +1.736227010e+01 -4.162577299e+02 -4.162577299e+02 +1.0070e+00 -3.8996e+00 +2.5837e-02 +9.9415e-01 +9.2340e-01
167 0 +1.259349698e+01 -4.210265030e+02 -4.210265030e+02 +2.1034e-01 -7.1789e-01 +3.4470e+00 +6.4926e-01 -1.3468e+00
182 0 +1.033069890e+01 -4.232893011e+02 -4.232893011e+02 +1.1423e+00 -7.0682e-01 +3.1912e+00 +1.0349e+00 -5.1176e-01
185 0 +9.631824878e+00 -4.239881751e+02 -4.239881751e+02 +7.0784e-01 -1.0477e-01 +2.4786e+00 -8.4804e-02 -1.7950e+00
198 0 +8.633491308e+00 -4.249865087e+02 -4.249865087e+02 +1.2668e+00 +9.3345e-02 +3.6331e+00 -3.5776e-01 -8.4904e-01
365 0 +4.172510900e+00 -4.294474891e+02 -4.294474891e+02 +2.2756e+00 -5.2038e-01 +3.3044e+00 +4.7063e-01 -9.7624e-01
929 0 +3.244421275e+00 -4.303755787e+02 -4.303755787e+02 +1.7456e+00 +1.6199e-01 +2.5077e+00 +3.8590e-01 -1.5609e+00
930 0 +2.720795558e+00 -4.308992044e+02 -4.308992044e+02 +2.0300e+00 -3.4296e-01 +3.5447e+00 -7.7830e-02 -1.7547e+00
938 0 +2.034845288e+00 -4.315851547e+02 -4.315851547e+02 +1.6435e+00 -9.5432e-02 +2.9753e+00 +1.6706e-01 -1.3363e+00
50000 0 +1.999384883e+00 -4.316206151e+02 -4.316206151e+02 +1.8351e+00 -4.1299e-02 +3.1712e+00 +2.5603e-01 -1.4225e+00
% f evaluations | g evaluations | best noise-free fitness - Fopt (1.088800000000e+02) + sum g_i+ | measured fitness | best measured fitness or single-digit g-values | x1 | x2...
1 0 +4.256044595e+01 +1.514404459e+02 +1.514404459e+02 +0.0000e+00 +0.0000e+00 +0.0000e+00 +0.0000e+00 +0.0000e+00
2 0 +3.068874561e+01 +1.395687456e+02 +1.395687456e+02 -2.7186e+00 -7.1789e-01 +5.1803e-01 +6.4926e-01 -1.3468e+00
53 0 +2.073384727e+01 +1.296138473e+02 +1.296138473e+02 +3.6368e+00 -1.0477e-01 -4.5030e-01 -8.4804e-02 -1.7950e+00
60 0 +1.775754042e+01 +1.266375404e+02 +1.266375404e+02 +3.2263e+00 +1.2194e+00 -9.9063e-01 -5.3312e-01 -7.7214e-01
94 0 +1.322872459e+01 +1.221087246e+02 +1.221087246e+02 -3.6414e-01 -4.2150e+00 +5.9333e-01 -2.0759e-01 -1.3740e+00
186 0 +7.791185471e+00 +1.166711855e+02 +1.166711855e+02 -5.3293e-01 -4.8711e-01 +2.5617e+00 +1.4723e-01 -3.3346e-01
226 0 +1.733527078e+00 +1.106135271e+02 +1.106135271e+02 -3.6414e-01 -1.2860e+00 +5.9333e-01 -3.1365e+00 -1.3740e+00
845 0 +9.031340612e-01 +1.097831341e+02 +1.097831341e+02 -1.7512e+00 -5.5050e-02 +1.3024e+00 -2.9735e+00 -9.4316e-01
937 0 +8.109495710e-01 +1.096909496e+02 +1.096909496e+02 -2.3630e+00 -1.0330e-01 +5.6124e-01 -3.2540e+00 -1.1755e+00
1159 0 +4.215600234e-01 +1.093015600e+02 +1.093015600e+02 -1.7299e+00 +3.4773e-01 +1.1451e+00 -2.4250e+00 -1.3300e+00
1163 0 +4.889195861e-02 +1.089288920e+02 +1.089288920e+02 -1.5042e+00 -1.1744e-01 +9.6754e-01 -3.1641e+00 -1.3610e+00
1366 0 +4.617890006e-03 +1.088846179e+02 +1.088846179e+02 -1.4405e+00 -5.4276e-02 +1.4105e+00 -3.0997e+00 -1.3480e+00
1668 0 +4.169026871e-03 +1.088841690e+02 +1.088841690e+02 -1.3145e+00 +0.0000e+00 +1.6159e+00 -2.9289e+00 -1.5390e+00
1699 0 +3.762656747e-03 +1.088837627e+02 +1.088837627e+02 -1.3145e+00 +0.0000e+00 +1.6159e+00 -3.0540e+00 -1.5390e+00
1702 0 +3.426316603e-03 +1.088834263e+02 +1.088834263e+02 -1.3145e+00 +0.0000e+00 +1.6159e+00 -3.0540e+00 -1.4139e+00
1703 0 +8.753747394e-04 +1.088808754e+02 +1.088808754e+02 -1.4395e+00 +0.0000e+00 +1.6159e+00 -3.0540e+00 -1.4139e+00
1705 0 +2.740094044e-04 +1.088802740e+02 +1.088802740e+02 -1.4395e+00 -1.2508e-01 +1.6159e+00 -3.0540e+00 -1.4139e+00
1707 0 +1.388615107e-05 +1.088800139e+02 +1.088800139e+02 -1.4395e+00 -1.2508e-01 +1.4908e+00 -3.0540e+00 -1.4139e+00
1734 0 +7.641583650e-06 +1.088800076e+02 +1.088800076e+02 -1.4083e+00 -1.2508e-01 +1.4908e+00 -3.0540e+00 -1.4139e+00
1735 0 +6.758032541e-06 +1.088800068e+02 +1.088800068e+02 -1.4083e+00 -1.5635e-01 +1.4908e+00 -3.0540e+00 -1.4139e+00
1739 0 +1.661327985e-06 +1.088800017e+02 +1.088800017e+02 -1.4083e+00 -1.5635e-01 +1.4595e+00 -3.0853e+00 -1.4139e+00
1745 0 +1.011271522e-06 +1.088800010e+02 +1.088800010e+02 -1.4083e+00 -1.8762e-01 +1.4595e+00 -3.0853e+00 -1.4139e+00
1749 0 +6.293422956e-07 +1.088800006e+02 +1.088800006e+02 -1.4083e+00 -1.8762e-01 +1.4595e+00 -3.1166e+00 -1.4139e+00
1765 0 +4.971208938e-07 +1.088800005e+02 +1.088800005e+02 -1.4083e+00 -2.0326e-01 +1.4595e+00 -3.1166e+00 -1.4139e+00
1767 0 +2.048038965e-07 +1.088800002e+02 +1.088800002e+02 -1.4083e+00 -2.0326e-01 +1.4439e+00 -3.1166e+00 -1.4139e+00
1774 0 +1.481282936e-07 +1.088800001e+02 +1.088800001e+02 -1.3926e+00 -2.0326e-01 +1.4439e+00 -3.1166e+00 -1.4139e+00
1780 0 +9.687141755e-08 +1.088800001e+02 +1.088800001e+02 -1.3926e+00 -2.0326e-01 +1.4439e+00 -3.1009e+00 -1.4139e+00
1796 0 +8.148816733e-08 +1.088800001e+02 +1.088800001e+02 -1.3926e+00 -1.9544e-01 +1.4439e+00 -3.1009e+00 -1.4139e+00
1798 0 +5.396618974e-08 +1.088800001e+02 +1.088800001e+02 -1.3926e+00 -1.9544e-01 +1.4517e+00 -3.1009e+00 -1.4139e+00
1802 0 +3.918947300e-08 +1.088800000e+02 +1.088800000e+02 -1.3926e+00 -1.9544e-01 +1.4517e+00 -3.1009e+00 -1.4061e+00
1805 0 +1.086313262e-08 +1.088800000e+02 +1.088800000e+02 -1.3926e+00 -2.0326e-01 +1.4517e+00 -3.1009e+00 -1.4061e+00
1807 0 +9.791378375e-09 +1.088800000e+02 +1.088800000e+02 -1.3926e+00 -2.0326e-01 +1.4439e+00 -3.1009e+00 -1.4061e+00
1938 0 +6.536993169e-13 +1.088800000e+02 +1.088800000e+02 -1.3887e+00 -2.1498e-01 +1.4420e+00 -3.1107e+00 -1.4051e+00
8682 0 +0.000000000e+00 +1.088800000e+02 +1.088800000e+02 -1.3883e+00 -2.1620e-01 +1.4415e+00 -3.1117e+00 -1.4049e+00
50329 0 +0.000000000e+00 +1.088800000e+02 +1.088800000e+02 -1.3883e+00 -2.1620e-01 +1.4415e+00 -3.1117e+00 -1.4049e+00
% f evaluations | g evaluations | best noise-free fitness - Fopt (1.112000000000e+01) + sum g_i+ | measured fitness | best measured fitness or single-digit g-values | x1 | x2...
1 0 +5.705630527e+01 +6.817630527e+01 +6.817630527e+01 +0.0000e+00 +0.0000e+00 +0.0000e+00 +0.0000e+00 +0.0000e+00
5 0 +4.344272958e+01 +5.456272958e+01 +5.456272958e+01 -3.6473e+00 +3.0830e-01 -8.0168e-01 +7.3443e-01 -4.1741e-02
13 0 +2.474510735e+01 +3.586510735e+01 +3.586510735e+01 -3.3854e+00 -1.9659e-01 +1.0681e+00 -6.1863e-01 +6.9183e-01
78 0 +2.143266032e+01 +3.255266032e+01 +3.255266032e+01 +3.4955e-01 -2.1657e+00 -1.7617e+00 -3.8649e-01 -5.6869e-01
230 0 +1.994827984e+01 +3.106827984e+01 +3.106827984e+01 -1.4860e-01 -9.7011e-01 -1.5687e+00 -3.3845e+00 -5.0379e-02
388 0 +1.607363889e+01 +2.719363889e+01 +2.719363889e+01 +1.7616e+00 +3.0878e+00 +1.4917e-02 +1.0935e+00 -1.6340e-01
571 0 +1.449452957e+01 +2.561452957e+01 +2.561452957e+01 +7.2947e-01 +3.4620e+00 -6.5317e-01 +2.3510e+00 +1.1452e-01
581 0 +9.580747395e+00 +2.070074740e+01 +2.070074740e+01 +5.1309e-01 +2.8530e+00 -3.2641e-01 +2.0616e+00 -1.3011e+00
713 0 +6.750572263e+00 +1.787057226e+01 +1.787057226e+01 +1.9109e+00 +2.8739e+00 -2.3661e-01 +2.0785e+00 -9.4316e-01
715 0 +5.460993225e+00 +1.658099323e+01 +1.658099323e+01 +1.3727e+00 +3.5004e+00 -1.5669e-01 +2.4475e+00 -4.1062e-01
1091 0 +4.669710498e+00 +1.578971050e+01 +1.578971050e+01 +1.6191e+00 +3.7711e+00 +1.9731e-01 +2.3704e+00 -5.1296e-01
1109 0 +3.267823757e+00 +1.438782376e+01 +1.438782376e+01 +1.8086e+00 +4.0046e+00 -1.7151e-01 +2.0908e+00 -6.8367e-01
1112 0 +2.851683613e+00 +1.397168361e+01 +1.397168361e+01 +1.4652e+00 +3.7035e+00 -1.2170e-01 +2.4247e+00 -6.2003e-01
1265 0 +2.492016281e+00 +1.361201628e+01 +1.361201628e+01 +1.6722e+00 +3.4598e+00 +1.3622e-01 +2.5367e+00 -1.0744e+00
1423 0 +2.047048388e+00 +1.316704839e+01 +1.316704839e+01 +1.8240e+00 +3.9896e+00 +2.1399e-02 +2.4884e+00 -9.6406e-01
1434 0 +1.990222643e+00 +1.311022264e+01 +1.311022264e+01 +1.8655e+00 +3.5941e+00 -1.9028e-01 +2.4762e+00 -1.1943e+00
50000 0 +1.803019378e+00 +1.292301938e+01 +1.292301938e+01 +1.7336e+00 +3.8567e+00 -3.4705e-01 +2.7452e+00 -1.2683e+00
