% f evaluations | g evaluations | best noise-free fitness - Fopt (4.078000000000e+01) + sum g_i+ | measured fitness | best measured fitness or single-digit g-values | x1 | x2...
1 0 +7.944186909e+01 +1.202218691e+02 +1.202218691e+02
4 0 +7.899213016e+01 +1.197721302e+02 +1.197721302e+02
43206 0 +7.069872059e+01 +1.114787206e+02 +1.114787206e+02
102821 0 +6.192136843e+01 +1.027013684e+02 +1.027013684e+02
102836 0 +5.487974514e+01 +9.565974514e+01 +9.565974514e+01
102849 0 +4.983236294e+01 +9.061236294e+01 +9.061236294e+01
102860 0 +4.392034722e+01 +8.470034722e+01 +8.470034722e+01
102866 0 +3.852368380e+01 +7.930368380e+01 +7.930368380e+01
102870 0 +3.504331964e+01 +7.582331964e+01 +7.582331964e+01
102879 0 +2.645478392e+01 +6.723478392e+01 +6.723478392e+01
102881 0 +2.366666014e+01 +6.444666014e+01 +6.444666014e+01
102889 0 +2.193901388e+01 +6.271901388e+01 +6.271901388e+01
102895 0 +1.832480166e+01 +5.910480166e+01 +5.910480166e+01
102901 0 +1.669770442e+01 +5.747770442e+01 +5.747770442e+01
102925 0 +1.574568820e+01 +5.652568820e+01 +5.652568820e+01
102935 0 +1.399708089e+01 +5.477708089e+01 +5.477708089e+01
102947 0 +1.191430783e+01 +5.269430783e+01 +5.269430783e+01
102951 0 +1.061940897e+01 +5.139940897e+01 +5.139940897e+01
102959 0 +8.903321757e+00 +4.968332176e+01 +4.968332176e+01
102965 0 +7.843199550e+00 +4.862319955e+01 +4.862319955e+01
102975 0 +6.405798760e+00 +4.718579876e+01 +4.718579876e+01
102981 0 +5.929904438e+00 +4.670990444e+01 +4.670990444e+01
102984 0 +5.324260403e+00 +4.610426040e+01 +4.610426040e+01
102988 0 +4.819244639e+00 +4.559924464e+01 +4.559924464e+01
103023 0 +3.377646503e+00 +4.415764650e+01 +4.415764650e+01
103030 0 +2.528879965e+00 +4.330887997e+01 +4.330887997e+01
103039 0 +2.379884009e+00 +4.315988401e+01 +4.315988401e+01
103053 0 +2.209035230e+00 +4.298903523e+01 +4.298903523e+01
103102 0 +1.904246071e+00 +4.268424607e+01 +4.268424607e+01
103128 0 +1.760258224e+00 +4.254025822e+01 +4.254025822e+01
103182 0 +1.126345663e+00 +4.190634566e+01 +4.190634566e+01
103185 0 +8.482539878e-01 +4.162825399e+01 +4.162825399e+01
103203 0 +7.855752261e-01 +4.156557523e+01 +4.156557523e+01
103216 0 +6.080902954e-01 +4.138809030e+01 +4.138809030e+01
103249 0 +5.416815750e-01 +4.132168157e+01 +4.132168157e+01
103297 0 +4.975046776e-01 +4.127750468e+01 +4.127750468e+01
103397 0 +4.426710586e-01 +4.122267106e+01 +4.122267106e+01
103468 0 +3.946715830e-01 +4.117467158e+01 +4.117467158e+01
103502 0 +2.873380739e-01 +4.106733807e+01 +4.106733807e+01
103566 0 +2.540546144e-01 +4.103405461e+01 +4.103405461e+01
103631 0 +1.606608597e-01 +4.094066086e+01 +4.094066086e+01
103633 0 +1.423349505e-01 +4.092233495e+01 +4.092233495e+01
103678 0 +1.292763210e-01 +4.090927632e+01 +4.090927632e+01
103852 0 +1.177763512e-01 +4.089777635e+01 +4.089777635e+01
103853 0 +1.081816590e-01 +4.088818166e+01 +4.088818166e+01
103862 0 +9.869298866e-02 +4.087869299e+01 +4.087869299e+01
103906 0 +8.867923863e-02 +4.086867924e+01 +4.086867924e+01
103915 0 +6.338258292e-02 +4.084338258e+01 +4.084338258e+01
103937 0 +5.464975806e-02 +4.083464976e+01 +4.083464976e+01
103970 0 +4.715660955e-02 +4.082715661e+01 +4.082715661e+01
103983 0 +4.188811484e-02 +4.082188811e+01 +4.082188811e+01
103997 0 +3.440772021e-02 +4.081440772e+01 +4.081440772e+01
104011 0 +2.939794019e-02 +4.080939794e+01 +4.080939794e+01
104021 0 +2.444006414e-02 +4.080444006e+01 +4.080444006e+01
104053 0 +1.896051592e-02 +4.079896052e+01 +4.079896052e+01
104083 0 +1.631196606e-02 +4.079631197e+01 +4.079631197e+01
104130 0 +1.571436324e-02 +4.079571436e+01 +4.079571436e+01
104151 0 +1.337468514e-02 +4.079337469e+01 +4.079337469e+01
104195 0 +1.203689285e-02 +4.079203689e+01 +4.079203689e+01
104264 0 +9.741842015e-03 +4.078974184e+01 +4.078974184e+01
104416 0 +8.362295564e-03 +4.078836230e+01 +4.078836230e+01
104423 0 +7.291567357e-03 +4.078729157e+01 +4.078729157e+01
104436 0 +5.249732728e-03 +4.078524973e+01 +4.078524973e+01
104445 0 +4.868305499e-03 +4.078486831e+01 +4.078486831e+01
104449 0 +4.327562612e-03 +4.078432756e+01 +4.078432756e+01
104472 0 +3.683089685e-03 +4.078368309e+01 +4.078368309e+01
104620 0 +3.547985298e-03 +4.078354799e+01 +4.078354799e+01
104706 0 +2.856722743e-03 +4.078285672e+01 +4.078285672e+01
104709 0 +2.816738992e-03 +4.078281674e+01 +4.078281674e+01
104726 0 +1.829688791e-03 +4.078182969e+01 +4.078182969e+01
104900 0 +1.710265921e-03 +4.078171027e+01 +4.078171027e+01
104901 0 +1.580961424e-03 +4.078158096e+01 +4.078158096e+01
104917 0 +1.391745391e-03 +4.078139175e+01 +4.078139175e+01
104928 0 +1.171586821e-03 +4.078117159e+01 +4.078117159e+01
104938 0 +1.035186400e-03 +4.078103519e+01 +4.078103519e+01
104947 0 +9.883123216e-04 +4.078098831e+01 +4.078098831e+01
104950 0 +8.823229094e-04 +4.078088232e+01 +4.078088232e+01
104979 0 +7.811476012e-04 +4.078078115e+01 +4.078078115e+01
104984 0 +6.155490865e-04 +4.078061555e+01 +4.078061555e+01
105022 0 +3.863517222e-04 +4.078038635e+01 +4.078038635e+01
105030 0 +3.098689224e-04 +4.078030987e+01 +4.078030987e+01
105073 0 +2.802727566e-04 +4.078028027e+01 +4.078028027e+01
105088 0 +2.385618655e-04 +4.078023856e+01 +4.078023856e+01
105114 0 +2.211343994e-04 +4.078022113e+01 +4.078022113e+01
105136 0 +1.662131392e-04 +4.078016621e+01 +4.078016621e+01
105300 0 +1.361226127e-04 +4.078013612e+01 +4.078013612e+01
105313 0 +1.159583262e-04 +4.078011596e+01 +4.078011596e+01
105344 0 +1.110129428e-04 +4.078011101e+01 +4.078011101e+01
105350 0 +9.892069149e-05 +4.078009892e+01 +4.078009892e+01
105384 0 +8.775986252e-05 +4.078008776e+01 +4.078008776e+01
105396 0 +7.700486722e-05 +4.078007700e+01 +4.078007700e+01
105399 0 +5.987613056e-05 +4.078005988e+01 +4.078005988e+01
105408 0 +4.706372617e-05 +4.078004706e+01 +4.078004706e+01
105419 0 +4.147882959e-05 +4.078004148e+01 +4.078004148e+01
105431 0 +3.680440429e-05 +4.078003680e+01 +4.078003680e+01
105454 0 +2.974338030e-05 +4.078002974e+01 +4.078002974e+01
105465 0 +2.770587516e-05 +4.078002771e+01 +4.078002771e+01
105559 0 +2.422372727e-05 +4.078002422e+01 +4.078002422e+01
105576 0 +2.113514874e-05 +4.078002114e+01 +4.078002114e+01
105598 0 +1.833137510e-05 +4.078001833e+01 +4.078001833e+01
105614 0 +1.681675224e-05 +4.078001682e+01 +4.078001682e+01
105636 0 +1.568650458e-05 +4.078001569e+01 +4.078001569e+01
105658 0 +1.133542007e-05 +4.078001134e+01 +4.078001134e+01
105666 0 +9.352433672e-06 +4.078000935e+01 +4.078000935e+01
105733 0 +8.646185577e-06 +4.078000865e+01 +4.078000865e+01
105771 0 +7.869452418e-06 +4.078000787e+01 +4.078000787e+01
105872 0 +6.884818767e-06 +4.078000688e+01 +4.078000688e+01
106024 0 +5.918152361e-06 +4.078000592e+01 +4.078000592e+01
106030 0 +5.422464412e-06 +4.078000542e+01 +4.078000542e+01
106031 0 +4.991346273e-06 +4.078000499e+01 +4.078000499e+01
106038 0 +4.445354897e-06 +4.078000445e+01 +4.078000445e+01
106048 0 +3.881300408e-06 +4.078000388e+01 +4.078000388e+01
106062 0 +3.522415724e-06 +4.078000352e+01 +4.078000352e+01
106070 0 +2.881035805e-06 +4.078000288e+01 +4.078000288e+01
106080 0 +2.427260434e-06 +4.078000243e+01 +4.078000243e+01
106104 0 +2.042400681e-06 +4.078000204e+01 +4.078000204e+01
106116 0 +1.825733449e-06 +4.078000183e+01 +4.078000183e+01
106124 0 +1.751947543e-06 +4.078000175e+01 +4.078000175e+01
106133 0 +1.504616250e-06 +4.078000150e+01 +4.078000150e+01
106189 0 +1.313915789e-06 +4.078000131e+01 +4.078000131e+01
106192 0 +1.228900850e-06 +4.078000123e+01 +4.078000123e+01
106197 0 +1.099249737e-06 +4.078000110e+01 +4.078000110e+01
106231 0 +7.481646307e-07 +4.078000075e+01 +4.078000075e+01
106233 0 +4.380969330e-07 +4.078000044e+01 +4.078000044e+01
106327 0 +3.937664417e-07 +4.078000039e+01 +4.078000039e+01
106350 0 +3.415443715e-07 +4.078000034e+01 +4.078000034e+01
106354 0 +3.158469681e-07 +4.078000032e+01 +4.078000032e+01
106381 0 +2.687876375e-07 +4.078000027e+01 +4.078000027e+01
106400 0 +2.073271475e-07 +4.078000021e+01 +4.078000021e+01
106405 0 +1.873040105e-07 +4.078000019e+01 +4.078000019e+01
106425 0 +1.773112359e-07 +4.078000018e+01 +4.078000018e+01
106444 0 +1.443298387e-07 +4.078000014e+01 +4.078000014e+01
106448 0 +1.303459314e-07 +4.078000013e+01 +4.078000013e+01
106453 0 +1.211489717e-07 +4.078000012e+01 +4.078000012e+01
106470 0 +9.646778665e-08 +4.078000010e+01 +4.078000010e+01
106488 0 +8.602393820e-08 +4.078000009e+01 +4.078000009e+01
106489 0 +7.874274388e-08 +4.078000008e+01 +4.078000008e+01
106507 0 +6.299887900e-08 +4.078000006e+01 +4.078000006e+01
106580 0 +5.509678402e-08 +4.078000006e+01 +4.078000006e+01
106648 0 +4.844181944e-08 +4.078000005e+01 +4.078000005e+01
106678 0 +4.443197099e-08 +4.078000004e+01 +4.078000004e+01
106769 0 +3.583408414e-08 +4.078000004e+01 +4.078000004e+01
106835 0 +3.381344271e-08 +4.078000003e+01 +4.078000003e+01
106965 0 +2.915798802e-08 +4.078000003e+01 +4.078000003e+01
106967 0 +2.689386491e-08 +4.078000003e+01 +4.078000003e+01
106976 0 +2.470515170e-08 +4.078000002e+01 +4.078000002e+01
106981 0 +1.825207363e-08 +4.078000002e+01 +4.078000002e+01
106985 0 +1.669179284e-08 +4.078000002e+01 +4.078000002e+01
106994 0 +1.384156434e-08 +4.078000001e+01 +4.078000001e+01
106996 0 +1.218521817e-08 +4.078000001e+01 +4.078000001e+01
107067 0 +1.114917580e-08 +4.078000001e+01 +4.078000001e+01
107088 0 +9.936478307e-09 +4.078000001e+01 +4.078000001e+01
108445 0 +7.318590178e-13 +4.078000000e+01 +4.078000000e+01
400000 0 +3.552713679e-14 +4.078000000e+01 +4.078000000e+01
% f evaluations | g evaluations | best noise-free fitness - Fopt (-1.600000000000e+00) + sum g_i+ | measured fitness | best measured fitness or single-digit g-values | x1 | x2...
1 0 +8.349974860e+01 +8.189974860e+01 +8.189974860e+01
2 0 +8.326433399e+01 +8.166433399e+01 +8.166433399e+01
41636 0 +7.912349187e+01 +7.752349187e+01 +7.752349187e+01
102839 0 +7.017087676e+01 +6.857087676e+01 +6.857087676e+01
102869 0 +6.199557965e+01 +6.039557965e+01 +6.039557965e+01
102887 0 +5.606674041e+01 +5.446674041e+01 +5.446674041e+01
102909 0 +4.837919422e+01 +4.677919422e+01 +4.677919422e+01
102918 0 +4.397570966e+01 +4.237570966e+01 +4.237570966e+01
102933 0 +3.798992486e+01 +3.638992486e+01 +3.638992486e+01
102955 0 +3.497663580e+01 +3.337663580e+01 +3.337663580e+01
102967 0 +3.080210993e+01 +2.920210993e+01 +2.920210993e+01
102983 0 +2.775013238e+01 +2.615013238e+01 +2.615013238e+01
103006 0 +2.497462012e+01 +2.337462012e+01 +2.337462012e+01
103029 0 +2.152865245e+01 +1.992865245e+01 +1.992865245e+01
103084 0 +1.947543157e+01 +1.787543157e+01 +1.787543157e+01
103126 0 +1.769363553e+01 +1.609363553e+01 +1.609363553e+01
103169 0 +1.556627333e+01 +1.396627333e+01 +1.396627333e+01
103189 0 +1.313497554e+01 +1.153497554e+01 +1.153497554e+01
103238 0 +1.190964663e+01 +1.030964663e+01 +1.030964663e+01
103284 0 +1.110374207e+01 +9.503742067e+00 +9.503742067e+00
103321 0 +9.912171806e+00 +8.312171806e+00 +8.312171806e+00
103391 0 +8.858930502e+00 +7.258930502e+00 +7.258930502e+00
103519 0 +7.907508779e+00 +6.307508779e+00 +6.307508779e+00
103827 0 +7.068834189e+00 +5.468834189e+00 +5.468834189e+00
103954 0 +6.174753358e+00 +4.574753358e+00 +4.574753358e+00
104017 0 +5.594916954e+00 +3.994916954e+00 +3.994916954e+00
104101 0 +4.975115043e+00 +3.375115043e+00 +3.375115043e+00
104307 0 +4.402796979e+00 +2.802796979e+00 +2.802796979e+00
104472 0 +3.968662039e+00 +2.368662039e+00 +2.368662039e+00
104709 0 +3.540955416e+00 +1.940955416e+00 +1.940955416e+00
105375 0 +3.162177032e+00 +1.562177032e+00 +1.562177032e+00
106785 0 +2.816580590e+00 +1.216580590e+00 +1.216580590e+00
400000 0 +2.777988407e+00 +1.177988407e+00 +1.177988407e+00
% f evaluations | g evaluations | best noise-free fitness - Fopt (-3.708400000000e+02) + sum g_i+ | measured fitness | best measured fitness or single-digit g-values | x1 | x2...
1 0 +8.299573837e+01 -2.878442616e+02 -2.878442616e+02
2 0 +8.211014326e+01 -2.887298567e+02 -2.887298567e+02
24099 0 +7.932888699e+01 -2.915111130e+02 -2.915111130e+02
102848 0 +7.078299834e+01 -3.000570017e+02 -3.000570017e+02
102875 0 +6.093720432e+01 -3.099027957e+02 -3.099027957e+02
102888 0 +5.481158949e+01 -3.160284105e+02 -3.160284105e+02
102896 0 +4.950962259e+01 -3.213303774e+02 -3.213303774e+02
102903 0 +4.446024060e+01 -3.263797594e+02 -3.263797594e+02
102916 0 +3.951537686e+01 -3.313246231e+02 -3.313246231e+02
102922 0 +3.513886725e+01 -3.357011327e+02 -3.357011327e+02
102931 0 +3.085740157e+01 -3.399825984e+02 -3.399825984e+02
102941 0 +2.793685883e+01 -3.429031412e+02 -3.429031412e+02
102948 0 +2.490469517e+01 -3.459353048e+02 -3.459353048e+02
102952 0 +2.086234265e+01 -3.499776573e+02 -3.499776573e+02
102955 0 +1.771154021e+01 -3.531284598e+02 -3.531284598e+02
102963 0 +1.484250791e+01 -3.559974921e+02 -3.559974921e+02
102968 0 +1.335933137e+01 -3.574806686e+02 -3.574806686e+02
102973 0 +1.168548798e+01 -3.591545120e+02 -3.591545120e+02
102979 0 +1.050520962e+01 -3.603347904e+02 -3.603347904e+02
102983 0 +9.919469410e+00 -3.609205306e+02 -3.609205306e+02
102999 0 +8.826790404e+00 -3.620132096e+02 -3.620132096e+02
103024 0 +7.704937301e+00 -3.631350627e+02 -3.631350627e+02
103032 0 +6.922591364e+00 -3.639174086e+02 -3.639174086e+02
103035 0 +4.938778988e+00 -3.659012210e+02 -3.659012210e+02
103050 0 +4.069172855e+00 -3.667708271e+02 -3.667708271e+02
103053 0 +3.844896586e+00 -3.669951034e+02 -3.669951034e+02
103061 0 +3.544842154e+00 -3.672951578e+02 -3.672951578e+02
103109 0 +3.151069507e+00 -3.676889305e+02 -3.676889305e+02
103115 0 +2.369517690e+00 -3.684704823e+02 -3.684704823e+02
103258 0 +2.213230326e+00 -3.686267697e+02 -3.686267697e+02
103427 0 +1.993689015e+00 -3.688463110e+02 -3.688463110e+02
400000 0 +1.803019378e+00 -3.690369806e+02 -3.690369806e+02
% f evaluations | g evaluations | best noise-free fitness - Fopt (-3.256000000000e+01) + sum g_i+ | measured fitness | best measured fitness or single-digit g-values | x1 | x2...
1 0 +8.127101306e+01 +4.871101306e+01 +4.871101306e+01
7 0 +8.026320688e+01 +4.770320688e+01 +4.770320688e+01
1889 0 +7.899719010e+01 +4.643719010e+01 +4.643719010e+01
102841 0 +7.058670168e+01 +3.802670168e+01 +3.802670168e+01
102870 0 +6.215317949e+01 +2.959317949e+01 +2.959317949e+01
102880 0 +5.611645036e+01 +2.355645036e+01 +2.355645036e+01
102899 0 +4.961259035e+01 +1.705259035e+01 +1.705259035e+01
102907 0 +4.259021569e+01 +1.003021569e+01 +1.003021569e+01
102921 0 +3.692753210e+01 +4.367532105e+00 +4.367532105e+00
102924 0 +3.360369666e+01 +1.043696656e+00 +1.043696656e+00
102925 0 +3.055489715e+01 -2.005102848e+00 -2.005102848e+00
102938 0 +2.681127691e+01 -5.748723086e+00 -5.748723086e+00
102945 0 +2.454693443e+01 -8.013065570e+00 -8.013065570e+00
102950 0 +2.074501228e+01 -1.181498772e+01 -1.181498772e+01
102953 0 +1.969154956e+01 -1.286845044e+01 -1.286845044e+01
102960 0 +1.640825637e+01 -1.615174363e+01 -1.615174363e+01
102961 0 +1.464590945e+01 -1.791409055e+01 -1.791409055e+01
102970 0 +1.358134509e+01 -1.897865491e+01 -1.897865491e+01
102985 0 +1.234300176e+01 -2.021699824e+01 -2.021699824e+01
102987 0 +1.067336532e+01 -2.188663468e+01 -2.188663468e+01
103001 0 +9.399909481e+00 -2.316009052e+01 -2.316009052e+01
103004 0 +8.255944441e+00 -2.430405556e+01 -2.430405556e+01
103005 0 +7.543417853e+00 -2.501658215e+01 -2.501658215e+01
103018 0 +6.666371979e+00 -2.589362802e+01 -2.589362802e+01
103028 0 +5.595973388e+00 -2.696402661e+01 -2.696402661e+01
103030 0 +4.471633531e+00 -2.808836647e+01 -2.808836647e+01
103040 0 +3.330128800e+00 -2.922987120e+01 -2.922987120e+01
103041 0 +2.784550487e+00 -2.977544951e+01 -2.977544951e+01
103067 0 +2.412274382e+00 -3.014772562e+01 -3.014772562e+01
103084 0 +2.053120362e+00 -3.050687964e+01 -3.050687964e+01
103108 0 +1.965828102e+00 -3.059417190e+01 -3.059417190e+01
103378 0 +1.740030472e+00 -3.081996953e+01 -3.081996953e+01
103413 0 +1.521740784e+00 -3.103825922e+01 -3.103825922e+01
103429 0 +1.358330642e+00 -3.120166936e+01 -3.120166936e+01
103431 0 +1.204220271e+00 -3.135577973e+01 -3.135577973e+01
103440 0 +1.080174359e+00 -3.147982564e+01 -3.147982564e+01
103660 0 +9.951529045e-01 -3.156484710e+01 -3.156484710e+01
103875 0 +8.809295346e-01 -3.167907047e+01 -3.167907047e+01
103913 0 +7.908715936e-01 -3.176912841e+01 -3.176912841e+01
104292 0 +7.070272029e-01 -3.185297280e+01 -3.185297280e+01
400000 0 +6.918569112e-01 -3.186814309e+01 -3.186814309e+01
% f evaluations | g evaluations | best noise-free fitness - Fopt (5.154000000000e+02) + sum g_i+ | measured fitness | best measured fitness or single-digit g-values | x1 | x2...
1 0 +8.183801339e+01 +5.972380134e+02 +5.972380134e+02
3 0 +8.164050407e+01 +5.970405041e+02 +5.970405041e+02
1140 0 +7.941501959e+01 +5.948150196e+02 +5.948150196e+02
102835 0 +7.073317753e+01 +5.861331775e+02 +5.861331775e+02
102862 0 +6.208651834e+01 +5.774865183e+02 +5.774865183e+02
102873 0 +5.509980625e+01 +5.704998062e+02 +5.704998062e+02
102885 0 +4.948632504e+01 +5.648863250e+02 +5.648863250e+02
102897 0 +4.327059327e+01 +5.586705933e+02 +5.586705933e+02
102908 0 +3.835471247e+01 +5.537547125e+02 +5.537547125e+02
102914 0 +3.510725790e+01 +5.505072579e+02 +5.505072579e+02
102923 0 +3.148645544e+01 +5.468864554e+02 +5.468864554e+02
102931 0 +2.756538827e+01 +5.429653883e+02 +5.429653883e+02
102935 0 +2.407788204e+01 +5.394778820e+02 +5.394778820e+02
102949 0 +1.982690903e+01 +5.352269090e+02 +5.352269090e+02
102953 0 +1.720398239e+01 +5.326039824e+02 +5.326039824e+02
102960 0 +1.464433173e+01 +5.300443317e+02 +5.300443317e+02
102977 0 +1.348506142e+01 +5.288850614e+02 +5.288850614e+02
102989 0 +1.238003081e+01 +5.277800308e+02 +5.277800308e+02
103000 0 +1.105333874e+01 +5.264533387e+02 +5.264533387e+02
103015 0 +9.779386064e+00 +5.251793861e+02 +5.251793861e+02
103029 0 +8.644873417e+00 +5.240448734e+02 +5.240448734e+02
103040 0 +7.568254849e+00 +5.229682548e+02 +5.229682548e+02
103089 0 +6.995764011e+00 +5.223957640e+02 +5.223957640e+02
103146 0 +6.233456098e+00 +5.216334561e+02 +5.216334561e+02
103171 0 +5.445721112e+00 +5.208457211e+02 +5.208457211e+02
103300 0 +4.823659098e+00 +5.202236591e+02 +5.202236591e+02
103459 0 +4.402882874e+00 +5.198028829e+02 +5.198028829e+02
103484 0 +3.885628571e+00 +5.192856286e+02 +5.192856286e+02
103511 0 +3.489625238e+00 +5.188896252e+02 +5.188896252e+02
103773 0 +3.151655275e+00 +5.185516553e+02 +5.185516553e+02
104286 0 +2.815319055e+00 +5.182153191e+02 +5.182153191e+02
400000 0 +2.777988407e+00 +5.181779884e+02 +5.181779884e+02
% f evaluations | g evaluations | best noise-free fitness - Fopt (1.559800000000e+02) + sum g_i+ | measured fitness | best measured fitness or single-digit g-values | x1 | x2...
1 0 +8.355712039e+01 +2.395371204e+02 +2.395371204e+02
2 0 +8.258558981e+01 +2.385655898e+02 +2.385655898e+02
25454 0 +7.942948503e+01 +2.354094850e+02 +2.354094850e+02
102854 0 +7.041567908e+01 +2.263956791e+02 +2.263956791e+02
102875 0 +6.256930022e+01 +2.185493002e+02 +2.185493002e+02
102908 0 +5.475645278e+01 +2.107364528e+02 +2.107364528e+02
102923 0 +5.002759767e+01 +2.060075977e+02 +2.060075977e+02
102934 0 +4.138820868e+01 +1.973682087e+02 +1.973682087e+02
102937 0 +3.894802508e+01 +1.949280251e+02 +1.949280251e+02
102946 0 +3.482883639e+01 +1.908088364e+02 +1.908088364e+02
102952 0 +2.985617417e+01 +1.858361742e+02 +1.858361742e+02
102954 0 +2.799182590e+01 +1.839718259e+02 +1.839718259e+02
102968 0 +2.486126717e+01 +1.808412672e+02 +1.808412672e+02
102988 0 +2.180263823e+01 +1.777826382e+02 +1.777826382e+02
103007 0 +1.885945624e+01 +1.748394562e+02 +1.748394562e+02
103009 0 +1.761951928e+01 +1.735995193e+02 +1.735995193e+02
103017 0 +1.521483415e+01 +1.711948341e+02 +1.711948341e+02
103028 0 +1.354172309e+01 +1.695217231e+02 +1.695217231e+02
103034 0 +1.237842028e+01 +1.683584203e+02 +1.683584203e+02
103035 0 +1.045313360e+01 +1.664331336e+02 +1.664331336e+02
103077 0 +9.412128720e+00 +1.653921287e+02 +1.653921287e+02
103089 0 +8.771137822e+00 +1.647511378e+02 +1.647511378e+02
103312 0 +7.878579148e+00 +1.638585791e+02 +1.638585791e+02
103926 0 +7.078521685e+00 +1.630585217e+02 +1.630585217e+02
400000 0 +7.011098034e+00 +1.629910980e+02 +1.629910980e+02
% f evaluations | g evaluations | best noise-free fitness - Fopt (-1.764600000000e+02) + sum g_i+ | measured fitness | best measured fitness or single-digit g-values | x1 | x2...
1 0 +7.924796877e+01 -9.721203123e+01 -9.721203123e+01
2 0 +7.801798722e+01 -9.844201278e+01 -9.844201278e+01
102830 0 +7.067140418e+01 -1.057885958e+02 -1.057885958e+02
102854 0 +6.289513943e+01 -1.135648606e+02 -1.135648606e+02
102865 0 +5.414388640e+01 -1.223161136e+02 -1.223161136e+02
102873 0 +4.654804746e+01 -1.299119525e+02 -1.299119525e+02
102875 0 +4.372113784e+01 -1.327388622e+02 -1.327388622e+02
102880 0 +3.888806884e+01 -1.375719312e+02 -1.375719312e+02
102888 0 +3.530485484e+01 -1.411551452e+02 -1.411551452e+02
102900 0 +3.056716971e+01 -1.458928303e+02 -1.458928303e+02
102916 0 +2.798367664e+01 -1.484763234e+02 -1.484763234e+02
102920 0 +2.449197999e+01 -1.519680200e+02 -1.519680200e+02
102923 0 +2.219711080e+01 -1.542628892e+02 -1.542628892e+02
102931 0 +1.907659032e+01 -1.573834097e+02 -1.573834097e+02
102936 0 +1.712886359e+01 -1.593311364e+02 -1.593311364e+02
102942 0 +1.486940627e+01 -1.615905937e+02 -1.615905937e+02
102945 0 +1.257171223e+01 -1.638882878e+02 -1.638882878e+02
102953 0 +9.538014189e+00 -1.669219858e+02 -1.669219858e+02
102955 0 +8.748467231e+00 -1.677115328e+02 -1.677115328e+02
102963 0 +7.796929546e+00 -1.686630705e+02 -1.686630705e+02
103000 0 +6.982719004e+00 -1.694772810e+02 -1.694772810e+02
103025 0 +5.713410512e+00 -1.707465895e+02 -1.707465895e+02
103033 0 +4.911332052e+00 -1.715486679e+02 -1.715486679e+02
103129 0 +4.455587770e+00 -1.720044122e+02 -1.720044122e+02
103172 0 +3.933757712e+00 -1.725262423e+02 -1.725262423e+02
103189 0 +3.509804460e+00 -1.729501955e+02 -1.729501955e+02
103445 0 +3.144597129e+00 -1.733154029e+02 -1.733154029e+02
103745 0 +2.816542353e+00 -1.736434576e+02 -1.736434576e+02
400000 0 +2.777988407e+00 -1.736820116e+02 -1.736820116e+02
% f evaluations | g evaluations | best noise-free fitness - Fopt (1.195800000000e+02) + sum g_i+ | measured fitness | best measured fitness or single-digit g-values | x1 | x2...
1 0 +8.008045524e+01 +1.996604552e+02 +1.996604552e+02
2 0 +8.007275067e+01 +1.996527507e+02 +1.996527507e+02
32 0 +7.933735971e+01 +1.989173597e+02 +1.989173597e+02
102822 0 +7.063797151e+01 +1.902179715e+02 +1.902179715e+02
102862 0 +6.241845264e+01 +1.819984526e+02 +1.819984526e+02
102871 0 +5.604929022e+01 +1.756292902e+02 +1.756292902e+02
102889 0 +4.957418876e+01 +1.691541888e+02 +1.691541888e+02
102900 0 +4.266308216e+01 +1.622430822e+02 +1.622430822e+02
102902 0 +3.936175179e+01 +1.589417518e+02 +1.589417518e+02
102905 0 +3.471519795e+01 +1.542951979e+02 +1.542951979e+02
102915 0 +3.150519665e+01 +1.510851966e+02 +1.510851966e+02
102942 0 +2.768435530e+01 +1.472643553e+02 +1.472643553e+02
102947 0 +2.506105028e+01 +1.446410503e+02 +1.446410503e+02
102966 0 +2.225456680e+01 +1.418345668e+02 +1.418345668e+02
102982 0 +1.849538745e+01 +1.380753875e+02 +1.380753875e+02
102983 0 +1.657719552e+01 +1.361571955e+02 +1.361571955e+02
103024 0 +1.538793552e+01 +1.349679355e+02 +1.349679355e+02
103058 0 +1.406060612e+01 +1.336406061e+02 +1.336406061e+02
103063 0 +1.258173879e+01 +1.321617388e+02 +1.321617388e+02
103303 0 +1.117590960e+01 +1.307559096e+02 +1.307559096e+02
103796 0 +9.995952026e+00 +1.295759520e+02 +1.295759520e+02
400000 0 +9.930446911e+00 +1.295104469e+02 +1.295104469e+02
% f evaluations | g evaluations | best noise-free fitness - Fopt (1.460000000000e+01) + sum g_i+ | measured fitness | best measured fitness or single-digit g-values | x1 | x2...
1 0 +7.827376775e+01 +9.287376775e+01 +9.287376775e+01
230 0 +7.799997075e+01 +9.259997075e+01 +9.259997075e+01
21820 0 +7.076518874e+01 +8.536518874e+01 +8.536518874e+01
102815 0 +6.144729851e+01 +7.604729851e+01 +7.604729851e+01
102831 0 +5.407328344e+01 +6.867328344e+01 +6.867328344e+01
102839 0 +4.736387245e+01 +6.196387245e+01 +6.196387245e+01
102844 0 +4.077077858e+01 +5.537077858e+01 +5.537077858e+01
102855 0 +3.933683968e+01 +5.393683968e+01 +5.393683968e+01
102862 0 +3.541873272e+01 +5.001873272e+01 +5.001873272e+01
102865 0 +2.929813839e+01 +4.389813839e+01 +4.389813839e+01
102869 0 +2.595257445e+01 +4.055257445e+01 +4.055257445e+01
102872 0 +2.374514628e+01 +3.834514628e+01 +3.834514628e+01
102881 0 +2.178314373e+01 +3.638314373e+01 +3.638314373e+01
102890 0 +1.970330437e+01 +3.430330437e+01 +3.430330437e+01
102904 0 +1.744646886e+01 +3.204646886e+01 +3.204646886e+01
102914 0 +1.516311331e+01 +2.976311331e+01 +2.976311331e+01
102924 0 +1.211123046e+01 +2.671123046e+01 +2.671123046e+01
102929 0 +1.074543595e+01 +2.534543595e+01 +2.534543595e+01
102936 0 +9.194322644e+00 +2.379432264e+01 +2.379432264e+01
102949 0 +7.906558401e+00 +2.250655840e+01 +2.250655840e+01
102987 0 +6.935934511e+00 +2.153593451e+01 +2.153593451e+01
102994 0 +6.157920059e+00 +2.075792006e+01 +2.075792006e+01
103004 0 +4.024643688e+00 +1.862464369e+01 +1.862464369e+01
103013 0 +2.896064037e+00 +1.749606404e+01 +1.749606404e+01
103016 0 +2.798847932e+00 +1.739884793e+01 +1.739884793e+01
103029 0 +2.425813515e+00 +1.702581352e+01 +1.702581352e+01
103044 0 +2.116117935e+00 +1.671611794e+01 +1.671611794e+01
103093 0 +1.827799213e+00 +1.642779921e+01 +1.642779921e+01
103118 0 +1.739938592e+00 +1.633993859e+01 +1.633993859e+01
103172 0 +1.348369351e+00 +1.594836935e+01 +1.594836935e+01
103173 0 +1.088846402e+00 +1.568884640e+01 +1.568884640e+01
103201 0 +9.374403077e-01 +1.553744031e+01 +1.553744031e+01
103252 0 +8.738390322e-01 +1.547383903e+01 +1.547383903e+01
103301 0 +5.954923537e-01 +1.519549235e+01 +1.519549235e+01
103446 0 +5.390375420e-01 +1.513903754e+01 +1.513903754e+01
103464 0 +4.974339904e-01 +1.509743399e+01 +1.509743399e+01
103482 0 +4.391640912e-01 +1.503916409e+01 +1.503916409e+01
103485 0 +3.929024180e-01 +1.499290242e+01 +1.499290242e+01
103488 0 +3.444563657e-01 +1.494445637e+01 +1.494445637e+01
103505 0 +2.635754773e-01 +1.486357548e+01 +1.486357548e+01
103510 0 +2.443719670e-01 +1.484437197e+01 +1.484437197e+01
103518 0 +1.961493038e-01 +1.479614930e+01 +1.479614930e+01
103520 0 +1.741969633e-01 +1.477419696e+01 +1.477419696e+01
103550 0 +1.500238674e-01 +1.475002387e+01 +1.475002387e+01
103564 0 +1.109261313e-01 +1.471092613e+01 +1.471092613e+01
103602 0 +7.790581959e-02 +1.467790582e+01 +1.467790582e+01
103621 0 +5.842647441e-02 +1.465842647e+01 +1.465842647e+01
103627 0 +4.876028921e-02 +1.464876029e+01 +1.464876029e+01
103630 0 +4.350882272e-02 +1.464350882e+01 +1.464350882e+01
103645 0 +2.762900424e-02 +1.462762900e+01 +1.462762900e+01
103684 0 +2.380626149e-02 +1.462380626e+01 +1.462380626e+01
103855 0 +1.947823700e-02 +1.461947824e+01 +1.461947824e+01
103872 0 +1.648856925e-02 +1.461648857e+01 +1.461648857e+01
103888 0 +1.369858927e-02 +1.461369859e+01 +1.461369859e+01
103893 0 +1.066408370e-02 +1.461066408e+01 +1.461066408e+01
103962 0 +9.486369654e-03 +1.460948637e+01 +1.460948637e+01
104094 0 +8.268179936e-03 +1.460826818e+01 +1.460826818e+01
104104 0 +7.188169836e-03 +1.460718817e+01 +1.460718817e+01
104110 0 +6.770433104e-03 +1.460677043e+01 +1.460677043e+01
104113 0 +6.117057361e-03 +1.460611706e+01 +1.460611706e+01
104124 0 +4.969752935e-03 +1.460496975e+01 +1.460496975e+01
104128 0 +4.269300306e-03 +1.460426930e+01 +1.460426930e+01
104133 0 +3.912496398e-03 +1.460391250e+01 +1.460391250e+01
104156 0 +3.532479835e-03 +1.460353248e+01 +1.460353248e+01
104171 0 +3.044155069e-03 +1.460304416e+01 +1.460304416e+01
104174 0 +2.707566575e-03 +1.460270757e+01 +1.460270757e+01
104175 0 +2.436697351e-03 +1.460243670e+01 +1.460243670e+01
104192 0 +1.832011121e-03 +1.460183201e+01 +1.460183201e+01
104200 0 +1.663364694e-03 +1.460166336e+01 +1.460166336e+01
104213 0 +1.327696095e-03 +1.460132770e+01 +1.460132770e+01
104229 0 +1.239615458e-03 +1.460123962e+01 +1.460123962e+01
104234 0 +1.110223224e-03 +1.460111022e+01 +1.460111022e+01
104259 0 +9.937507356e-04 +1.460099375e+01 +1.460099375e+01
104352 0 +8.813613128e-04 +1.460088136e+01 +1.460088136e+01
104377 0 +7.178113125e-04 +1.460071781e+01 +1.460071781e+01
104394 0 +6.000317137e-04 +1.460060003e+01 +1.460060003e+01
104510 0 +5.112756075e-04 +1.460051128e+01 +1.460051128e+01
104513 0 +4.790703134e-04 +1.460047907e+01 +1.460047907e+01
104539 0 +4.299077703e-04 +1.460042991e+01 +1.460042991e+01
104581 0 +3.726346306e-04 +1.460037263e+01 +1.460037263e+01
104588 0 +2.959347212e-04 +1.460029593e+01 +1.460029593e+01
104596 0 +2.668499038e-04 +1.460026685e+01 +1.460026685e+01
104616 0 +2.506049892e-04 +1.460025060e+01 +1.460025060e+01
104805 0 +2.218010487e-04 +1.460022180e+01 +1.460022180e+01
104814 0 +1.945639364e-04 +1.460019456e+01 +1.460019456e+01
104832 0 +1.639666458e-04 +1.460016397e+01 +1.460016397e+01
104839 0 +1.473803839e-04 +1.460014738e+01 +1.460014738e+01
104842 0 +1.398483253e-04 +1.460013985e+01 +1.460013985e+01
104846 0 +1.048942933e-04 +1.460010489e+01 +1.460010489e+01
104857 0 +9.821716233e-05 +1.460009822e+01 +1.460009822e+01
104867 0 +7.887365793e-05 +1.460007887e+01 +1.460007887e+01
104877 0 +6.867687610e-05 +1.460006868e+01 +1.460006868e+01
104894 0 +6.265417767e-05 +1.460006265e+01 +1.460006265e+01
104900 0 +5.587596856e-05 +1.460005588e+01 +1.460005588e+01
104912 0 +4.325001599e-05 +1.460004325e+01 +1.460004325e+01
104924 0 +3.935026118e-05 +1.460003935e+01 +1.460003935e+01
104941 0 +3.401196574e-05 +1.460003401e+01 +1.460003401e+01
104946 0 +3.149577231e-05 +1.460003150e+01 +1.460003150e+01
104957 0 +2.598615120e-05 +1.460002599e+01 +1.460002599e+01
104965 0 +2.403348703e-05 +1.460002403e+01 +1.460002403e+01
104970 0 +1.836498393e-05 +1.460001836e+01 +1.460001836e+01
104985 0 +1.775834133e-05 +1.460001776e+01 +1.460001776e+01
104992 0 +1.320404246e-05 +1.460001320e+01 +1.460001320e+01
105016 0 +9.247341060e-06 +1.460000925e+01 +1.460000925e+01
105080 0 +8.657738311e-06 +1.460000866e+01 +1.460000866e+01
105215 0 +7.506034514e-06 +1.460000751e+01 +1.460000751e+01
105267 0 +7.043868239e-06 +1.460000704e+01 +1.460000704e+01
105442 0 +6.227220624e-06 +1.460000623e+01 +1.460000623e+01
105460 0 +5.440016400e-06 +1.460000544e+01 +1.460000544e+01
105486 0 +3.460282104e-06 +1.460000346e+01 +1.460000346e+01
105512 0 +3.112661826e-06 +1.460000311e+01 +1.460000311e+01
105530 0 +2.283957921e-06 +1.460000228e+01 +1.460000228e+01
105533 0 +2.132708115e-06 +1.460000213e+01 +1.460000213e+01
105557 0 +1.810517837e-06 +1.460000181e+01 +1.460000181e+01
105566 0 +1.758502268e-06 +1.460000176e+01 +1.460000176e+01
105602 0 +1.529707252e-06 +1.460000153e+01 +1.460000153e+01
105641 0 +1.187068497e-06 +1.460000119e+01 +1.460000119e+01
105677 0 +1.021444261e-06 +1.460000102e+01 +1.460000102e+01
105697 0 +7.076148911e-07 +1.460000071e+01 +1.460000071e+01
105765 0 +5.943314392e-07 +1.460000059e+01 +1.460000059e+01
105770 0 +5.148278390e-07 +1.460000051e+01 +1.460000051e+01
105792 0 +4.640094282e-07 +1.460000046e+01 +1.460000046e+01
105804 0 +4.240887108e-07 +1.460000042e+01 +1.460000042e+01
105928 0 +3.957375014e-07 +1.460000040e+01 +1.460000040e+01
105931 0 +3.300909661e-07 +1.460000033e+01 +1.460000033e+01
105933 0 +2.684276286e-07 +1.460000027e+01 +1.460000027e+01
105950 0 +2.265311743e-07 +1.460000023e+01 +1.460000023e+01
105957 0 +2.020773326e-07 +1.460000020e+01 +1.460000020e+01
105959 0 +1.778214003e-07 +1.460000018e+01 +1.460000018e+01
105969 0 +1.548337369e-07 +1.460000015e+01 +1.460000015e+01
106048 0 +1.306891804e-07 +1.460000013e+01 +1.460000013e+01
106065 0 +9.290544511e-08 +1.460000009e+01 +1.460000009e+01
106071 0 +7.296531557e-08 +1.460000007e+01 +1.460000007e+01
106091 0 +6.644371098e-08 +1.460000007e+01 +1.460000007e+01
106252 0 +6.234210304e-08 +1.460000006e+01 +1.460000006e+01
106257 0 +5.619031640e-08 +1.460000006e+01 +1.460000006e+01
106291 0 +4.878720006e-08 +1.460000005e+01 +1.460000005e+01
106310 0 +4.319078428e-08 +1.460000004e+01 +1.460000004e+01
106317 0 +3.850950492e-08 +1.460000004e+01 +1.460000004e+01
106323 0 +3.164413087e-08 +1.460000003e+01 +1.460000003e+01
106335 0 +2.738879168e-08 +1.460000003e+01 +1.460000003e+01
106348 0 +1.853394593e-08 +1.460000002e+01 +1.460000002e+01
106361 0 +1.606152189e-08 +1.460000002e+01 +1.460000002e+01
106373 0 +1.534925786e-08 +1.460000002e+01 +1.460000002e+01
106402 0 +1.262021776e-08 +1.460000001e+01 +1.460000001e+01
106411 0 +1.256949744e-08 +1.460000001e+01 +1.460000001e+01
106521 0 +1.084013412e-08 +1.460000001e+01 +1.460000001e+01
106604 0 +9.834851156e-09 +1.460000001e+01 +1.460000001e+01
107917 0 +8.952838471e-13 +1.460000000e+01 +1.460000000e+01
400000 0 +3.552713679e-15 +1.460000000e+01 +1.460000000e+01
% f evaluations | g evaluations | best noise-free fitness - Fopt (-2.550000000000e+01) + sum g_i+ | measured fitness | best measured fitness or single-digit g-values | x1 | x2...
1 0 +8.131112544e+01 +5.581112544e+01 +5.581112544e+01
222 0 +8.126430764e+01 +5.576430764e+01 +5.576430764e+01
268 0 +7.862203786e+01 +5.312203786e+01 +5.312203786e+01
102832 0 +7.036577375e+01 +4.486577375e+01 +4.486577375e+01
102859 0 +6.129065684e+01 +3.579065684e+01 +3.579065684e+01
102873 0 +5.581052513e+01 +3.031052513e+01 +3.031052513e+01
102884 0 +4.945817225e+01 +2.395817225e+01 +2.395817225e+01
102889 0 +4.434151567e+01 +1.884151567e+01 +1.884151567e+01
102898 0 +3.918073090e+01 +1.368073090e+01 +1.368073090e+01
102900 0 +3.545874425e+01 +9.958744245e+00 +9.958744245e+00
102908 0 +3.153665557e+01 +6.036655574e+00 +6.036655574e+00
102912 0 +2.764656289e+01 +2.146562887e+00 +2.146562887e+00
102914 0 +2.468749849e+01 -8.125015086e-01 -8.125015086e-01
102930 0 +2.187907945e+01 -3.620920547e+00 -3.620920547e+00
102933 0 +1.918395849e+01 -6.316041506e+00 -6.316041506e+00
102938 0 +1.736260391e+01 -8.137396089e+00 -8.137396089e+00
102939 0 +1.490462141e+01 -1.059537859e+01 -1.059537859e+01
102946 0 +1.352116496e+01 -1.197883504e+01 -1.197883504e+01
102955 0 +1.103266561e+01 -1.446733439e+01 -1.446733439e+01
102966 0 +9.444067913e+00 -1.605593209e+01 -1.605593209e+01
102980 0 +8.102929836e+00 -1.739707016e+01 -1.739707016e+01
102990 0 +7.595827346e+00 -1.790417265e+01 -1.790417265e+01
102994 0 +6.360225942e+00 -1.913977406e+01 -1.913977406e+01
103010 0 +6.163623505e+00 -1.933637649e+01 -1.933637649e+01
103013 0 +5.467409784e+00 -2.003259022e+01 -2.003259022e+01
103018 0 +4.826424334e+00 -2.067357567e+01 -2.067357567e+01
103019 0 +3.684951398e+00 -2.181504860e+01 -2.181504860e+01
103035 0 +3.066361767e+00 -2.243363823e+01 -2.243363823e+01
103060 0 +2.725875010e+00 -2.277412499e+01 -2.277412499e+01
103074 0 +2.397209745e+00 -2.310279026e+01 -2.310279026e+01
103223 0 +2.216637129e+00 -2.328336287e+01 -2.328336287e+01
400000 0 +1.999384883e+00 -2.350061512e+01 -2.350061512e+01
% f evaluations | g evaluations | best noise-free fitness - Fopt (-2.799000000000e+01) + sum g_i+ | measured fitness | best measured fitness or single-digit g-values | x1 | x2...
1 0 +8.116936967e+01 +5.317936967e+01 +5.317936967e+01
2 0 +8.102232001e+01 +5.303232001e+01 +5.303232001e+01
16 0 +7.918995572e+01 +5.119995572e+01 +5.119995572e+01
102833 0 +7.034740533e+01 +4.235740533e+01 +4.235740533e+01
102862 0 +6.289592800e+01 +3.490592800e+01 +3.490592800e+01
102875 0 +5.469688056e+01 +2.670688056e+01 +2.670688056e+01
102879 0 +4.737881480e+01 +1.938881480e+01 +1.938881480e+01
102883 0 +4.448668193e+01 +1.649668193e+01 +1.649668193e+01
102887 0 +3.971089834e+01 +1.172089834e+01 +1.172089834e+01
102904 0 +3.496040571e+01 +6.970405708e+00 +6.970405708e+00
102916 0 +3.077202776e+01 +2.782027764e+00 +2.782027764e+00
102927 0 +2.783280527e+01 -1.571947272e-01 -1.571947272e-01
102939 0 +2.434708748e+01 -3.642912518e+00 -3.642912518e+00
102955 0 +1.965877992e+01 -8.331220078e+00 -8.331220078e+00
102959 0 +1.662194697e+01 -1.136805303e+01 -1.136805303e+01
102963 0 +1.519018771e+01 -1.279981229e+01 -1.279981229e+01
102975 0 +1.397801279e+01 -1.401198721e+01 -1.401198721e+01
103002 0 +1.225296058e+01 -1.573703942e+01 -1.573703942e+01
103035 0 +9.498376799e+00 -1.849162320e+01 -1.849162320e+01
103039 0 +8.710291729e+00 -1.927970827e+01 -1.927970827e+01
103115 0 +7.576651901e+00 -2.041334810e+01 -2.041334810e+01
103303 0 +7.050465308e+00 -2.093953469e+01 -2.093953469e+01
103361 0 +6.272990801e+00 -2.171700920e+01 -2.171700920e+01
103755 0 +5.617626333e+00 -2.237237367e+01 -2.237237367e+01
400000 0 +5.262803669e+00 -2.272719633e+01 -2.272719633e+01
% f evaluations | g evaluations | best noise-free fitness - Fopt (-5.112000000000e+01) + sum g_i+ | measured fitness | best measured fitness or single-digit g-values | x1 | x2...
1 0 +8.145441009e+01 +3.033441009e+01 +3.033441009e+01
78 0 +8.106700079e+01 +2.994700079e+01 +2.994700079e+01
294 0 +7.934112776e+01 +2.822112776e+01 +2.822112776e+01
102809 0 +7.031603415e+01 +1.919603415e+01 +1.919603415e+01
102835 0 +6.286252513e+01 +1.174252513e+01 +1.174252513e+01
102845 0 +5.513325752e+01 +4.013257515e+00 +4.013257515e+00
102852 0 +4.862045704e+01 -2.499542957e+00 -2.499542957e+00
102856 0 +4.332448126e+01 -7.795518736e+00 -7.795518736e+00
102865 0 +3.709977615e+01 -1.402022385e+01 -1.402022385e+01
102867 0 +3.165865871e+01 -1.946134129e+01 -1.946134129e+01
102872 0 +3.038712285e+01 -2.073287715e+01 -2.073287715e+01
102875 0 +2.646737320e+01 -2.465262680e+01 -2.465262680e+01
102882 0 +2.422683813e+01 -2.689316187e+01 -2.689316187e+01
102886 0 +2.220719558e+01 -2.891280442e+01 -2.891280442e+01
102897 0 +1.991333397e+01 -3.120666603e+01 -3.120666603e+01
102907 0 +1.764769917e+01 -3.347230083e+01 -3.347230083e+01
102913 0 +1.578880834e+01 -3.533119166e+01 -3.533119166e+01
102917 0 +1.278689493e+01 -3.833310507e+01 -3.833310507e+01
102919 0 +1.057643773e+01 -4.054356227e+01 -4.054356227e+01
102924 0 +9.628180900e+00 -4.149181910e+01 -4.149181910e+01
102945 0 +8.397407113e+00 -4.272259289e+01 -4.272259289e+01
102953 0 +7.673999370e+00 -4.344600063e+01 -4.344600063e+01
102955 0 +6.985907608e+00 -4.413409239e+01 -4.413409239e+01
102968 0 +6.196770753e+00 -4.492322925e+01 -4.492322925e+01
102983 0 +5.444088337e+00 -4.567591166e+01 -4.567591166e+01
102999 0 +4.985112009e+00 -4.613488799e+01 -4.613488799e+01
103016 0 +3.979523774e+00 -4.714047623e+01 -4.714047623e+01
103017 0 +3.303478130e+00 -4.781652187e+01 -4.781652187e+01
103020 0 +2.891729898e+00 -4.822827010e+01 -4.822827010e+01
103022 0 +2.400974228e+00 -4.871902577e+01 -4.871902577e+01
103025 0 +2.037155354e+00 -4.908284465e+01 -4.908284465e+01
103038 0 +1.942900164e+00 -4.917709984e+01 -4.917709984e+01
103068 0 +1.665054382e+00 -4.945494562e+01 -4.945494562e+01
103075 0 +1.565354255e+00 -4.955464574e+01 -4.955464574e+01
103093 0 +6.570010543e-01 -5.046299895e+01 -5.046299895e+01
103109 0 +5.840271530e-01 -5.053597285e+01 -5.053597285e+01
103130 0 +5.433510659e-01 -5.057664893e+01 -5.057664893e+01
103150 0 +4.830734916e-01 -5.063692651e+01 -5.063692651e+01
103292 0 +4.167476386e-01 -5.070325236e+01 -5.070325236e+01
103294 0 +3.725382203e-01 -5.074746178e+01 -5.074746178e+01
103301 0 +3.403953833e-01 -5.077960462e+01 -5.077960462e+01
103308 0 +2.546232091e-01 -5.086537679e+01 -5.086537679e+01
103322 0 +2.473861563e-01 -5.087261384e+01 -5.087261384e+01
103328 0 +2.200560447e-01 -5.089994396e+01 -5.089994396e+01
103329 0 +1.828479611e-01 -5.093715204e+01 -5.093715204e+01
103331 0 +1.764084787e-01 -5.094359152e+01 -5.094359152e+01
103425 0 +1.485599987e-01 -5.097144000e+01 -5.097144000e+01
103435 0 +1.403763983e-01 -5.097962360e+01 -5.097962360e+01
103460 0 +1.225787558e-01 -5.099742124e+01 -5.099742124e+01
103514 0 +9.092301184e-02 -5.102907699e+01 -5.102907699e+01
103518 0 +6.003209409e-02 -5.105996791e+01 -5.105996791e+01
103591 0 +5.558589739e-02 -5.106441410e+01 -5.106441410e+01
103657 0 +4.531939893e-02 -5.107468060e+01 -5.107468060e+01
103662 0 +3.892028004e-02 -5.108107972e+01 -5.108107972e+01
103686 0 +3.195521103e-02 -5.108804479e+01 -5.108804479e+01
103701 0 +3.096218749e-02 -5.108903781e+01 -5.108903781e+01
103715 0 +2.318084793e-02 -5.109681915e+01 -5.109681915e+01
103782 0 +1.857001014e-02 -5.110142999e+01 -5.110142999e+01
103937 0 +1.745341878e-02 -5.110254658e+01 -5.110254658e+01
103961 0 +1.581376852e-02 -5.110418623e+01 -5.110418623e+01
103987 0 +1.373731424e-02 -5.110626269e+01 -5.110626269e+01
103998 0 +1.056571132e-02 -5.110943429e+01 -5.110943429e+01
104006 0 +9.954723449e-03 -5.111004528e+01 -5.111004528e+01
104021 0 +8.465934140e-03 -5.111153407e+01 -5.111153407e+01
104068 0 +7.242623446e-03 -5.111275738e+01 -5.111275738e+01
104095 0 +6.910757003e-03 -5.111308924e+01 -5.111308924e+01
104109 0 +5.070441918e-03 -5.111492956e+01 -5.111492956e+01
104119 0 +4.615457842e-03 -5.111538454e+01 -5.111538454e+01
104123 0 +4.391469956e-03 -5.111560853e+01 -5.111560853e+01
104133 0 +3.681045106e-03 -5.111631895e+01 -5.111631895e+01
104188 0 +2.936783002e-03 -5.111706322e+01 -5.111706322e+01
104195 0 +2.752759583e-03 -5.111724724e+01 -5.111724724e+01
104216 0 +2.285317583e-03 -5.111771468e+01 -5.111771468e+01
104244 0 +1.910822980e-03 -5.111808918e+01 -5.111808918e+01
104304 0 +1.340975145e-03 -5.111865902e+01 -5.111865902e+01
104405 0 +1.201739855e-03 -5.111879826e+01 -5.111879826e+01
104427 0 +1.110963159e-03 -5.111888904e+01 -5.111888904e+01
104429 0 +9.848946000e-04 -5.111901511e+01 -5.111901511e+01
104466 0 +8.722350979e-04 -5.111912776e+01 -5.111912776e+01
104484 0 +5.658920374e-04 -5.111943411e+01 -5.111943411e+01
104491 0 +5.406168971e-04 -5.111945938e+01 -5.111945938e+01
104493 0 +3.855161187e-04 -5.111961448e+01 -5.111961448e+01
104504 0 +3.296084848e-04 -5.111967039e+01 -5.111967039e+01
104509 0 +2.632405814e-04 -5.111973676e+01 -5.111973676e+01
104513 0 +2.392590322e-04 -5.111976074e+01 -5.111976074e+01
104567 0 +2.234221286e-04 -5.111977658e+01 -5.111977658e+01
104588 0 +1.706700456e-04 -5.111982933e+01 -5.111982933e+01
104599 0 +1.531281272e-04 -5.111984687e+01 -5.111984687e+01
104627 0 +1.276381510e-04 -5.111987236e+01 -5.111987236e+01
104725 0 +1.215628052e-04 -5.111987844e+01 -5.111987844e+01
104738 0 +1.060763069e-04 -5.111989392e+01 -5.111989392e+01
104742 0 +9.232730874e-05 -5.111990767e+01 -5.111990767e+01
104752 0 +8.493627563e-05 -5.111991506e+01 -5.111991506e+01
104776 0 +7.784920595e-05 -5.111992215e+01 -5.111992215e+01
104794 0 +4.583321387e-05 -5.111995417e+01 -5.111995417e+01
104796 0 +4.117781751e-05 -5.111995882e+01 -5.111995882e+01
104798 0 +3.489708779e-05 -5.111996510e+01 -5.111996510e+01
104799 0 +2.916479461e-05 -5.111997084e+01 -5.111997084e+01
104805 0 +2.699617605e-05 -5.111997300e+01 -5.111997300e+01
104819 0 +2.316218190e-05 -5.111997684e+01 -5.111997684e+01
104824 0 +2.226579935e-05 -5.111997773e+01 -5.111997773e+01
104837 0 +1.914560703e-05 -5.111998085e+01 -5.111998085e+01
104879 0 +1.429991833e-05 -5.111998570e+01 -5.111998570e+01
104881 0 +1.389332392e-05 -5.111998611e+01 -5.111998611e+01
104919 0 +1.123932469e-05 -5.111998876e+01 -5.111998876e+01
104925 0 +8.532193455e-06 -5.111999147e+01 -5.111999147e+01
104947 0 +7.088114764e-06 -5.111999291e+01 -5.111999291e+01
105001 0 +7.034539294e-06 -5.111999297e+01 -5.111999297e+01
105173 0 +6.075735214e-06 -5.111999392e+01 -5.111999392e+01
105178 0 +5.106282856e-06 -5.111999489e+01 -5.111999489e+01
105188 0 +4.678326910e-06 -5.111999532e+01 -5.111999532e+01
105194 0 +3.918048321e-06 -5.111999608e+01 -5.111999608e+01
105198 0 +2.515080880e-06 -5.111999748e+01 -5.111999748e+01
105206 0 +2.168619446e-06 -5.111999783e+01 -5.111999783e+01
105208 0 +1.931083894e-06 -5.111999807e+01 -5.111999807e+01
105228 0 +1.665736519e-06 -5.111999833e+01 -5.111999833e+01
105279 0 +1.543558923e-06 -5.111999846e+01 -5.111999846e+01
105344 0 +1.359505411e-06 -5.111999864e+01 -5.111999864e+01
105351 0 +9.830871974e-07 -5.111999902e+01 -5.111999902e+01
105366 0 +7.198708616e-07 -5.111999928e+01 -5.111999928e+01
105397 0 +5.318886096e-07 -5.111999947e+01 -5.111999947e+01
105416 0 +4.168485219e-07 -5.111999958e+01 -5.111999958e+01
105458 0 +3.979231380e-07 -5.111999960e+01 -5.111999960e+01
105479 0 +3.498819012e-07 -5.111999965e+01 -5.111999965e+01
105500 0 +2.534588504e-07 -5.111999975e+01 -5.111999975e+01
105607 0 +2.357728590e-07 -5.111999976e+01 -5.111999976e+01
105613 0 +2.196165809e-07 -5.111999978e+01 -5.111999978e+01
105631 0 +1.964574778e-07 -5.111999980e+01 -5.111999980e+01
105641 0 +1.735348292e-07 -5.111999983e+01 -5.111999983e+01
105646 0 +1.570207502e-07 -5.111999984e+01 -5.111999984e+01
105653 0 +1.315209062e-07 -5.111999987e+01 -5.111999987e+01
105671 0 +1.139105308e-07 -5.111999989e+01 -5.111999989e+01
105673 0 +1.091955397e-07 -5.111999989e+01 -5.111999989e+01
105701 0 +9.472684326e-08 -5.111999991e+01 -5.111999991e+01
105708 0 +8.040134958e-08 -5.111999992e+01 -5.111999992e+01
105709 0 +6.681173659e-08 -5.111999993e+01 -5.111999993e+01
105762 0 +5.951314108e-08 -5.111999994e+01 -5.111999994e+01
105769 0 +4.911028384e-08 -5.111999995e+01 -5.111999995e+01
105855 0 +4.331630521e-08 -5.111999996e+01 -5.111999996e+01
105865 0 +3.001873949e-08 -5.111999997e+01 -5.111999997e+01
105919 0 +2.748717520e-08 -5.111999997e+01 -5.111999997e+01
105971 0 +2.310876823e-08 -5.111999998e+01 -5.111999998e+01
105976 0 +1.878390776e-08 -5.111999998e+01 -5.111999998e+01
106004 0 +1.366208835e-08 -5.111999999e+01 -5.111999999e+01
106041 0 +1.240221792e-08 -5.111999999e+01 -5.111999999e+01
106259 0 +1.101359004e-08 -5.111999999e+01 -5.111999999e+01
106275 0 +9.026159375e-09 -5.111999999e+01 -5.111999999e+01
108039 0 +9.450218386e-13 -5.112000000e+01 -5.112000000e+01
400000 0 +3.552713679e-14 -5.112000000e+01 -5.112000000e+01
% f evaluations | g evaluations | best noise-free fitness - Fopt (-4.336200000000e+02) + sum g_i+ | measured fitness | best measured fitness or single-digit g-values | x1 | x2...
1 0 +7.821939662e+01 -3.554006034e+02 -3.554006034e+02
3 0 +7.771452357e+01 -3.559054764e+02 -3.559054764e+02
30075 0 +7.074142162e+01 -3.628785784e+02 -3.628785784e+02
102820 0 +6.297857084e+01 -3.706414292e+02 -3.706414292e+02
102835 0 +5.439312100e+01 -3.792268790e+02 -3.792268790e+02
102840 0 +4.900932344e+01 -3.846106766e+02 -3.846106766e+02
102850 0 +4.338585747e+01 -3.902341425e+02 -3.902341425e+02
102854 0 +3.897077356e+01 -3.946492264e+02 -3.946492264e+02
102857 0 +3.493588974e+01 -3.986841103e+02 -3.986841103e+02
102863 0 +3.153176629e+01 -4.020882337e+02 -4.020882337e+02
102871 0 +2.671929350e+01 -4.069007065e+02 -4.069007065e+02
102883 0 +2.484976537e+01 -4.087702346e+02 -4.087702346e+02
102890 0 +2.205855775e+01 -4.115614422e+02 -4.115614422e+02
102899 0 +1.981796790e+01 -4.138020321e+02 -4.138020321e+02
102915 0 +1.740969025e+01 -4.162103098e+02 -4.162103098e+02
102917 0 +1.541010137e+01 -4.182098986e+02 -4.182098986e+02
102920 0 +1.410598082e+01 -4.195140192e+02 -4.195140192e+02
102927 0 +1.201063351e+01 -4.216093665e+02 -4.216093665e+02
102930 0 +1.092903101e+01 -4.226909690e+02 -4.226909690e+02
102932 0 +9.684846280e+00 -4.239351537e+02 -4.239351537e+02
102945 0 +8.609082147e+00 -4.250109179e+02 -4.250109179e+02
102951 0 +7.836687233e+00 -4.257833128e+02 -4.257833128e+02
102970 0 +5.875491059e+00 -4.277445089e+02 -4.277445089e+02
102974 0 +4.788711443e+00 -4.288312886e+02 -4.288312886e+02
102982 0 +3.659078082e+00 -4.299609219e+02 -4.299609219e+02
102997 0 +3.183371148e+00 -4.304366289e+02 -4.304366289e+02
103007 0 +2.575504343e+00 -4.310444957e+02 -4.310444957e+02
103014 0 +2.129709153e+00 -4.314902908e+02 -4.314902908e+02
103120 0 +1.990868269e+00 -4.316291317e+02 -4.316291317e+02
103287 0 +1.770549330e+00 -4.318494507e+02 -4.318494507e+02
103321 0 +1.366096562e+00 -4.322539034e+02 -4.322539034e+02
103330 0 +1.177297967e+00 -4.324427020e+02 -4.324427020e+02
103332 0 +1.031690584e+00 -4.325883094e+02 -4.325883094e+02
103340 0 +9.028676875e-01 -4.327171323e+02 -4.327171323e+02
103342 0 +8.786082282e-01 -4.327413918e+02 -4.327413918e+02
103343 0 +6.785398495e-01 -4.329414602e+02 -4.329414602e+02
103345 0 +6.210860451e-01 -4.329989140e+02 -4.329989140e+02
103363 0 +5.540285359e-01 -4.330659715e+02 -4.330659715e+02
103386 0 +4.939301746e-01 -4.331260698e+02 -4.331260698e+02
103401 0 +4.029914749e-01 -4.332170085e+02 -4.332170085e+02
103403 0 +3.184115108e-01 -4.333015885e+02 -4.333015885e+02
103425 0 +2.986191081e-01 -4.333213809e+02 -4.333213809e+02
103450 0 +2.713935198e-01 -4.333486065e+02 -4.333486065e+02
103455 0 +1.930725119e-01 -4.334269275e+02 -4.334269275e+02
103517 0 +1.761782443e-01 -4.334438218e+02 -4.334438218e+02
103577 0 +1.528122775e-01 -4.334671877e+02 -4.334671877e+02
103719 0 +1.400874900e-01 -4.334799125e+02 -4.334799125e+02
103821 0 +1.258686397e-01 -4.334941314e+02 -4.334941314e+02
104062 0 +1.118758920e-01 -4.335081241e+02 -4.335081241e+02
104197 0 +9.673766944e-02 -4.335232623e+02 -4.335232623e+02
104207 0 +8.839936433e-02 -4.335316006e+02 -4.335316006e+02
104220 0 +7.190905585e-02 -4.335480909e+02 -4.335480909e+02
104223 0 +5.873698572e-02 -4.335612630e+02 -4.335612630e+02
104225 0 +5.273242151e-02 -4.335672676e+02 -4.335672676e+02
104231 0 +4.953010712e-02 -4.335704699e+02 -4.335704699e+02
104233 0 +4.454117405e-02 -4.335754588e+02 -4.335754588e+02
104235 0 +3.867726803e-02 -4.335813227e+02 -4.335813227e+02
104253 0 +3.480595510e-02 -4.335851940e+02 -4.335851940e+02
104270 0 +3.018777387e-02 -4.335898122e+02 -4.335898122e+02
104285 0 +2.732319101e-02 -4.335926768e+02 -4.335926768e+02
104290 0 +2.504972399e-02 -4.335949503e+02 -4.335949503e+02
104313 0 +2.115869801e-02 -4.335988413e+02 -4.335988413e+02
104315 0 +1.937132563e-02 -4.336006287e+02 -4.336006287e+02
104322 0 +1.645864230e-02 -4.336035414e+02 -4.336035414e+02
104365 0 +1.533177099e-02 -4.336046682e+02 -4.336046682e+02
104383 0 +1.388372025e-02 -4.336061163e+02 -4.336061163e+02
104410 0 +1.194015516e-02 -4.336080598e+02 -4.336080598e+02
104428 0 +1.070750107e-02 -4.336092925e+02 -4.336092925e+02
104430 0 +7.239247775e-03 -4.336127608e+02 -4.336127608e+02
104436 0 +6.432933785e-03 -4.336135671e+02 -4.336135671e+02
104455 0 +4.559307569e-03 -4.336154407e+02 -4.336154407e+02
104471 0 +3.940852186e-03 -4.336160591e+02 -4.336160591e+02
104620 0 +3.336949578e-03 -4.336166631e+02 -4.336166631e+02
104622 0 +3.004675862e-03 -4.336169953e+02 -4.336169953e+02
104623 0 +2.578346125e-03 -4.336174217e+02 -4.336174217e+02
104634 0 +2.466436896e-03 -4.336175336e+02 -4.336175336e+02
104652 0 +2.198611993e-03 -4.336178014e+02 -4.336178014e+02
104655 0 +1.799278429e-03 -4.336182007e+02 -4.336182007e+02
104668 0 +1.708452296e-03 -4.336182915e+02 -4.336182915e+02
104678 0 +1.487844412e-03 -4.336185122e+02 -4.336185122e+02
104683 0 +1.108876294e-03 -4.336188911e+02 -4.336188911e+02
104702 0 +9.506353139e-04 -4.336190494e+02 -4.336190494e+02
104703 0 +8.713349249e-04 -4.336191287e+02 -4.336191287e+02
104751 0 +7.495546444e-04 -4.336192504e+02 -4.336192504e+02
104755 0 +6.949139703e-04 -4.336193051e+02 -4.336193051e+02
104758 0 +6.085250842e-04 -4.336193915e+02 -4.336193915e+02
104772 0 +4.784766672e-04 -4.336195215e+02 -4.336195215e+02
104964 0 +4.340569218e-04 -4.336195659e+02 -4.336195659e+02
104971 0 +3.440216216e-04 -4.336196560e+02 -4.336196560e+02
104984 0 +2.883768687e-04 -4.336197116e+02 -4.336197116e+02
104988 0 +2.785716267e-04 -4.336197214e+02 -4.336197214e+02
105014 0 +2.460170553e-04 -4.336197540e+02 -4.336197540e+02
105022 0 +2.065764675e-04 -4.336197934e+02 -4.336197934e+02
105023 0 +1.641252053e-04 -4.336198359e+02 -4.336198359e+02
105028 0 +1.525756284e-04 -4.336198474e+02 -4.336198474e+02
105064 0 +1.252424565e-04 -4.336198748e+02 -4.336198748e+02
105078 0 +1.084517638e-04 -4.336198915e+02 -4.336198915e+02
105085 0 +9.577321032e-05 -4.336199042e+02 -4.336199042e+02
105102 0 +7.956825954e-05 -4.336199204e+02 -4.336199204e+02
105103 0 +7.941496995e-05 -4.336199206e+02 -4.336199206e+02
105114 0 +6.995433444e-05 -4.336199300e+02 -4.336199300e+02
105126 0 +5.246868960e-05 -4.336199475e+02 -4.336199475e+02
105135 0 +4.551243785e-05 -4.336199545e+02 -4.336199545e+02
105139 0 +4.189661109e-05 -4.336199581e+02 -4.336199581e+02
105182 0 +2.897810009e-05 -4.336199710e+02 -4.336199710e+02
105211 0 +2.780303242e-05 -4.336199722e+02 -4.336199722e+02
105253 0 +2.488402947e-05 -4.336199751e+02 -4.336199751e+02
105262 0 +1.657813243e-05 -4.336199834e+02 -4.336199834e+02
105336 0 +1.555604234e-05 -4.336199844e+02 -4.336199844e+02
105357 0 +1.401849374e-05 -4.336199860e+02 -4.336199860e+02
105412 0 +8.684139800e-06 -4.336199913e+02 -4.336199913e+02
105422 0 +7.007482395e-06 -4.336199930e+02 -4.336199930e+02
105551 0 +6.280249579e-06 -4.336199937e+02 -4.336199937e+02
105580 0 +4.309887174e-06 -4.336199957e+02 -4.336199957e+02
105600 0 +3.366972066e-06 -4.336199966e+02 -4.336199966e+02
105622 0 +2.912488412e-06 -4.336199971e+02 -4.336199971e+02
105633 0 +2.565321438e-06 -4.336199974e+02 -4.336199974e+02
105680 0 +2.406055160e-06 -4.336199976e+02 -4.336199976e+02
105682 0 +2.169090408e-06 -4.336199978e+02 -4.336199978e+02
105701 0 +1.882439904e-06 -4.336199981e+02 -4.336199981e+02
105704 0 +1.725479876e-06 -4.336199983e+02 -4.336199983e+02
105735 0 +1.551720857e-06 -4.336199984e+02 -4.336199984e+02
105754 0 +1.360728334e-06 -4.336199986e+02 -4.336199986e+02
105764 0 +1.242567748e-06 -4.336199988e+02 -4.336199988e+02
105779 0 +1.038822404e-06 -4.336199990e+02 -4.336199990e+02
105784 0 +9.671043699e-07 -4.336199990e+02 -4.336199990e+02
105869 0 +8.734116932e-07 -4.336199991e+02 -4.336199991e+02
106011 0 +6.966491242e-07 -4.336199993e+02 -4.336199993e+02
106030 0 +5.638112839e-07 -4.336199994e+02 -4.336199994e+02
106034 0 +5.032081845e-07 -4.336199995e+02 -4.336199995e+02
106036 0 +4.980237804e-07 -4.336199995e+02 -4.336199995e+02
106062 0 +4.163881044e-07 -4.336199996e+02 -4.336199996e+02
106068 0 +3.678941880e-07 -4.336199996e+02 -4.336199996e+02
106080 0 +3.512478770e-07 -4.336199996e+02 -4.336199996e+02
106087 0 +3.136856321e-07 -4.336199997e+02 -4.336199997e+02
106104 0 +2.662711154e-07 -4.336199997e+02 -4.336199997e+02
106118 0 +2.327507787e-07 -4.336199998e+02 -4.336199998e+02
106127 0 +2.018398391e-07 -4.336199998e+02 -4.336199998e+02
106132 0 +1.878203193e-07 -4.336199998e+02 -4.336199998e+02
106142 0 +1.742653239e-07 -4.336199998e+02 -4.336199998e+02
106149 0 +1.551295554e-07 -4.336199998e+02 -4.336199998e+02
106151 0 +1.408619141e-07 -4.336199999e+02 -4.336199999e+02
106170 0 +1.207747005e-07 -4.336199999e+02 -4.336199999e+02
106173 0 +1.058295425e-07 -4.336199999e+02 -4.336199999e+02
106220 0 +8.951457175e-08 -4.336199999e+02 -4.336199999e+02
106222 0 +7.691107839e-08 -4.336199999e+02 -4.336199999e+02
106242 0 +6.333681313e-08 -4.336199999e+02 -4.336199999e+02
106253 0 +6.081359061e-08 -4.336199999e+02 -4.336199999e+02
106405 0 +5.256185887e-08 -4.336199999e+02 -4.336199999e+02
106422 0 +4.983121471e-08 -4.336200000e+02 -4.336200000e+02
106441 0 +4.327893066e-08 -4.336200000e+02 -4.336200000e+02
106447 0 +3.858406217e-08 -4.336200000e+02 -4.336200000e+02
106465 0 +3.267660986e-08 -4.336200000e+02 -4.336200000e+02
106468 0 +3.083533784e-08 -4.336200000e+02 -4.336200000e+02
106471 0 +2.011205424e-08 -4.336200000e+02 -4.336200000e+02
106473 0 +1.773844360e-08 -4.336200000e+02 -4.336200000e+02
106476 0 +1.394255378e-08 -4.336200000e+02 -4.336200000e+02
106511 0 +1.166688435e-08 -4.336200000e+02 -4.336200000e+02
106521 0 +1.026103291e-08 -4.336200000e+02 -4.336200000e+02
106542 0 +4.993580660e-09 -4.336200000e+02 -4.336200000e+02
108127 0 +9.663381206e-13 -4.336200000e+02 -4.336200000e+02
400000 0 +1.705302566e-13 -4.336200000e+02 -4.336200000e+02
% f evaluations | g evaluations | best noise-free fitness - Fopt (1.088800000000e+02) + sum g_i+ | measured fitness | best measured fitness or single-digit g-values | x1 | x2...
1 0 +7.882496288e+01 +1.877049629e+02 +1.877049629e+02
3 0 +7.879280454e+01 +1.876728045e+02 +1.876728045e+02
27320 0 +7.018092885e+01 +1.790609288e+02 +1.790609288e+02
102829 0 +6.170668172e+01 +1.705866817e+02 +1.705866817e+02
102843 0 +5.391264778e+01 +1.627926478e+02 +1.627926478e+02
102851 0 +4.823621309e+01 +1.571162131e+02 +1.571162131e+02
102860 0 +4.411753341e+01 +1.529975334e+02 +1.529975334e+02
102861 0 +3.816790611e+01 +1.470479061e+02 +1.470479061e+02
102866 0 +3.528218804e+01 +1.441621880e+02 +1.441621880e+02
102872 0 +2.892920798e+01 +1.378092080e+02 +1.378092080e+02
102873 0 +2.449577480e+01 +1.333757748e+02 +1.333757748e+02
102877 0 +2.194913186e+01 +1.308291319e+02 +1.308291319e+02
102901 0 +1.972859785e+01 +1.286085979e+02 +1.286085979e+02
102909 0 +1.634278133e+01 +1.252227813e+02 +1.252227813e+02
102912 0 +1.504089574e+01 +1.239208957e+02 +1.239208957e+02
102923 0 +1.246629411e+01 +1.213462941e+02 +1.213462941e+02
102930 0 +1.087141457e+01 +1.197514146e+02 +1.197514146e+02
102941 0 +8.471669821e+00 +1.173516698e+02 +1.173516698e+02
102952 0 +7.886205159e+00 +1.167662052e+02 +1.167662052e+02
102953 0 +6.256308141e+00 +1.151363081e+02 +1.151363081e+02
102957 0 +4.864963832e+00 +1.137449638e+02 +1.137449638e+02
102992 0 +3.470847136e+00 +1.123508471e+02 +1.123508471e+02
102996 0 +3.140667265e+00 +1.120206673e+02 +1.120206673e+02
103003 0 +2.691716727e+00 +1.115717167e+02 +1.115717167e+02
103032 0 +2.284394123e+00 +1.111643941e+02 +1.111643941e+02
103033 0 +2.219722381e+00 +1.110997224e+02 +1.110997224e+02
103072 0 +1.957186266e+00 +1.108371863e+02 +1.108371863e+02
103099 0 +1.551364465e+00 +1.104313645e+02 +1.104313645e+02
103121 0 +1.143442734e+00 +1.100234427e+02 +1.100234427e+02
103134 0 +9.489291558e-01 +1.098289292e+02 +1.098289292e+02
103142 0 +6.271615319e-01 +1.095071615e+02 +1.095071615e+02
103154 0 +4.964535936e-01 +1.093764536e+02 +1.093764536e+02
103181 0 +4.253293701e-01 +1.093053294e+02 +1.093053294e+02
103195 0 +3.775658892e-01 +1.092575659e+02 +1.092575659e+02
103283 0 +3.279796401e-01 +1.092079796e+02 +1.092079796e+02
103288 0 +2.416181442e-01 +1.091216181e+02 +1.091216181e+02
103310 0 +2.114775809e-01 +1.090914776e+02 +1.090914776e+02
103324 0 +1.963290144e-01 +1.090763290e+02 +1.090763290e+02
103338 0 +1.759755355e-01 +1.090559755e+02 +1.090559755e+02
103348 0 +1.522176046e-01 +1.090322176e+02 +1.090322176e+02
103353 0 +1.349014416e-01 +1.090149014e+02 +1.090149014e+02
103363 0 +1.241545676e-01 +1.090041546e+02 +1.090041546e+02
103413 0 +1.088563787e-01 +1.089888564e+02 +1.089888564e+02
103437 0 +9.498560894e-02 +1.089749856e+02 +1.089749856e+02
103449 0 +8.631693230e-02 +1.089663169e+02 +1.089663169e+02
103565 0 +7.558700586e-02 +1.089555870e+02 +1.089555870e+02
103588 0 +6.815209487e-02 +1.089481521e+02 +1.089481521e+02
103632 0 +5.706860504e-02 +1.089370686e+02 +1.089370686e+02
103648 0 +5.572978608e-02 +1.089357298e+02 +1.089357298e+02
103744 0 +4.634130715e-02 +1.089263413e+02 +1.089263413e+02
103853 0 +4.313862246e-02 +1.089231386e+02 +1.089231386e+02
103860 0 +3.911122927e-02 +1.089191112e+02 +1.089191112e+02
103894 0 +3.401525914e-02 +1.089140153e+02 +1.089140153e+02
103899 0 +3.031823219e-02 +1.089103182e+02 +1.089103182e+02
103907 0 +2.660340566e-02 +1.089066034e+02 +1.089066034e+02
103920 0 +2.314732553e-02 +1.089031473e+02 +1.089031473e+02
103925 0 +2.166482854e-02 +1.089016648e+02 +1.089016648e+02
103932 0 +1.808506354e-02 +1.088980851e+02 +1.088980851e+02
103935 0 +1.720496933e-02 +1.088972050e+02 +1.088972050e+02
103954 0 +1.408745966e-02 +1.088940875e+02 +1.088940875e+02
103978 0 +1.231843200e-02 +1.088923184e+02 +1.088923184e+02
103997 0 +1.106285828e-02 +1.088910629e+02 +1.088910629e+02
104018 0 +9.923011216e-03 +1.088899230e+02 +1.088899230e+02
104059 0 +8.736451695e-03 +1.088887365e+02 +1.088887365e+02
104073 0 +7.934642450e-03 +1.088879346e+02 +1.088879346e+02
104080 0 +6.512213140e-03 +1.088865122e+02 +1.088865122e+02
104083 0 +4.432976736e-03 +1.088844330e+02 +1.088844330e+02
104252 0 +3.970312542e-03 +1.088839703e+02 +1.088839703e+02
104290 0 +3.547199908e-03 +1.088835472e+02 +1.088835472e+02
104302 0 +3.120736560e-03 +1.088831207e+02 +1.088831207e+02
104304 0 +2.694146674e-03 +1.088826941e+02 +1.088826941e+02
104308 0 +2.471173734e-03 +1.088824712e+02 +1.088824712e+02
104310 0 +1.523937148e-03 +1.088815239e+02 +1.088815239e+02
104320 0 +1.055332635e-03 +1.088810553e+02 +1.088810553e+02
104354 0 +9.996497853e-04 +1.088809996e+02 +1.088809996e+02
104371 0 +8.911818336e-04 +1.088808912e+02 +1.088808912e+02
104437 0 +6.723197310e-04 +1.088806723e+02 +1.088806723e+02
104447 0 +6.134137528e-04 +1.088806134e+02 +1.088806134e+02
104473 0 +4.508466201e-04 +1.088804508e+02 +1.088804508e+02
104476 0 +4.123696502e-04 +1.088804124e+02 +1.088804124e+02
104480 0 +2.843761199e-04 +1.088802844e+02 +1.088802844e+02
104497 0 +2.770200622e-04 +1.088802770e+02 +1.088802770e+02
104502 0 +2.265753472e-04 +1.088802266e+02 +1.088802266e+02
104524 0 +2.179698486e-04 +1.088802180e+02 +1.088802180e+02
104532 0 +1.653985625e-04 +1.088801654e+02 +1.088801654e+02
104588 0 +1.532935532e-04 +1.088801533e+02 +1.088801533e+02
104624 0 +1.401226208e-04 +1.088801401e+02 +1.088801401e+02
104630 0 +1.012238663e-04 +1.088801012e+02 +1.088801012e+02
104702 0 +9.564130427e-05 +1.088800956e+02 +1.088800956e+02
104756 0 +8.476135901e-05 +1.088800848e+02 +1.088800848e+02
104969 0 +7.375437859e-05 +1.088800738e+02 +1.088800738e+02
104981 0 +6.681586235e-05 +1.088800668e+02 +1.088800668e+02
104992 0 +5.892727545e-05 +1.088800589e+02 +1.088800589e+02
104997 0 +5.197233747e-05 +1.088800520e+02 +1.088800520e+02
105003 0 +4.934989283e-05 +1.088800493e+02 +1.088800493e+02
105016 0 +2.783814340e-05 +1.088800278e+02 +1.088800278e+02
105053 0 +2.457402974e-05 +1.088800246e+02 +1.088800246e+02
105062 0 +2.201535615e-05 +1.088800220e+02 +1.088800220e+02
105063 0 +1.852741438e-05 +1.088800185e+02 +1.088800185e+02
105094 0 +1.777391228e-05 +1.088800178e+02 +1.088800178e+02
105125 0 +9.606336249e-06 +1.088800096e+02 +1.088800096e+02
105135 0 +8.201429452e-06 +1.088800082e+02 +1.088800082e+02
105188 0 +7.170494598e-06 +1.088800072e+02 +1.088800072e+02
105193 0 +6.931312214e-06 +1.088800069e+02 +1.088800069e+02
105297 0 +6.302116759e-06 +1.088800063e+02 +1.088800063e+02
105332 0 +4.951398310e-06 +1.088800050e+02 +1.088800050e+02
105470 0 +3.024774500e-06 +1.088800030e+02 +1.088800030e+02
105475 0 +2.459091007e-06 +1.088800025e+02 +1.088800025e+02
105536 0 +2.111373860e-06 +1.088800021e+02 +1.088800021e+02
105540 0 +1.663829977e-06 +1.088800017e+02 +1.088800017e+02
105553 0 +1.550259711e-06 +1.088800016e+02 +1.088800016e+02
105594 0 +1.157167489e-06 +1.088800012e+02 +1.088800012e+02
105620 0 +1.028770839e-06 +1.088800010e+02 +1.088800010e+02
105627 0 +8.831647165e-07 +1.088800009e+02 +1.088800009e+02
105701 0 +7.587121615e-07 +1.088800008e+02 +1.088800008e+02
105762 0 +6.567111228e-07 +1.088800007e+02 +1.088800007e+02
105763 0 +5.918225554e-07 +1.088800006e+02 +1.088800006e+02
105804 0 +5.390537154e-07 +1.088800005e+02 +1.088800005e+02
106006 0 +4.748898590e-07 +1.088800005e+02 +1.088800005e+02
106021 0 +4.427567148e-07 +1.088800004e+02 +1.088800004e+02
106037 0 +3.886300703e-07 +1.088800004e+02 +1.088800004e+02
106043 0 +3.351697302e-07 +1.088800003e+02 +1.088800003e+02
106048 0 +2.907297159e-07 +1.088800003e+02 +1.088800003e+02
106050 0 +2.752692438e-07 +1.088800003e+02 +1.088800003e+02
106056 0 +2.001624750e-07 +1.088800002e+02 +1.088800002e+02
106061 0 +1.774562861e-07 +1.088800002e+02 +1.088800002e+02
106102 0 +1.557523177e-07 +1.088800002e+02 +1.088800002e+02
106131 0 +1.341736606e-07 +1.088800001e+02 +1.088800001e+02
106145 0 +1.238578022e-07 +1.088800001e+02 +1.088800001e+02
106194 0 +1.051576106e-07 +1.088800001e+02 +1.088800001e+02
106219 0 +8.361706705e-08 +1.088800001e+02 +1.088800001e+02
106233 0 +7.474517361e-08 +1.088800001e+02 +1.088800001e+02
106237 0 +7.049230533e-08 +1.088800001e+02 +1.088800001e+02
106239 0 +6.114761675e-08 +1.088800001e+02 +1.088800001e+02
106252 0 +5.421510707e-08 +1.088800001e+02 +1.088800001e+02
106256 0 +4.875023762e-08 +1.088800000e+02 +1.088800000e+02
106318 0 +2.703986013e-08 +1.088800000e+02 +1.088800000e+02
106414 0 +2.377844055e-08 +1.088800000e+02 +1.088800000e+02
106429 0 +2.107114483e-08 +1.088800000e+02 +1.088800000e+02
106442 0 +1.877216960e-08 +1.088800000e+02 +1.088800000e+02
106456 0 +1.745432598e-08 +1.088800000e+02 +1.088800000e+02
106472 0 +1.378202796e-08 +1.088800000e+02 +1.088800000e+02
106480 0 +1.242567294e-08 +1.088800000e+02 +1.088800000e+02
106507 0 +1.072928058e-08 +1.088800000e+02 +1.088800000e+02
106517 0 +5.840320227e-09 +1.088800000e+02 +1.088800000e+02
108134 0 +9.521272659e-13 +1.088800000e+02 +1.088800000e+02
400000 0 +4.263256415e-14 +1.088800000e+02 +1.088800000e+02
% f evaluations | g evaluations | best noise-free fitness - Fopt (1.112000000000e+01) + sum g_i+ | measured fitness | best measured fitness or single-digit g-values | x1 | x2...
1 0 +7.970090622e+01 +9.082090622e+01 +9.082090622e+01
260 0 +7.625501472e+01 +8.737501472e+01 +8.737501472e+01
44772 0 +7.030399489e+01 +8.142399489e+01 +8.142399489e+01
102830 0 +6.235893673e+01 +7.347893673e+01 +7.347893673e+01
102856 0 +5.570008379e+01 +6.682008379e+01 +6.682008379e+01
102870 0 +4.969676917e+01 +6.081676917e+01 +6.081676917e+01
102880 0 +4.195960479e+01 +5.307960479e+01 +5.307960479e+01
102899 0 +3.911949732e+01 +5.023949732e+01 +5.023949732e+01
102904 0 +3.519332297e+01 +4.631332297e+01 +4.631332297e+01
102913 0 +3.097918065e+01 +4.209918065e+01 +4.209918065e+01
102960 0 +2.740659962e+01 +3.852659962e+01 +3.852659962e+01
102984 0 +2.333237906e+01 +3.445237906e+01 +3.445237906e+01
102987 0 +2.104687595e+01 +3.216687595e+01 +3.216687595e+01
103007 0 +1.915503677e+01 +3.027503677e+01 +3.027503677e+01
103019 0 +1.742930786e+01 +2.854930786e+01 +2.854930786e+01
103064 0 +1.502671417e+01 +2.614671417e+01 +2.614671417e+01
103065 0 +1.402539554e+01 +2.514539554e+01 +2.514539554e+01
103083 0 +1.164987466e+01 +2.276987466e+01 +2.276987466e+01
103145 0 +1.082492402e+01 +2.194492402e+01 +2.194492402e+01
103171 0 +9.811685340e+00 +2.093168534e+01 +2.093168534e+01
103237 0 +8.737611652e+00 +1.985761165e+01 +1.985761165e+01
103280 0 +7.935729537e+00 +1.905572954e+01 +1.905572954e+01
103460 0 +6.815539732e+00 +1.793553973e+01 +1.793553973e+01
103613 0 +6.255349664e+00 +1.737534966e+01 +1.737534966e+01
103630 0 +5.561487754e+00 +1.668148775e+01 +1.668148775e+01
103672 0 +4.993659230e+00 +1.611365923e+01 +1.611365923e+01
103716 0 +4.375908179e+00 +1.549590818e+01 +1.549590818e+01
103736 0 +3.864330990e+00 +1.498433099e+01 +1.498433099e+01
103953 0 +3.503557813e+00 +1.462355781e+01 +1.462355781e+01
103984 0 +3.132280069e+00 +1.425228007e+01 +1.425228007e+01
104064 0 +2.766325592e+00 +1.388632559e+01 +1.388632559e+01
104224 0 +2.508552333e+00 +1.362855233e+01 +1.362855233e+01
104801 0 +2.237941456e+00 +1.335794146e+01 +1.335794146e+01
400000 0 +2.118634928e+00 +1.323863493e+01 +1.323863493e+01
