% f evaluations | g evaluations | best noise-free fitness - Fopt (1.238300000000e+02) + sum g_i+ | measured fitness | best measured fitness or single-digit g-values | x1 | x2...
1 0 +5.850000000e+01 +1.823300000e+02 +1.823300000e+02
154 0 +5.831153149e+01 +1.821415315e+02 +1.821415315e+02
174 0 +5.541437147e+01 +1.792443715e+02 +1.792443715e+02
275 0 +4.646011727e+01 +1.702901173e+02 +1.702901173e+02
280 0 +3.737404313e+01 +1.612040431e+02 +1.612040431e+02
367 0 +2.608349837e+01 +1.499134984e+02 +1.499134984e+02
416 0 +1.980764784e+01 +1.436376478e+02 +1.436376478e+02
475 0 +1.769328566e+01 +1.415232857e+02 +1.415232857e+02
485 0 +1.437502166e+01 +1.382050217e+02 +1.382050217e+02
525 0 +1.366918817e+01 +1.374991882e+02 +1.374991882e+02
526 0 +1.047609336e+01 +1.343060934e+02 +1.343060934e+02
561 0 +9.645539951e+00 +1.334755400e+02 +1.334755400e+02
564 0 +8.771246541e+00 +1.326012465e+02 +1.326012465e+02
596 0 +8.497756501e+00 +1.323277565e+02 +1.323277565e+02
% f evaluations | g evaluations | best noise-free fitness - Fopt (4.751000000000e+01) + sum g_i+ | measured fitness | best measured fitness or single-digit g-values | x1 | x2...
1 0 +5.850000000e+01 +1.060100000e+02 +1.060100000e+02
163 0 +5.818735964e+01 +1.056973596e+02 +1.056973596e+02
165 0 +5.574475338e+01 +1.032547534e+02 +1.032547534e+02
271 0 +4.764188748e+01 +9.515188748e+01 +9.515188748e+01
311 0 +3.921411854e+01 +8.672411854e+01 +8.672411854e+01
401 0 +2.921768186e+01 +7.672768186e+01 +7.672768186e+01
481 0 +2.438542822e+01 +7.189542822e+01 +7.189542822e+01
489 0 +2.131534343e+01 +6.882534343e+01 +6.882534343e+01
523 0 +1.856572788e+01 +6.607572788e+01 +6.607572788e+01
531 0 +1.748446985e+01 +6.499446985e+01 +6.499446985e+01
555 0 +1.524796385e+01 +6.275796385e+01 +6.275796385e+01
591 0 +1.198973754e+01 +5.949973754e+01 +5.949973754e+01
604 0 +1.198973754e+01 +5.949973754e+01 +5.949973754e+01
% f evaluations | g evaluations | best noise-free fitness - Fopt (5.534000000000e+01) + sum g_i+ | measured fitness | best measured fitness or single-digit g-values | x1 | x2...
1 0 +5.850000000e+01 +1.138400000e+02 +1.138400000e+02
99 0 +5.234803001e+01 +1.076880300e+02 +1.076880300e+02
203 0 +4.499022818e+01 +1.003302282e+02 +1.003302282e+02
247 0 +3.923946914e+01 +9.457946914e+01 +9.457946914e+01
313 0 +3.314340628e+01 +8.848340628e+01 +8.848340628e+01
325 0 +3.131701829e+01 +8.665701829e+01 +8.665701829e+01
373 0 +2.345781352e+01 +7.879781352e+01 +7.879781352e+01
470 0 +2.272151296e+01 +7.806151296e+01 +7.806151296e+01
% f evaluations | g evaluations | best noise-free fitness - Fopt (-9.033000000000e+01) + sum g_i+ | measured fitness | best measured fitness or single-digit g-values | x1 | x2...
1 0 +5.850000000e+01 -3.183000000e+01 -3.183000000e+01
155 0 +5.756408816e+01 -3.276591184e+01 -3.276591184e+01
160 0 +4.174427899e+01 -4.858572101e+01 -4.858572101e+01
219 0 +3.690786643e+01 -5.342213357e+01 -5.342213357e+01
336 0 +3.494293803e+01 -5.538706197e+01 -5.538706197e+01
384 0 +3.063769180e+01 -5.969230820e+01 -5.969230820e+01
432 0 +2.582794084e+01 -6.450205916e+01 -6.450205916e+01
460 0 +2.427449411e+01 -6.605550589e+01 -6.605550589e+01
464 0 +2.427449411e+01 -6.605550589e+01 -6.605550589e+01
% f evaluations | g evaluations | best noise-free fitness - Fopt (6.561000000000e+01) + sum g_i+ | measured fitness | best measured fitness or single-digit g-values | x1 | x2...
1 0 +5.850000000e+01 +1.241100000e+02 +1.241100000e+02
98 0 +5.245517574e+01 +1.180651757e+02 +1.180651757e+02
106 0 +4.910242099e+01 +1.147124210e+02 +1.147124210e+02
152 0 +4.117932373e+01 +1.067893237e+02 +1.067893237e+02
246 0 +3.405819326e+01 +9.966819326e+01 +9.966819326e+01
332 0 +2.798659690e+01 +9.359659690e+01 +9.359659690e+01
394 0 +2.425087130e+01 +8.986087130e+01 +8.986087130e+01
430 0 +2.228016685e+01 +8.789016685e+01 +8.789016685e+01
438 0 +1.809541018e+01 +8.370541018e+01 +8.370541018e+01
480 0 +1.649980386e+01 +8.210980386e+01 +8.210980386e+01
492 0 +1.649980386e+01 +8.210980386e+01 +8.210980386e+01
% f evaluations | g evaluations | best noise-free fitness - Fopt (-1.304400000000e+02) + sum g_i+ | measured fitness | best measured fitness or single-digit g-values | x1 | x2...
1 0 +5.850000000e+01 -7.194000000e+01 -7.194000000e+01
147 0 +5.564465980e+01 -7.479534020e+01 -7.479534020e+01
211 0 +4.484402626e+01 -8.559597374e+01 -8.559597374e+01
222 0 +4.301737182e+01 -8.742262818e+01 -8.742262818e+01
282 0 +3.616297994e+01 -9.427702006e+01 -9.427702006e+01
338 0 +3.127004269e+01 -9.916995731e+01 -9.916995731e+01
389 0 +2.579784326e+01 -1.046421567e+02 -1.046421567e+02
442 0 +2.182901519e+01 -1.086109848e+02 -1.086109848e+02
492 0 +1.901409671e+01 -1.114259033e+02 -1.114259033e+02
539 0 +1.757183408e+01 -1.128681659e+02 -1.128681659e+02
550 0 +1.703248423e+01 -1.134075158e+02 -1.134075158e+02
% f evaluations | g evaluations | best noise-free fitness - Fopt (4.949800000000e+02) + sum g_i+ | measured fitness | best measured fitness or single-digit g-values | x1 | x2...
1 0 +5.850000000e+01 +5.534800000e+02 +5.534800000e+02
149 0 +4.428646937e+01 +5.392664694e+02 +5.392664694e+02
271 0 +3.910371612e+01 +5.340837161e+02 +5.340837161e+02
315 0 +3.472853130e+01 +5.297085313e+02 +5.297085313e+02
374 0 +3.150693676e+01 +5.264869368e+02 +5.264869368e+02
403 0 +2.809789205e+01 +5.230778921e+02 +5.230778921e+02
412 0 +2.809789205e+01 +5.230778921e+02 +5.230778921e+02
% f evaluations | g evaluations | best noise-free fitness - Fopt (4.685000000000e+01) + sum g_i+ | measured fitness | best measured fitness or single-digit g-values | x1 | x2...
1 0 +5.850000000e+01 +1.053500000e+02 +1.053500000e+02
94 0 +5.781773520e+01 +1.046677352e+02 +1.046677352e+02
97 0 +4.795597859e+01 +9.480597859e+01 +9.480597859e+01
156 0 +3.930646708e+01 +8.615646708e+01 +8.615646708e+01
255 0 +3.345347317e+01 +8.030347317e+01 +8.030347317e+01
315 0 +2.862577407e+01 +7.547577407e+01 +7.547577407e+01
365 0 +2.418251193e+01 +7.103251193e+01 +7.103251193e+01
416 0 +2.394876374e+01 +7.079876374e+01 +7.079876374e+01
% f evaluations | g evaluations | best noise-free fitness - Fopt (1.046400000000e+02) + sum g_i+ | measured fitness | best measured fitness or single-digit g-values | x1 | x2...
1 0 +5.850000000e+01 +1.631400000e+02 +1.631400000e+02
99 0 +5.567824958e+01 +1.603182496e+02 +1.603182496e+02
147 0 +4.776416223e+01 +1.524041622e+02 +1.524041622e+02
250 0 +4.234064859e+01 +1.469806486e+02 +1.469806486e+02
294 0 +3.503240307e+01 +1.396724031e+02 +1.396724031e+02
343 0 +3.062562132e+01 +1.352656213e+02 +1.352656213e+02
347 0 +2.764596955e+01 +1.322859695e+02 +1.322859695e+02
385 0 +2.334386377e+01 +1.279838638e+02 +1.279838638e+02
451 0 +1.925257542e+01 +1.238925754e+02 +1.238925754e+02
497 0 +1.679908748e+01 +1.214390875e+02 +1.214390875e+02
548 0 +1.506071703e+01 +1.197007170e+02 +1.197007170e+02
573 0 +1.287177296e+01 +1.175117730e+02 +1.175117730e+02
584 0 +1.287177296e+01 +1.175117730e+02 +1.175117730e+02
% f evaluations | g evaluations | best noise-free fitness - Fopt (1.965900000000e+02) + sum g_i+ | measured fitness | best measured fitness or single-digit g-values | x1 | x2...
1 0 +5.850000000e+01 +2.550900000e+02 +2.550900000e+02
96 0 +5.716672036e+01 +2.537567204e+02 +2.537567204e+02
100 0 +5.581799727e+01 +2.524079973e+02 +2.524079973e+02
237 0 +3.253291330e+01 +2.291229133e+02 +2.291229133e+02
304 0 +3.067365975e+01 +2.272636598e+02 +2.272636598e+02
352 0 +2.618434798e+01 +2.227743480e+02 +2.227743480e+02
380 0 +2.355182750e+01 +2.201418275e+02 +2.201418275e+02
448 0 +2.048549954e+01 +2.170754995e+02 +2.170754995e+02
450 0 +1.858868679e+01 +2.151786868e+02 +2.151786868e+02
488 0 +1.638380520e+01 +2.129738052e+02 +2.129738052e+02
499 0 +1.562314975e+01 +2.122131497e+02 +2.122131497e+02
532 0 +1.317220725e+01 +2.097622072e+02 +2.097622072e+02
568 0 +1.114516713e+01 +2.077351671e+02 +2.077351671e+02
580 0 +1.114516713e+01 +2.077351671e+02 +2.077351671e+02
% f evaluations | g evaluations | best noise-free fitness - Fopt (1.461600000000e+02) + sum g_i+ | measured fitness | best measured fitness or single-digit g-values | x1 | x2...
1 0 +5.850000000e+01 +2.046600000e+02 +2.046600000e+02
106 0 +5.788919901e+01 +2.040491990e+02 +2.040491990e+02
158 0 +4.949389168e+01 +1.956538917e+02 +1.956538917e+02
205 0 +4.406640915e+01 +1.902264092e+02 +1.902264092e+02
323 0 +3.559955663e+01 +1.817595566e+02 +1.817595566e+02
343 0 +3.114028963e+01 +1.773002896e+02 +1.773002896e+02
427 0 +2.805271773e+01 +1.742127177e+02 +1.742127177e+02
431 0 +2.451127808e+01 +1.706712781e+02 +1.706712781e+02
476 0 +2.067996689e+01 +1.668399669e+02 +1.668399669e+02
480 0 +2.067996689e+01 +1.668399669e+02 +1.668399669e+02
% f evaluations | g evaluations | best noise-free fitness - Fopt (-7.469000000000e+01) + sum g_i+ | measured fitness | best measured fitness or single-digit g-values | x1 | x2...
1 0 +5.850000000e+01 -1.619000000e+01 -1.619000000e+01
56 0 +5.715413680e+01 -1.753586320e+01 -1.753586320e+01
124 0 +5.151593424e+01 -2.317406576e+01 -2.317406576e+01
142 0 +4.942323544e+01 -2.526676456e+01 -2.526676456e+01
174 0 +3.605199689e+01 -3.863800311e+01 -3.863800311e+01
214 0 +2.767723605e+01 -4.701276395e+01 -4.701276395e+01
263 0 +2.203211104e+01 -5.265788896e+01 -5.265788896e+01
296 0 +1.852527987e+01 -5.616472013e+01 -5.616472013e+01
301 0 +1.492003926e+01 -5.976996074e+01 -5.976996074e+01
366 0 +1.275549594e+01 -6.193450406e+01 -6.193450406e+01
411 0 +1.146084039e+01 -6.322915961e+01 -6.322915961e+01
456 0 +1.109591488e+01 -6.359408512e+01 -6.359408512e+01
490 0 +9.768758614e+00 -6.492124139e+01 -6.492124139e+01
502 0 +9.768758614e+00 -6.492124139e+01 -6.492124139e+01
% f evaluations | g evaluations | best noise-free fitness - Fopt (1.853000000000e+01) + sum g_i+ | measured fitness | best measured fitness or single-digit g-values | x1 | x2...
1 0 +5.850000000e+01 +7.703000000e+01 +7.703000000e+01
106 0 +5.179498596e+01 +7.032498596e+01 +7.032498596e+01
239 0 +4.964887969e+01 +6.817887969e+01 +6.817887969e+01
240 0 +4.040234945e+01 +5.893234945e+01 +5.893234945e+01
297 0 +3.821836782e+01 +5.674836782e+01 +5.674836782e+01
395 0 +3.519612844e+01 +5.372612844e+01 +5.372612844e+01
405 0 +2.981127525e+01 +4.834127525e+01 +4.834127525e+01
438 0 +2.620232060e+01 +4.473232060e+01 +4.473232060e+01
480 0 +2.209398109e+01 +4.062398109e+01 +4.062398109e+01
544 0 +1.995493541e+01 +3.848493541e+01 +3.848493541e+01
% f evaluations | g evaluations | best noise-free fitness - Fopt (-3.444000000000e+01) + sum g_i+ | measured fitness | best measured fitness or single-digit g-values | x1 | x2...
1 0 +5.850000000e+01 +2.406000000e+01 +2.406000000e+01
99 0 +5.607806696e+01 +2.163806696e+01 +2.163806696e+01
280 0 +4.908336813e+01 +1.464336813e+01 +1.464336813e+01
317 0 +4.466673974e+01 +1.022673974e+01 +1.022673974e+01
373 0 +3.223177769e+01 -2.208222305e+00 -2.208222305e+00
403 0 +2.660845100e+01 -7.831549000e+00 -7.831549000e+00
456 0 +2.408421119e+01 -1.035578881e+01 -1.035578881e+01
461 0 +1.959812271e+01 -1.484187729e+01 -1.484187729e+01
496 0 +1.771256658e+01 -1.672743342e+01 -1.672743342e+01
547 0 +1.401689041e+01 -2.042310959e+01 -2.042310959e+01
585 0 +1.168462513e+01 -2.275537487e+01 -2.275537487e+01
590 0 +8.767598052e+00 -2.567240195e+01 -2.567240195e+01
592 0 +8.767598052e+00 -2.567240195e+01 -2.567240195e+01
% f evaluations | g evaluations | best noise-free fitness - Fopt (7.741000000000e+01) + sum g_i+ | measured fitness | best measured fitness or single-digit g-values | x1 | x2...
1 0 +5.850000000e+01 +1.359100000e+02 +1.359100000e+02
106 0 +5.374402974e+01 +1.311540297e+02 +1.311540297e+02
144 0 +4.759206869e+01 +1.250020687e+02 +1.250020687e+02
193 0 +3.751671580e+01 +1.149267158e+02 +1.149267158e+02
269 0 +2.859565173e+01 +1.060056517e+02 +1.060056517e+02
350 0 +2.705572280e+01 +1.044657228e+02 +1.044657228e+02
362 0 +2.433935547e+01 +1.017493555e+02 +1.017493555e+02
408 0 +2.227347638e+01 +9.968347638e+01 +9.968347638e+01
466 0 +1.798527535e+01 +9.539527535e+01 +9.539527535e+01
504 0 +1.541470969e+01 +9.282470969e+01 +9.282470969e+01
518 0 +1.541470969e+01 +9.282470969e+01 +9.282470969e+01
