% f evaluations | g evaluations | best noise-free fitness - Fopt (1.238300000000e+02) + sum g_i+ | measured fitness | best measured fitness or single-digit g-values | x1 | x2...
1 0 +1.300000000e+01 +1.368300000e+02 +1.368300000e+02 +0.0000e+00 +0.0000e+00 +0.0000e+00
15 0 +3.114144174e+00 +1.269441442e+02 +1.269441442e+02 +0.0000e+00 -1.1111e+00 +0.0000e+00
72 0 +2.691211305e+00 +1.265212113e+02 +1.265212113e+02 -1.2346e-01 -1.0700e+00 +0.0000e+00
139 0 +2.097754112e+00 +1.259277541e+02 +1.259277541e+02 -3.7037e-01 -7.4074e-01 -1.2346e-01
163 0 +1.833392323e+00 +1.256633923e+02 +1.256633923e+02 -4.9383e-01 -6.1728e-01 -1.2346e-01
176 0 +1.684436747e+00 +1.255144367e+02 +1.255144367e+02 -4.5267e-01 -6.1728e-01 -1.2346e-01
189 0 +1.345881504e+00 +1.251758815e+02 +1.251758815e+02 -4.9383e-01 -3.7037e-01 +0.0000e+00
202 0 +1.028717576e+00 +1.248587176e+02 +1.248587176e+02 -4.9383e-01 -2.4691e-01 +0.0000e+00
218 0 +8.885750592e-01 +1.247185751e+02 +1.247185751e+02 -4.5267e-01 -2.4691e-01 +0.0000e+00
252 0 +5.635870694e-01 +1.243935871e+02 +1.243935871e+02 -3.7037e-01 +0.0000e+00 +1.2346e-01
290 0 +4.165028205e-01 +1.242465028e+02 +1.242465028e+02 -3.2922e-01 +4.1152e-02 +1.2346e-01
310 0 +3.571989877e-01 +1.241871990e+02 +1.241871990e+02 -2.4691e-01 +1.2346e-01 +1.2346e-01
333 0 +3.545864510e-01 +1.241845865e+02 +1.241845865e+02 -2.8807e-01 +8.2305e-02 +1.2346e-01
367 0 +3.049162059e-01 +1.241349162e+02 +1.241349162e+02 -2.6063e-01 +1.2346e-01 +1.3717e-01
508 0 +2.719109266e-01 +1.241019109e+02 +1.241019109e+02 -2.3320e-01 +1.6461e-01 +1.5089e-01
678 0 +1.939165507e-01 +1.240239166e+02 +1.240239166e+02 +1.1248e+00 +1.2757e+00 +0.0000e+00
682 0 +1.572145409e-01 +1.239872145e+02 +1.239872145e+02 +1.1111e+00 +1.2757e+00 +1.3717e-02
715 0 +1.385930283e-01 +1.239685930e+02 +1.239685930e+02 +1.0974e+00 +1.2620e+00 +1.3717e-02
1035 0 +1.222107745e-01 +1.239522108e+02 +1.239522108e+02 -4.1152e-02 +3.7037e-01 +1.6461e-01
1064 0 +1.056379684e-01 +1.239356380e+02 +1.239356380e+02 +1.3717e-02 +4.1152e-01 +1.6461e-01
1068 0 +9.254864198e-02 +1.239225486e+02 +1.239225486e+02 +0.0000e+00 +4.1152e-01 +1.7833e-01
1110 0 +8.476741533e-02 +1.239147674e+02 +1.239147674e+02 +1.3717e-02 +4.2524e-01 +1.7833e-01
1177 0 +7.748783472e-02 +1.239074878e+02 +1.239074878e+02 +1.3717e-02 +4.2524e-01 +1.7375e-01
1288 0 +6.292542985e-02 +1.238929254e+02 +1.238929254e+02 +8.2305e-02 +4.9383e-01 +1.7833e-01
1338 0 +4.865717681e-02 +1.238786572e+02 +1.238786572e+02 +1.6461e-01 +5.4870e-01 +1.6461e-01
1411 0 +3.080237424e-02 +1.238608024e+02 +1.238608024e+02 +1.5089e-01 +5.4870e-01 +1.7375e-01
1619 0 +2.775035285e-02 +1.238577504e+02 +1.238577504e+02 +1.6004e-01 +5.5327e-01 +1.6918e-01
1747 0 +2.220337510e-02 +1.238522034e+02 +1.238522034e+02 +6.5386e-01 +9.4650e-01 +1.0974e-01
1830 0 +6.390888742e-04 +1.238306391e+02 +1.238306391e+02 +3.8409e-01 +7.4074e-01 +1.5089e-01
4075 0 +5.020225827e-04 +1.238305020e+02 +1.238305020e+02 +4.2067e-01 +7.6818e-01 +1.4632e-01
4076 0 +2.512399283e-04 +1.238302512e+02 +1.238302512e+02 +4.2524e-01 +7.7275e-01 +1.4632e-01
5500 0 +7.898155687e-05 +1.238300790e+02 +1.238300790e+02 +3.9018e-01 +7.4531e-01 +1.5089e-01
6957 0 +5.303999316e-06 +1.238300053e+02 +1.238300053e+02 +4.0238e-01 +7.5446e-01 +1.4937e-01
16564 0 +5.303999316e-06 +1.238300053e+02 +1.238300053e+02 +4.0238e-01 +7.5446e-01 +1.4937e-01
% f evaluations | g evaluations | best noise-free fitness - Fopt (4.751000000000e+01) + sum g_i+ | measured fitness | best measured fitness or single-digit g-values | x1 | x2...
1 0 +1.300000000e+01 +6.051000000e+01 +6.051000000e+01 +0.0000e+00 +0.0000e+00 +0.0000e+00
29 0 +9.028166981e+00 +5.653816698e+01 +5.653816698e+01 +0.0000e+00 -3.7037e-01 +0.0000e+00
39 0 +3.806026346e+00 +5.131602635e+01 +5.131602635e+01 +0.0000e+00 -3.7037e-01 -3.7037e-01
52 0 +3.318347543e+00 +5.082834754e+01 +5.082834754e+01 +1.2346e-01 -3.7037e-01 -3.7037e-01
55 0 +2.161118983e+00 +4.967111898e+01 +4.967111898e+01 +0.0000e+00 -4.9383e-01 -3.7037e-01
64 0 +1.358808454e+00 +4.886880845e+01 +4.886880845e+01 +1.2346e-01 -4.9383e-01 -3.7037e-01
80 0 +1.044809903e+00 +4.855480990e+01 +4.855480990e+01 +1.2346e-01 -4.9383e-01 -2.4691e-01
110 0 +9.859993719e-01 +4.849599937e+01 +4.849599937e+01 +1.2346e-01 -4.5267e-01 -2.0576e-01
133 0 +8.609522646e-01 +4.837095226e+01 +4.837095226e+01 +1.5089e-01 -4.5267e-01 -2.0576e-01
383 0 +6.784577210e-01 +4.818845772e+01 +4.818845772e+01 +1.2346e-01 +9.8765e-01 +8.2305e-01
405 0 +1.374485818e-01 +4.764744858e+01 +4.764744858e+01 +8.2305e-02 +9.8765e-01 +8.2305e-01
412 0 +1.203322066e-01 +4.763033221e+01 +4.763033221e+01 +8.2305e-02 +1.0288e+00 +8.2305e-01
433 0 +9.348495629e-02 +4.760348496e+01 +4.760348496e+01 +8.2305e-02 +1.0151e+00 +8.2305e-01
434 0 +8.167924815e-02 +4.759167925e+01 +4.759167925e+01 +8.2305e-02 +1.0288e+00 +8.3676e-01
444 0 +6.901704658e-02 +4.757901705e+01 +4.757901705e+01 +8.2305e-02 +1.0425e+00 +8.3676e-01
476 0 +6.093147063e-02 +4.757093147e+01 +4.757093147e+01 +8.6877e-02 +1.0425e+00 +8.3676e-01
499 0 +5.531323471e-02 +4.756531323e+01 +4.756531323e+01 +8.6877e-02 +1.0380e+00 +8.3676e-01
572 0 +4.621754159e-02 +4.755621754e+01 +4.755621754e+01 +9.1449e-02 +9.9223e-01 +8.2305e-01
642 0 +4.435087620e-02 +4.755435088e+01 +4.755435088e+01 +9.6022e-02 +9.7394e-01 +8.1390e-01
1141 0 +3.629820515e-02 +4.754629821e+01 +4.754629821e+01 +1.0974e-01 +7.8189e-01 +7.4074e-01
1155 0 +1.860024776e-02 +4.752860025e+01 +4.752860025e+01 +1.2346e-01 +6.9959e-01 +6.9959e-01
1189 0 +7.937223670e-03 +4.751793722e+01 +4.751793722e+01 +1.2346e-01 +6.8587e-01 +6.9959e-01
1243 0 +5.558826830e-03 +4.751555883e+01 +4.751555883e+01 +1.2803e-01 +6.8130e-01 +6.9959e-01
1435 0 +3.005652357e-03 +4.751300565e+01 +4.751300565e+01 +1.3260e-01 +6.1728e-01 +6.7215e-01
1456 0 +1.052959845e-03 +4.751105296e+01 +4.751105296e+01 +1.3260e-01 +6.2186e-01 +6.7215e-01
1628 0 +8.708905062e-04 +4.751087089e+01 +4.751087089e+01 +1.3717e-01 +5.8985e-01 +6.5844e-01
1949 0 +6.120847796e-04 +4.751061208e+01 +4.751061208e+01 +1.3565e-01 +5.8985e-01 +6.5844e-01
1970 0 +3.128096696e-04 +4.751031281e+01 +4.751031281e+01 +1.3565e-01 +5.9137e-01 +6.5844e-01
2143 0 +2.185132022e-04 +4.751021851e+01 +4.751021851e+01 +1.3870e-01 +5.7004e-01 +6.4929e-01
2158 0 +1.342943857e-04 +4.751013429e+01 +4.751013429e+01 +1.3717e-01 +5.8070e-01 +6.5386e-01
3212 0 +8.040341307e-05 +4.751008040e+01 +4.751008040e+01 +1.3870e-01 +5.6241e-01 +6.4472e-01
3286 0 +5.324414207e-05 +4.751005324e+01 +4.751005324e+01 +1.3870e-01 +5.6394e-01 +6.4624e-01
17512 0 +5.324414207e-05 +4.751005324e+01 +4.751005324e+01 +1.3870e-01 +5.6394e-01 +6.4624e-01
% f evaluations | g evaluations | best noise-free fitness - Fopt (5.534000000000e+01) + sum g_i+ | measured fitness | best measured fitness or single-digit g-values | x1 | x2...
1 0 +1.300000000e+01 +6.834000000e+01 +6.834000000e+01 +0.0000e+00 +0.0000e+00 +0.0000e+00
27 0 +4.451027745e+00 +5.979102775e+01 +5.979102775e+01 +0.0000e+00 -3.7037e-01 +0.0000e+00
52 0 +5.333680746e-01 +5.587336807e+01 +5.587336807e+01 +0.0000e+00 -3.7037e-01 +1.2346e-01
75 0 +1.357533069e-01 +5.547575331e+01 +5.547575331e+01 -4.1152e-02 -3.7037e-01 +1.2346e-01
177 0 +1.237862021e-01 +5.546378620e+01 +5.546378620e+01 -5.4870e-02 -3.6123e-01 +1.2346e-01
259 0 +1.080410624e-01 +5.544804106e+01 +5.544804106e+01 -2.7435e-02 -3.8866e-01 +1.0974e-01
372 0 +9.054664759e-02 +5.543054665e+01 +5.543054665e+01 +4.1152e-02 -4.5267e-01 +8.2305e-02
399 0 +7.419492408e-02 +5.541419492e+01 +5.541419492e+01 +4.1152e-02 -4.6639e-01 +8.2305e-02
440 0 +6.843547115e-02 +5.540843547e+01 +5.540843547e+01 +4.5725e-02 -4.6639e-01 +8.2305e-02
741 0 +6.164730719e-02 +5.540164731e+01 +5.540164731e+01 +5.9442e-02 -4.8011e-01 +7.7732e-02
912 0 +2.504389756e-02 +5.536504390e+01 +5.536504390e+01 +4.1152e-01 -7.8189e-01 -4.1152e-02
941 0 +1.700191920e-02 +5.535700192e+01 +5.535700192e+01 +3.9781e-01 -7.8189e-01 -4.1152e-02
960 0 +7.079827749e-03 +5.534707983e+01 +5.534707983e+01 +3.9781e-01 -7.6818e-01 -4.1152e-02
985 0 +5.179553371e-04 +5.534051796e+01 +5.534051796e+01 +3.9323e-01 -7.6818e-01 -4.1152e-02
1311 0 +2.253283041e-04 +5.534022533e+01 +5.534022533e+01 +3.9171e-01 -7.6818e-01 -4.1152e-02
1313 0 +1.756261774e-06 +5.534000176e+01 +5.534000176e+01 +3.9323e-01 -7.6970e-01 -4.1152e-02
17614 0 +1.756261774e-06 +5.534000176e+01 +5.534000176e+01 +3.9323e-01 -7.6970e-01 -4.1152e-02
% f evaluations | g evaluations | best noise-free fitness - Fopt (-9.033000000000e+01) + sum g_i+ | measured fitness | best measured fitness or single-digit g-values | x1 | x2...
1 0 +1.300000000e+01 -7.733000000e+01 -7.733000000e+01 +0.0000e+00 +0.0000e+00 +0.0000e+00
26 0 +9.729081172e-01 -8.935709188e+01 -8.935709188e+01 +0.0000e+00 +3.7037e-01 +0.0000e+00
62 0 +5.928394950e-01 -8.973716051e+01 -8.973716051e+01 +4.1152e-02 +3.7037e-01 +0.0000e+00
79 0 +3.545655016e-01 -8.997543450e+01 -8.997543450e+01 +4.1152e-02 +3.2922e-01 +0.0000e+00
150 0 +3.159788092e-01 -9.001402119e+01 -9.001402119e+01 +1.3717e-02 +3.1550e-01 +4.1152e-02
559 0 +2.288282140e-01 -9.010117179e+01 -9.010117179e+01 -5.4870e-02 +2.8807e-01 +1.2346e-01
634 0 +2.222491098e-01 -9.010775089e+01 -9.010775089e+01 -5.9442e-02 +2.8807e-01 +1.2803e-01
743 0 +1.991698928e-01 -9.013083011e+01 -9.013083011e+01 -9.6022e-02 +2.7435e-01 +1.6461e-01
1040 0 +1.615532299e-01 -9.016844677e+01 -9.016844677e+01 -3.2922e-01 +1.2346e-01 +4.9383e-01
1059 0 +7.083691374e-02 -9.025916309e+01 -9.025916309e+01 -3.2922e-01 +8.2305e-02 +4.9383e-01
1088 0 +2.819140482e-02 -9.030180860e+01 -9.030180860e+01 -3.2922e-01 +9.6022e-02 +4.9383e-01
1144 0 +2.596665386e-02 -9.030403335e+01 -9.030403335e+01 -3.3379e-01 +9.6022e-02 +4.9840e-01
1253 0 +2.417850284e-02 -9.030582150e+01 -9.030582150e+01 -3.3836e-01 +9.1449e-02 +5.0297e-01
1265 0 +2.136301980e-02 -9.030863698e+01 -9.030863698e+01 -3.5665e-01 +6.8587e-02 +5.3498e-01
1301 0 +1.822838413e-02 -9.031177162e+01 -9.031177162e+01 -3.6123e-01 +6.8587e-02 +5.3498e-01
1322 0 +1.756983837e-02 -9.031243016e+01 -9.031243016e+01 -3.6123e-01 +6.8587e-02 +5.3955e-01
1423 0 +1.533064309e-02 -9.031466936e+01 -9.031466936e+01 -3.6580e-01 +6.4015e-02 +5.4412e-01
2446 0 +1.047449025e-02 -9.031952551e+01 -9.031952551e+01 -4.1152e-01 +1.3717e-02 +6.1728e-01
2466 0 +8.856730599e-03 -9.032114327e+01 -9.032114327e+01 -4.9383e-01 -8.2305e-02 +7.4074e-01
2540 0 +1.913323075e-03 -9.032808668e+01 -9.032808668e+01 -4.9383e-01 -7.7732e-02 +7.4074e-01
2594 0 +1.075141530e-03 -9.032892486e+01 -9.032892486e+01 -4.9840e-01 -8.2305e-02 +7.4531e-01
3528 0 +9.086955506e-04 -9.032909130e+01 -9.032909130e+01 -5.0754e-01 -9.1449e-02 +7.5903e-01
3625 0 +3.346511402e-04 -9.032966535e+01 -9.032966535e+01 -4.6639e-01 -4.2676e-02 +6.9502e-01
4029 0 +2.822567357e-04 -9.032971774e+01 -9.032971774e+01 -4.7249e-01 -5.0297e-02 +7.0416e-01
4124 0 +1.937073364e-04 -9.032980629e+01 -9.032980629e+01 -4.7249e-01 -5.0297e-02 +7.0569e-01
4180 0 +5.209675034e-05 -9.032994790e+01 -9.032994790e+01 -4.8468e-01 -6.4015e-02 +7.2398e-01
5347 0 +1.149916211e-05 -9.032998850e+01 -9.032998850e+01 -4.8163e-01 -6.0966e-02 +7.1940e-01
17056 0 +1.149916211e-05 -9.032998850e+01 -9.032998850e+01 -4.8163e-01 -6.0966e-02 +7.1940e-01
% f evaluations | g evaluations | best noise-free fitness - Fopt (6.561000000000e+01) + sum g_i+ | measured fitness | best measured fitness or single-digit g-values | x1 | x2...
1 0 +1.300000000e+01 +7.861000000e+01 +7.861000000e+01 +0.0000e+00 +0.0000e+00 +0.0000e+00
28 0 +6.956676637e-01 +6.630566766e+01 +6.630566766e+01 +0.0000e+00 +3.7037e-01 +0.0000e+00
62 0 +5.877281774e-01 +6.619772818e+01 +6.619772818e+01 +4.1152e-02 +3.7037e-01 +0.0000e+00
78 0 +4.720615498e-01 +6.608206155e+01 +6.608206155e+01 +4.1152e-02 +3.7037e-01 +4.1152e-02
126 0 +4.408913415e-01 +6.605089134e+01 +6.605089134e+01 +4.1152e-02 +3.5665e-01 +5.4870e-02
258 0 +3.796494251e-01 +6.598964943e+01 +6.598964943e+01 +8.2305e-02 +2.8807e-01 +1.2346e-01
260 0 +3.132447414e-01 +6.592324474e+01 +6.592324474e+01 +8.2305e-02 +2.4691e-01 +1.6461e-01
352 0 +2.810228579e-01 +6.589102286e+01 +6.589102286e+01 +9.6022e-02 +2.4691e-01 +1.7833e-01
2193 0 +1.367623890e-01 +6.574676239e+01 +6.574676239e+01 +3.7037e-01 -4.9383e-01 +6.9959e-01
2211 0 +1.840350506e-02 +6.562840351e+01 +6.562840351e+01 +3.7037e-01 -5.3498e-01 +6.9959e-01
2253 0 +1.103547038e-02 +6.562103547e+01 +6.562103547e+01 +3.7037e-01 -5.2126e-01 +6.8587e-01
2286 0 +8.809686306e-03 +6.561880969e+01 +6.561880969e+01 +3.7037e-01 -5.1669e-01 +6.8587e-01
2288 0 +1.929666387e-03 +6.561192967e+01 +6.561192967e+01 +3.7037e-01 -5.2126e-01 +6.9044e-01
2401 0 +1.741875420e-03 +6.561174188e+01 +6.561174188e+01 +3.6580e-01 -5.0754e-01 +6.8587e-01
2497 0 +1.374694035e-03 +6.561137469e+01 +6.561137469e+01 +3.6580e-01 -5.0907e-01 +6.8587e-01
2499 0 +1.251256286e-03 +6.561125126e+01 +6.561125126e+01 +3.6580e-01 -5.0754e-01 +6.8435e-01
2536 0 +6.486440457e-04 +6.561064864e+01 +6.561064864e+01 +3.5665e-01 -4.8011e-01 +6.7215e-01
2814 0 +2.689609485e-04 +6.561026896e+01 +6.561026896e+01 +3.4751e-01 -4.5267e-01 +6.5844e-01
3629 0 +2.266449506e-05 +6.561002266e+01 +6.561002266e+01 +3.4751e-01 -4.5420e-01 +6.5844e-01
17416 0 +2.266449506e-05 +6.561002266e+01 +6.561002266e+01 +3.4751e-01 -4.5420e-01 +6.5844e-01
% f evaluations | g evaluations | best noise-free fitness - Fopt (-1.304400000000e+02) + sum g_i+ | measured fitness | best measured fitness or single-digit g-values | x1 | x2...
1 0 +1.300000000e+01 -1.174400000e+02 -1.174400000e+02 +0.0000e+00 +0.0000e+00 +0.0000e+00
29 0 +5.917716900e+00 -1.245222831e+02 -1.245222831e+02 +0.0000e+00 +0.0000e+00 -3.7037e-01
48 0 +2.098206843e+00 -1.283417932e+02 -1.283417932e+02 +1.2346e-01 +0.0000e+00 -3.7037e-01
67 0 +1.258979352e+00 -1.291810206e+02 -1.291810206e+02 +1.2346e-01 +0.0000e+00 -4.9383e-01
92 0 +9.537761690e-01 -1.294862238e+02 -1.294862238e+02 +1.6461e-01 +0.0000e+00 -4.9383e-01
138 0 +8.237542533e-01 -1.296162457e+02 -1.296162457e+02 +1.7833e-01 +4.1152e-02 -4.5267e-01
188 0 +7.902668435e-01 -1.296497332e+02 -1.296497332e+02 +1.8290e-01 +5.4870e-02 -4.3896e-01
441 0 +3.699409366e-01 -1.300700591e+02 -1.300700591e+02 +2.4691e-01 +2.4691e-01 +0.0000e+00
458 0 +3.156004631e-01 -1.301243995e+02 -1.301243995e+02 +2.4691e-01 +2.4691e-01 +1.2346e-01
509 0 +2.055665433e-01 -1.302344335e+02 -1.302344335e+02 +2.3320e-01 +2.4691e-01 +8.2305e-02
531 0 +1.992807545e-01 -1.302407192e+02 -1.302407192e+02 +2.3320e-01 +2.3320e-01 +8.2305e-02
588 0 +1.379590484e-01 -1.303020410e+02 -1.303020410e+02 +2.1948e-01 +2.4691e-01 +1.6461e-01
1230 0 +1.193619152e-01 -1.303206381e+02 -1.303206381e+02 +2.0576e-01 +2.4691e-01 +2.8807e-01
1256 0 +9.881648749e-02 -1.303411835e+02 -1.303411835e+02 +2.0576e-01 +2.6063e-01 +2.8807e-01
1270 0 +8.659391554e-02 -1.303534061e+02 -1.303534061e+02 +2.0576e-01 +2.6063e-01 +3.0178e-01
1352 0 +7.876578676e-02 -1.303612342e+02 -1.303612342e+02 +2.1033e-01 +2.6063e-01 +3.0636e-01
1384 0 +7.059749926e-02 -1.303694025e+02 -1.303694025e+02 +2.0576e-01 +2.6063e-01 +3.2922e-01
1690 0 +6.198478360e-02 -1.303780152e+02 -1.303780152e+02 +2.0119e-01 +2.6063e-01 +3.6123e-01
1912 0 +5.532006521e-02 -1.303846799e+02 -1.303846799e+02 +2.0119e-01 +2.6520e-01 +3.8409e-01
1932 0 +4.947586632e-02 -1.303905241e+02 -1.303905241e+02 +1.9204e-01 +2.6063e-01 +4.2524e-01
1986 0 +4.342779972e-02 -1.303965722e+02 -1.303965722e+02 +1.9662e-01 +2.6520e-01 +4.2981e-01
3131 0 +3.694245328e-02 -1.304030575e+02 -1.304030575e+02 +1.8747e-01 +2.6978e-01 +4.9383e-01
3322 0 +3.521432670e-02 -1.304047857e+02 -1.304047857e+02 +1.9204e-01 +2.6520e-01 +4.6639e-01
3733 0 +3.020275187e-02 -1.304097972e+02 -1.304097972e+02 +1.8747e-01 +2.6825e-01 +5.1212e-01
4901 0 +2.810917144e-02 -1.304118908e+02 -1.304118908e+02 +1.8595e-01 +2.6520e-01 +4.9840e-01
5212 0 +1.385265485e-02 -1.304261473e+02 -1.304261473e+02 +1.2346e-01 +2.4691e-01 +9.0535e-01
5293 0 +2.634180246e-03 -1.304373658e+02 -1.304373658e+02 +1.2346e-01 +2.4234e-01 +9.1907e-01
5427 0 +2.223952895e-03 -1.304377760e+02 -1.304377760e+02 +1.3717e-01 +2.5149e-01 +8.4591e-01
5630 0 +1.163211089e-03 -1.304388368e+02 -1.304388368e+02 +1.3717e-01 +2.5149e-01 +8.3676e-01
6157 0 +8.202012062e-04 -1.304391798e+02 -1.304391798e+02 +1.3260e-01 +2.4691e-01 +8.6420e-01
6892 0 +2.971693713e-04 -1.304397028e+02 -1.304397028e+02 +1.4175e-01 +2.5149e-01 +8.0933e-01
8622 0 +2.770433042e-04 -1.304397230e+02 -1.304397230e+02 +1.4175e-01 +2.5301e-01 +8.0933e-01
8907 0 +2.270219150e-04 -1.304397730e+02 -1.304397730e+02 +1.4022e-01 +2.5149e-01 +8.1390e-01
8988 0 +1.003331976e-04 -1.304398997e+02 -1.304398997e+02 +1.4022e-01 +2.5149e-01 +8.1542e-01
9968 0 +8.201501078e-05 -1.304399180e+02 -1.304399180e+02 +1.4327e-01 +2.5301e-01 +8.0018e-01
10165 0 +1.380057256e-06 -1.304399986e+02 -1.304399986e+02 +1.4022e-01 +2.5149e-01 +8.1847e-01
16238 0 +1.380057256e-06 -1.304399986e+02 -1.304399986e+02 +1.4022e-01 +2.5149e-01 +8.1847e-01
% f evaluations | g evaluations | best noise-free fitness - Fopt (4.949800000000e+02) + sum g_i+ | measured fitness | best measured fitness or single-digit g-values | x1 | x2...
1 0 +1.300000000e+01 +5.079800000e+02 +5.079800000e+02 +0.0000e+00 +0.0000e+00 +0.0000e+00
36 0 +2.835873451e+00 +4.978158735e+02 +4.978158735e+02 -3.7037e-01 +3.7037e-01 +0.0000e+00
59 0 +1.480455748e+00 +4.964604557e+02 +4.964604557e+02 -4.9383e-01 +3.7037e-01 +0.0000e+00
62 0 +8.920109956e-01 +4.958720110e+02 +4.958720110e+02 -3.7037e-01 +3.7037e-01 +1.2346e-01
134 0 +8.782968713e-01 +4.958582969e+02 +4.958582969e+02 -3.5665e-01 +3.7037e-01 +1.2346e-01
153 0 +9.519376862e-02 +4.950751938e+02 +4.950751938e+02 +3.7037e-01 +0.0000e+00 +2.4691e-01
243 0 +6.725951244e-02 +4.950472595e+02 +4.950472595e+02 +4.9383e-01 -1.2346e-01 +2.4691e-01
288 0 +3.823907262e-02 +4.950182391e+02 +4.950182391e+02 +5.0754e-01 -1.2346e-01 +2.4691e-01
354 0 +2.611168054e-02 +4.950061117e+02 +4.950061117e+02 +5.4870e-01 -1.6461e-01 +2.4691e-01
646 0 +2.479259263e-02 +4.950047926e+02 +4.950047926e+02 +5.5327e-01 -1.6461e-01 +2.4691e-01
714 0 +2.160495973e-02 +4.950016050e+02 +4.950016050e+02 +5.5327e-01 -1.6461e-01 +2.5149e-01
2218 0 +1.687556731e-02 +4.949968756e+02 +4.949968756e+02 +6.3100e-01 -2.4691e-01 +2.4691e-01
2371 0 +1.462101429e-02 +4.949946210e+02 +4.949946210e+02 +6.5844e-01 -2.6063e-01 +2.4691e-01
2470 0 +1.396703889e-02 +4.949939670e+02 +4.949939670e+02 +6.7215e-01 -2.7435e-01 +2.4691e-01
2705 0 +5.687832264e-03 +4.949856878e+02 +4.949856878e+02 +6.6758e-01 -2.7435e-01 +2.4691e-01
2899 0 +5.407627632e-03 +4.949854076e+02 +4.949854076e+02 +7.9561e-01 -4.1610e-01 +2.3320e-01
2900 0 +2.132816121e-03 +4.949821328e+02 +4.949821328e+02 +7.9561e-01 -4.1152e-01 +2.3777e-01
2972 0 +1.470524619e-03 +4.949814705e+02 +4.949814705e+02 +7.9104e-01 -4.0695e-01 +2.3777e-01
3262 0 +6.154611580e-04 +4.949806155e+02 +4.949806155e+02 +7.8189e-01 -3.9781e-01 +2.3777e-01
3323 0 +4.087073341e-04 +4.949804087e+02 +4.949804087e+02 +7.7732e-01 -3.9323e-01 +2.3777e-01
3554 0 +3.401417751e-04 +4.949803401e+02 +4.949803401e+02 +7.7275e-01 -3.8866e-01 +2.3777e-01
14632 0 +3.401417751e-04 +4.949803401e+02 +4.949803401e+02 +7.7275e-01 -3.8866e-01 +2.3777e-01
% f evaluations | g evaluations | best noise-free fitness - Fopt (4.685000000000e+01) + sum g_i+ | measured fitness | best measured fitness or single-digit g-values | x1 | x2...
1 0 +1.300000000e+01 +5.985000000e+01 +5.985000000e+01 +0.0000e+00 +0.0000e+00 +0.0000e+00
14 0 +4.739207481e+00 +5.158920748e+01 +5.158920748e+01 +0.0000e+00 +1.1111e+00 +0.0000e+00
29 0 +4.165652762e+00 +5.101565276e+01 +5.101565276e+01 -3.7037e-01 +1.1111e+00 +0.0000e+00
52 0 +3.824297793e+00 +5.067429779e+01 +5.067429779e+01 -2.4691e-01 +1.1111e+00 +0.0000e+00
81 0 +3.232782294e+00 +5.008278229e+01 +5.008278229e+01 -3.7037e-01 +9.8765e-01 +1.2346e-01
97 0 +3.105191087e+00 +4.995519109e+01 +4.995519109e+01 -2.4691e-01 +9.8765e-01 +1.2346e-01
115 0 +2.787466385e+00 +4.963746639e+01 +4.963746639e+01 +0.0000e+00 +9.8765e-01 +0.0000e+00
142 0 +2.446418750e+00 +4.929641875e+01 +4.929641875e+01 +0.0000e+00 +9.8765e-01 +4.1152e-02
173 0 +1.838904112e+00 +4.868890411e+01 +4.868890411e+01 +2.4691e-01 +7.4074e-01 +0.0000e+00
207 0 +1.554950107e+00 +4.840495011e+01 +4.840495011e+01 +2.4691e-01 +6.1728e-01 -1.2346e-01
220 0 +1.391521938e+00 +4.824152194e+01 +4.824152194e+01 +2.8807e-01 +6.1728e-01 -1.2346e-01
233 0 +1.257362278e+00 +4.810736228e+01 +4.810736228e+01 +2.8807e-01 +5.7613e-01 -1.2346e-01
273 0 +7.277216099e-01 +4.757772161e+01 +4.757772161e+01 +2.4691e-01 +2.4691e-01 -2.4691e-01
289 0 +5.926631850e-01 +4.744266318e+01 +4.744266318e+01 +2.4691e-01 +2.0576e-01 -2.4691e-01
321 0 +5.620832051e-01 +4.741208321e+01 +4.741208321e+01 +2.4691e-01 +1.9204e-01 -2.4691e-01
747 0 +3.682373857e-01 +4.721823739e+01 +4.721823739e+01 -4.9383e-01 -1.6049e+00 +3.7037e-01
772 0 +3.546900263e-01 +4.720469003e+01 +4.720469003e+01 -3.7037e-01 -1.3580e+00 +2.4691e-01
776 0 +1.795567262e-01 +4.702955673e+01 +4.702955673e+01 -4.9383e-01 -1.5638e+00 +3.7037e-01
812 0 +1.773094883e-01 +4.702730949e+01 +4.702730949e+01 -4.8011e-01 -1.5638e+00 +3.7037e-01
853 0 +1.445958297e-01 +4.699459583e+01 +4.699459583e+01 -3.7037e-01 -1.3169e+00 +2.0576e-01
882 0 +1.404465867e-01 +4.699044659e+01 +4.699044659e+01 -3.5665e-01 -1.3169e+00 +2.0576e-01
886 0 +6.611867177e-02 +4.691611867e+01 +4.691611867e+01 -3.7037e-01 -1.3169e+00 +2.1948e-01
987 0 +6.282713110e-02 +4.691282713e+01 +4.691282713e+01 +0.0000e+00 -4.9383e-01 -1.6461e-01
1019 0 +4.542598458e-02 +4.689542598e+01 +4.689542598e+01 +0.0000e+00 -5.0754e-01 -1.6461e-01
1120 0 +4.105587746e-02 +4.689105588e+01 +4.689105588e+01 -1.3717e-02 -5.3498e-01 -1.5089e-01
1143 0 +3.740466713e-02 +4.688740467e+01 +4.688740467e+01 -1.3717e-02 -5.3955e-01 -1.5089e-01
1293 0 +3.503010657e-02 +4.688503011e+01 +4.688503011e+01 -1.8290e-02 -5.5327e-01 -1.5089e-01
1407 0 +2.860864913e-03 +4.685286086e+01 +4.685286086e+01 -1.7833e-01 -9.0535e-01 +0.0000e+00
1467 0 +1.143176564e-03 +4.685114318e+01 +4.685114318e+01 -1.7833e-01 -9.0992e-01 +0.0000e+00
1561 0 +9.036862555e-04 +4.685090369e+01 +4.685090369e+01 -1.7375e-01 -9.0078e-01 -4.5725e-03
1620 0 +7.641671203e-04 +4.685076417e+01 +4.685076417e+01 -1.7375e-01 -8.9925e-01 -4.5725e-03
1725 0 +6.351563107e-04 +4.685063516e+01 +4.685063516e+01 -1.6461e-01 -8.7791e-01 -1.3717e-02
2050 0 +5.773933172e-04 +4.685057739e+01 +4.685057739e+01 -1.3717e-01 -8.1847e-01 -4.1152e-02
2475 0 +4.125637288e-04 +4.685041256e+01 +4.685041256e+01 -1.3717e-01 -8.2000e-01 -4.1152e-02
2545 0 +2.800616485e-04 +4.685028006e+01 +4.685028006e+01 -1.6461e-01 -8.7944e-01 -1.3717e-02
2808 0 +8.376536945e-05 +4.685008377e+01 +4.685008377e+01 -1.5089e-01 -8.5048e-01 -2.7435e-02
3330 0 +6.941344540e-05 +4.685006941e+01 +4.685006941e+01 -1.5546e-01 -8.5963e-01 -2.2862e-02
6680 0 +5.139664945e-05 +4.685005140e+01 +4.685005140e+01 -1.5394e-01 -8.5658e-01 -2.4387e-02
17590 0 +5.139664945e-05 +4.685005140e+01 +4.685005140e+01 -1.5394e-01 -8.5658e-01 -2.4387e-02
% f evaluations | g evaluations | best noise-free fitness - Fopt (1.046400000000e+02) + sum g_i+ | measured fitness | best measured fitness or single-digit g-values | x1 | x2...
1 0 +1.300000000e+01 +1.176400000e+02 +1.176400000e+02 +0.0000e+00 +0.0000e+00 +0.0000e+00
24 0 +7.945543585e+00 +1.125855436e+02 +1.125855436e+02 +3.7037e-01 +0.0000e+00 +0.0000e+00
38 0 +6.036593675e+00 +1.106765937e+02 +1.106765937e+02 +3.7037e-01 +0.0000e+00 +3.7037e-01
51 0 +9.852591434e-01 +1.056252591e+02 +1.056252591e+02 +0.0000e+00 +3.7037e-01 -3.7037e-01
55 0 +2.387021950e-01 +1.048787022e+02 +1.048787022e+02 +3.7037e-01 -1.2346e-01 +3.7037e-01
80 0 +1.025886777e-01 +1.047425887e+02 +1.047425887e+02 +4.1152e-01 -1.2346e-01 +3.7037e-01
119 0 +5.528115347e-02 +1.046952812e+02 +1.046952812e+02 +3.9781e-01 -1.2346e-01 +3.7037e-01
135 0 +4.871878366e-02 +1.046887188e+02 +1.046887188e+02 +3.9781e-01 -1.2346e-01 +3.5665e-01
189 0 +4.447080424e-02 +1.046844708e+02 +1.046844708e+02 +3.9323e-01 -1.2346e-01 +3.5665e-01
255 0 +3.786362603e-02 +1.046778636e+02 +1.046778636e+02 +3.9781e-01 -1.6461e-01 +4.1152e-01
306 0 +2.970048144e-02 +1.046697005e+02 +1.046697005e+02 +4.0238e-01 -1.6461e-01 +4.1152e-01
326 0 +2.768490829e-02 +1.046676849e+02 +1.046676849e+02 +4.0238e-01 -1.6461e-01 +4.1610e-01
748 0 +2.435336477e-02 +1.046643534e+02 +1.046643534e+02 +4.0695e-01 -1.7375e-01 +4.2981e-01
2211 0 +6.004341573e-03 +1.046460043e+02 +1.046460043e+02 +4.3896e-01 -4.1152e-01 +7.4074e-01
2245 0 +4.914167452e-03 +1.046449142e+02 +1.046449142e+02 +4.3439e-01 -4.1152e-01 +7.4074e-01
2248 0 +4.401903373e-03 +1.046444019e+02 +1.046444019e+02 +4.3896e-01 -4.1152e-01 +7.4531e-01
2309 0 +3.040418358e-03 +1.046430404e+02 +1.046430404e+02 +4.3439e-01 -3.9781e-01 +7.2245e-01
2519 0 +1.635243505e-03 +1.046416352e+02 +1.046416352e+02 +4.3439e-01 -3.7037e-01 +6.8587e-01
2540 0 +1.498089885e-03 +1.046414981e+02 +1.046414981e+02 +4.3439e-01 -3.7037e-01 +6.9044e-01
2743 0 +7.765365450e-04 +1.046407765e+02 +1.046407765e+02 +4.2981e-01 -3.2007e-01 +6.2186e-01
2762 0 +6.428744610e-04 +1.046406429e+02 +1.046406429e+02 +4.2981e-01 -3.2465e-01 +6.2643e-01
2798 0 +4.911419327e-04 +1.046404911e+02 +1.046404911e+02 +4.3439e-01 -3.6580e-01 +6.8130e-01
3423 0 +4.213618808e-04 +1.046404214e+02 +1.046404214e+02 +4.3286e-01 -3.6580e-01 +6.8130e-01
3426 0 +3.536067809e-04 +1.046403536e+02 +1.046403536e+02 +4.3439e-01 -3.6580e-01 +6.8282e-01
4023 0 +2.962453359e-04 +1.046402962e+02 +1.046402962e+02 +4.3439e-01 -3.7189e-01 +6.9044e-01
4682 0 +2.715472451e-04 +1.046402715e+02 +1.046402715e+02 +4.3134e-01 -3.3836e-01 +6.4472e-01
4706 0 +2.429055500e-04 +1.046402429e+02 +1.046402429e+02 +4.3134e-01 -3.3836e-01 +6.4624e-01
4954 0 +1.820914758e-04 +1.046401821e+02 +1.046401821e+02 +4.3134e-01 -3.3684e-01 +6.4319e-01
5766 0 +9.441586680e-05 +1.046400944e+02 +1.046400944e+02 +4.3134e-01 -3.4141e-01 +6.4929e-01
8183 0 +7.759515874e-05 +1.046400776e+02 +1.046400776e+02 +4.3286e-01 -3.5818e-01 +6.7215e-01
8345 0 +2.430865138e-05 +1.046400243e+02 +1.046400243e+02 +4.3286e-01 -3.5513e-01 +6.6758e-01
17156 0 +2.256330453e-05 +1.046400226e+02 +1.046400226e+02 +4.3286e-01 -3.5360e-01 +6.6606e-01
% f evaluations | g evaluations | best noise-free fitness - Fopt (1.965900000000e+02) + sum g_i+ | measured fitness | best measured fitness or single-digit g-values | x1 | x2...
1 0 +1.300000000e+01 +2.095900000e+02 +2.095900000e+02 +0.0000e+00 +0.0000e+00 +0.0000e+00
27 0 +3.630840326e+00 +2.002208403e+02 +2.002208403e+02 +0.0000e+00 -3.7037e-01 +0.0000e+00
47 0 +8.864928175e-01 +1.974764928e+02 +1.974764928e+02 -1.2346e-01 -3.7037e-01 +0.0000e+00
78 0 +4.311944456e-01 +1.970211944e+02 +1.970211944e+02 -1.2346e-01 -3.2922e-01 +0.0000e+00
112 0 +3.812175568e-01 +1.969712176e+02 +1.969712176e+02 -8.2305e-02 -3.2922e-01 +4.1152e-02
133 0 +2.570224584e-01 +1.968470225e+02 +1.968470225e+02 +0.0000e+00 -2.8807e-01 +1.2346e-01
160 0 +1.927704258e-01 +1.967827704e+02 +1.967827704e+02 +4.1152e-02 -2.8807e-01 +1.6461e-01
200 0 +1.756981800e-01 +1.967656982e+02 +1.967656982e+02 +5.4870e-02 -2.8807e-01 +1.7833e-01
1283 0 +1.580001835e-01 +1.967480002e+02 +1.967480002e+02 +3.7037e-01 -1.6461e-01 +4.9383e-01
1304 0 +1.348918962e-01 +1.967248919e+02 +1.967248919e+02 +3.7037e-01 -1.6461e-01 +5.3498e-01
1332 0 +2.008836587e-02 +1.966100884e+02 +1.966100884e+02 +3.8409e-01 -1.6461e-01 +5.3498e-01
1394 0 +1.243760761e-02 +1.966024376e+02 +1.966024376e+02 +3.8866e-01 -1.6461e-01 +5.3498e-01
1541 0 +1.976912454e-03 +1.965919769e+02 +1.965919769e+02 +5.7156e-01 -5.4870e-02 +7.4074e-01
3277 0 +4.301244811e-04 +1.965904301e+02 +1.965904301e+02 +5.0754e-01 -9.6022e-02 +6.6758e-01
5201 0 +2.221047318e-04 +1.965902221e+02 +1.965902221e+02 +5.3041e-01 -8.2305e-02 +6.9502e-01
7885 0 +1.629387351e-04 +1.965901629e+02 +1.965901629e+02 +5.2888e-01 -8.2305e-02 +6.9349e-01
7975 0 +1.546213862e-04 +1.965901546e+02 +1.965901546e+02 +5.3498e-01 -7.9256e-02 +6.9959e-01
8070 0 +7.394293840e-05 +1.965900739e+02 +1.965900739e+02 +5.3193e-01 -8.0780e-02 +6.9654e-01
8344 0 +5.498590033e-05 +1.965900550e+02 +1.965900550e+02 +5.2279e-01 -8.6877e-02 +6.8587e-01
15998 0 +5.498590033e-05 +1.965900550e+02 +1.965900550e+02 +5.2279e-01 -8.6877e-02 +6.8587e-01
% f evaluations | g evaluations | best noise-free fitness - Fopt (1.461600000000e+02) + sum g_i+ | measured fitness | best measured fitness or single-digit g-values | x1 | x2...
1 0 +1.300000000e+01 +1.591600000e+02 +1.591600000e+02 +0.0000e+00 +0.0000e+00 +0.0000e+00
12 0 +7.388152090e+00 +1.535481521e+02 +1.535481521e+02 +1.1111e+00 +0.0000e+00 +0.0000e+00
31 0 +4.340009034e+00 +1.505000090e+02 +1.505000090e+02 +7.4074e-01 +0.0000e+00 +0.0000e+00
45 0 +3.886466255e+00 +1.500464663e+02 +1.500464663e+02 +7.4074e-01 +0.0000e+00 -3.7037e-01
59 0 +2.470832592e+00 +1.486308326e+02 +1.486308326e+02 +6.1728e-01 +0.0000e+00 -3.7037e-01
62 0 +1.879527003e+00 +1.480395270e+02 +1.480395270e+02 +7.4074e-01 +0.0000e+00 -2.4691e-01
75 0 +1.630760050e+00 +1.477907601e+02 +1.477907601e+02 +6.1728e-01 +0.0000e+00 -2.4691e-01
99 0 +1.453953769e+00 +1.476139538e+02 +1.476139538e+02 +6.1728e-01 -4.1152e-02 -2.4691e-01
111 0 +1.181238229e+00 +1.473412382e+02 +1.473412382e+02 +3.7037e-01 -1.2346e-01 -3.7037e-01
123 0 +8.165099170e-01 +1.469765099e+02 +1.469765099e+02 +2.4691e-01 -1.2346e-01 -3.7037e-01
139 0 +7.333915177e-01 +1.468933915e+02 +1.468933915e+02 +2.0576e-01 -1.2346e-01 -3.7037e-01
146 0 +1.750758204e-01 +1.463350758e+02 +1.463350758e+02 -7.4074e-01 +0.0000e+00 +0.0000e+00
188 0 +1.068333258e-02 +1.461706833e+02 +1.461706833e+02 -6.9959e-01 +0.0000e+00 +0.0000e+00
579 0 +6.163308692e-03 +1.461661633e+02 +1.461661633e+02 -7.4074e-01 +1.3717e-02 +2.7435e-02
838 0 +5.002866287e-03 +1.461650029e+02 +1.461650029e+02 -7.4989e-01 +1.3717e-02 +3.2007e-02
989 0 +4.196533555e-03 +1.461641965e+02 +1.461641965e+02 -7.8647e-01 +2.7435e-02 +5.4870e-02
1057 0 +3.315016962e-03 +1.461633150e+02 +1.461633150e+02 -7.8189e-01 +2.2862e-02 +5.0297e-02
1108 0 +1.964743060e-03 +1.461619647e+02 +1.461619647e+02 -7.9561e-01 +2.7435e-02 +5.9442e-02
2068 0 +1.602229310e-03 +1.461616022e+02 +1.461616022e+02 -7.9409e-01 +2.7435e-02 +5.9442e-02
2190 0 +2.431184729e-04 +1.461602431e+02 +1.461602431e+02 -8.3676e-01 +4.1152e-02 +8.6877e-02
3277 0 +1.221142375e-04 +1.461601221e+02 +1.461601221e+02 -8.5200e-01 +4.5725e-02 +9.6022e-02
5722 0 +1.039354418e-04 +1.461601039e+02 +1.461601039e+02 -8.6725e-01 +5.0297e-02 +1.0669e-01
6961 0 +7.267456510e-05 +1.461600727e+02 +1.461600727e+02 -8.6267e-01 +4.8773e-02 +1.0364e-01
9372 0 +6.407355485e-05 +1.461600641e+02 +1.461600641e+02 -8.5810e-01 +4.7249e-02 +1.0059e-01
16454 0 +6.407355485e-05 +1.461600641e+02 +1.461600641e+02 -8.5810e-01 +4.7249e-02 +1.0059e-01
% f evaluations | g evaluations | best noise-free fitness - Fopt (-7.469000000000e+01) + sum g_i+ | measured fitness | best measured fitness or single-digit g-values | x1 | x2...
1 0 +1.300000000e+01 -6.169000000e+01 -6.169000000e+01 +0.0000e+00 +0.0000e+00 +0.0000e+00
27 0 +4.323678638e+00 -7.036632136e+01 -7.036632136e+01 -3.7037e-01 +0.0000e+00 +0.0000e+00
36 0 +2.897878836e+00 -7.179212116e+01 -7.179212116e+01 -3.7037e-01 +3.7037e-01 +0.0000e+00
53 0 +1.378343956e+00 -7.331165604e+01 -7.331165604e+01 -4.9383e-01 +3.7037e-01 +0.0000e+00
67 0 +1.048450350e+00 -7.364154965e+01 -7.364154965e+01 -4.9383e-01 +2.4691e-01 +0.0000e+00
92 0 +9.803231546e-01 -7.370967685e+01 -7.370967685e+01 -4.5267e-01 +2.4691e-01 +0.0000e+00
123 0 +7.976637116e-01 -7.389233629e+01 -7.389233629e+01 -4.5267e-01 +2.0576e-01 +4.1152e-02
139 0 +7.855932604e-01 -7.390440674e+01 -7.390440674e+01 -4.5267e-01 +1.9204e-01 +4.1152e-02
188 0 +5.319574906e-01 -7.415804251e+01 -7.415804251e+01 -3.7037e-01 +0.0000e+00 +1.2346e-01
218 0 +4.685725350e-01 -7.422142747e+01 -7.422142747e+01 -3.2922e-01 +0.0000e+00 +1.2346e-01
245 0 +4.447103868e-01 -7.424528961e+01 -7.424528961e+01 -3.2922e-01 -1.3717e-02 +1.2346e-01
304 0 +3.012409747e-01 -7.438875903e+01 -7.438875903e+01 -2.4691e-01 -1.2346e-01 +1.6461e-01
452 0 +2.541358052e-01 -7.443586419e+01 -7.443586419e+01 -2.0576e-01 -1.6461e-01 +1.7833e-01
500 0 +2.500004050e-01 -7.443999960e+01 -7.443999960e+01 -1.8747e-01 -1.7833e-01 +1.7833e-01
515 0 +2.220784051e-01 -7.446792159e+01 -7.446792159e+01 +0.0000e+00 -3.7037e-01 +2.4691e-01
540 0 +8.304621222e-02 -7.460695379e+01 -7.460695379e+01 +4.1152e-02 -3.7037e-01 +2.4691e-01
591 0 +7.841373839e-02 -7.461158626e+01 -7.461158626e+01 +5.4870e-02 -3.8409e-01 +2.4691e-01
734 0 +6.311523642e-02 -7.462688476e+01 -7.462688476e+01 +9.6022e-02 -4.1152e-01 +2.6063e-01
754 0 +6.222043233e-02 -7.462777957e+01 -7.462777957e+01 +1.0059e-01 -4.1152e-01 +2.6063e-01
803 0 +5.346532374e-02 -7.463653468e+01 -7.463653468e+01 +1.2346e-01 -4.2524e-01 +2.6063e-01
1079 0 +4.949044262e-02 -7.464050956e+01 -7.464050956e+01 +1.2803e-01 -4.3134e-01 +2.6520e-01
1319 0 +4.225120014e-02 -7.464774880e+01 -7.464774880e+01 +6.9959e-01 -7.4074e-01 +3.5665e-01
1375 0 +3.916722018e-02 -7.465083278e+01 -7.465083278e+01 +6.9502e-01 -7.4074e-01 +3.5665e-01
1378 0 +1.843794149e-02 -7.467156206e+01 -7.467156206e+01 +6.9959e-01 -7.4074e-01 +3.6123e-01
1397 0 +1.506076512e-02 -7.467493923e+01 -7.467493923e+01 +6.9502e-01 -7.4074e-01 +3.6123e-01
1605 0 +1.299963723e-02 -7.467700036e+01 -7.467700036e+01 +6.5844e-01 -7.2702e-01 +3.5665e-01
1626 0 +1.145007369e-02 -7.467854993e+01 -7.467854993e+01 +6.6301e-01 -7.2702e-01 +3.5665e-01
1628 0 +1.032077575e-02 -7.467967922e+01 -7.467967922e+01 +6.5844e-01 -7.2245e-01 +3.5665e-01
1653 0 +8.305776234e-03 -7.468169422e+01 -7.468169422e+01 +6.5386e-01 -7.2245e-01 +3.5665e-01
2414 0 +7.101571456e-03 -7.468289843e+01 -7.468289843e+01 +6.0357e-01 -6.9959e-01 +3.4751e-01
2474 0 +4.481298175e-03 -7.468551870e+01 -7.468551870e+01 +5.9899e-01 -6.9502e-01 +3.4751e-01
2491 0 +3.992364925e-03 -7.468600764e+01 -7.468600764e+01 +5.9747e-01 -6.9502e-01 +3.4751e-01
2850 0 +3.006911847e-03 -7.468699309e+01 -7.468699309e+01 +4.6639e-01 -6.3100e-01 +3.2922e-01
2890 0 +2.773441256e-03 -7.468722656e+01 -7.468722656e+01 +4.7096e-01 -6.3100e-01 +3.2922e-01
2987 0 +8.925566123e-04 -7.468910744e+01 -7.468910744e+01 +4.6182e-01 -6.2643e-01 +3.2465e-01
3003 0 +7.768879271e-04 -7.468922311e+01 -7.468922311e+01 +4.6030e-01 -6.2643e-01 +3.2465e-01
3006 0 +4.502407126e-04 -7.468954976e+01 -7.468954976e+01 +4.6182e-01 -6.2643e-01 +3.2617e-01
3025 0 +3.027392718e-04 -7.468969726e+01 -7.468969726e+01 +4.6030e-01 -6.2643e-01 +3.2617e-01
4225 0 +2.391288040e-04 -7.468976087e+01 -7.468976087e+01 +4.7859e-01 -6.3557e-01 +3.2922e-01
4227 0 +5.244655699e-05 -7.468994755e+01 -7.468994755e+01 +4.8011e-01 -6.3710e-01 +3.2922e-01
4260 0 +4.974171324e-05 -7.468995026e+01 -7.468995026e+01 +4.8163e-01 -6.3710e-01 +3.2922e-01
4849 0 +3.791013206e-05 -7.468996209e+01 -7.468996209e+01 +4.8925e-01 -6.4167e-01 +3.3074e-01
17116 0 +3.791013206e-05 -7.468996209e+01 -7.468996209e+01 +4.8925e-01 -6.4167e-01 +3.3074e-01
% f evaluations | g evaluations | best noise-free fitness - Fopt (1.853000000000e+01) + sum g_i+ | measured fitness | best measured fitness or single-digit g-values | x1 | x2...
1 0 +1.300000000e+01 +3.153000000e+01 +3.153000000e+01 +0.0000e+00 +0.0000e+00 +0.0000e+00
26 0 +5.864246705e+00 +2.439424671e+01 +2.439424671e+01 +0.0000e+00 +3.7037e-01 +0.0000e+00
29 0 +1.632938404e+00 +2.016293840e+01 +2.016293840e+01 +0.0000e+00 +0.0000e+00 -3.7037e-01
50 0 +1.040627873e+00 +1.957062787e+01 +1.957062787e+01 +0.0000e+00 +1.2346e-01 -3.7037e-01
66 0 +7.921269762e-01 +1.932212698e+01 +1.932212698e+01 +0.0000e+00 +1.2346e-01 -2.4691e-01
90 0 +6.619282395e-01 +1.919192824e+01 +1.919192824e+01 +0.0000e+00 +1.6461e-01 -2.4691e-01
93 0 +4.214098113e-01 +1.895140981e+01 +1.895140981e+01 +0.0000e+00 +1.2346e-01 -2.8807e-01
110 0 +3.803887660e-01 +1.891038877e+01 +1.891038877e+01 +0.0000e+00 +1.6461e-01 -2.8807e-01
263 0 +3.333075292e-01 +1.886330753e+01 +1.886330753e+01 -1.3717e-02 +1.2346e-01 -3.0178e-01
357 0 +3.154473668e-01 +1.884544737e+01 +1.884544737e+01 -1.8290e-02 +1.0364e-01 -3.0636e-01
462 0 +1.782872459e-01 +1.870828725e+01 +1.870828725e+01 -8.2305e-02 -1.2346e-01 -3.2922e-01
506 0 +1.730831037e-01 +1.870308310e+01 +1.870308310e+01 -8.2305e-02 -1.0974e-01 -3.2922e-01
596 0 +1.574177265e-01 +1.868741773e+01 +1.868741773e+01 -9.6022e-02 -1.3717e-01 -3.1550e-01
883 0 +1.397972138e-01 +1.866979721e+01 +1.866979721e+01 -9.6022e-02 -1.5089e-01 -3.2007e-01
991 0 +1.257750810e-01 +1.865577508e+01 +1.865577508e+01 -1.0517e-01 -1.7833e-01 -3.2007e-01
1083 0 +1.437435709e-02 +1.854437436e+01 +1.854437436e+01 -3.7037e-01 -9.0535e-01 -2.0576e-01
1142 0 +8.386496612e-03 +1.853838650e+01 +1.853838650e+01 -3.6580e-01 -9.0535e-01 -2.0576e-01
1162 0 +5.532180901e-03 +1.853553218e+01 +1.853553218e+01 -3.6580e-01 -9.0078e-01 -2.0576e-01
1200 0 +4.760739657e-03 +1.853476074e+01 +1.853476074e+01 -3.6580e-01 -9.0078e-01 -2.0424e-01
1239 0 +4.344321542e-03 +1.853434432e+01 +1.853434432e+01 -3.6123e-01 -8.9163e-01 -2.0576e-01
1362 0 +3.918270506e-03 +1.853391827e+01 +1.853391827e+01 -3.6123e-01 -8.9011e-01 -2.0729e-01
1449 0 +1.786406968e-03 +1.853178641e+01 +1.853178641e+01 -3.4294e-01 -8.4134e-01 -2.1948e-01
1510 0 +1.690989069e-03 +1.853169099e+01 +1.853169099e+01 -3.4141e-01 -8.4134e-01 -2.1948e-01
1513 0 +1.508308928e-03 +1.853150831e+01 +1.853150831e+01 -3.4294e-01 -8.4286e-01 -2.1948e-01
1626 0 +1.059943838e-03 +1.853105994e+01 +1.853105994e+01 -3.2922e-01 -8.0933e-01 -2.2862e-01
1686 0 +6.127360698e-04 +1.853061274e+01 +1.853061274e+01 -3.2922e-01 -8.0780e-01 -2.2862e-01
1712 0 +4.952068533e-04 +1.853049521e+01 +1.853049521e+01 -3.2922e-01 -8.0780e-01 -2.2710e-01
1770 0 +3.856722544e-04 +1.853038567e+01 +1.853038567e+01 -3.2769e-01 -8.0476e-01 -2.2862e-01
1796 0 +3.474482790e-04 +1.853034745e+01 +1.853034745e+01 -3.2769e-01 -8.0323e-01 -2.2862e-01
3061 0 +3.044232519e-04 +1.853030442e+01 +1.853030442e+01 -3.2769e-01 -8.0374e-01 -2.2862e-01
4568 0 +2.689982662e-04 +1.853026900e+01 +1.853026900e+01 -3.0483e-01 -7.4379e-01 -2.4234e-01
6014 0 +4.632127655e-05 +1.853004632e+01 +1.853004632e+01 -3.1550e-01 -7.7275e-01 -2.3624e-01
7708 0 +2.814136625e-06 +1.853000281e+01 +1.853000281e+01 -3.1550e-01 -7.7224e-01 -2.3624e-01
19008 0 +2.814136625e-06 +1.853000281e+01 +1.853000281e+01 -3.1550e-01 -7.7224e-01 -2.3624e-01
% f evaluations | g evaluations | best noise-free fitness - Fopt (-3.444000000000e+01) + sum g_i+ | measured fitness | best measured fitness or single-digit g-values | x1 | x2...
1 0 +1.300000000e+01 -2.144000000e+01 -2.144000000e+01 +0.0000e+00 +0.0000e+00 +0.0000e+00
28 0 +1.257209209e+01 -2.186790791e+01 -2.186790791e+01 +0.0000e+00 +3.7037e-01 +0.0000e+00
31 0 +4.307616734e+00 -3.013238327e+01 -3.013238327e+01 +0.0000e+00 +0.0000e+00 -3.7037e-01
39 0 +1.505758321e+00 -3.293424168e+01 -3.293424168e+01 +0.0000e+00 -3.7037e-01 -3.7037e-01
57 0 +1.403965971e+00 -3.303603403e+01 -3.303603403e+01 +0.0000e+00 -3.7037e-01 -4.9383e-01
86 0 +1.105208323e+00 -3.333479168e+01 -3.333479168e+01 +0.0000e+00 -3.7037e-01 -4.5267e-01
108 0 +9.642466316e-01 -3.347575337e+01 -3.347575337e+01 -4.1152e-02 -3.2922e-01 -4.5267e-01
271 0 +6.024944756e-01 -3.383750552e+01 -3.383750552e+01 -1.2346e-01 +0.0000e+00 -3.7037e-01
308 0 +4.834300285e-01 -3.395656997e+01 -3.395656997e+01 -1.2346e-01 +0.0000e+00 -3.2922e-01
318 0 +3.320798196e-01 -3.410792018e+01 -3.410792018e+01 -1.2346e-01 +1.2346e-01 -2.4691e-01
357 0 +3.156222532e-01 -3.412437775e+01 -3.412437775e+01 -1.2346e-01 +1.2346e-01 -2.6063e-01
399 0 +2.813392995e-01 -3.415866070e+01 -3.415866070e+01 -1.3717e-01 +1.3717e-01 -2.4691e-01
436 0 +2.481176781e-01 -3.419188232e+01 -3.419188232e+01 -3.7037e-01 +1.3580e+00 +1.3992e+00
662 0 +2.211167857e-01 -3.421888321e+01 -3.421888321e+01 -3.5665e-01 +1.3169e+00 +1.3169e+00
991 0 +1.640546958e-01 -3.427594530e+01 -3.427594530e+01 -3.2922e-01 +1.1934e+00 +1.0700e+00
1003 0 +1.361445304e-01 -3.430385547e+01 -3.430385547e+01 -3.2922e-01 +1.1797e+00 +1.0700e+00
1111 0 +4.513690143e-02 -3.439486310e+01 -3.439486310e+01 -2.8807e-01 +9.8765e-01 +7.4074e-01
1170 0 +4.277655708e-02 -3.439722344e+01 -3.439722344e+01 -2.8807e-01 +9.9223e-01 +7.4074e-01
1320 0 +3.975789229e-02 -3.440024211e+01 -3.440024211e+01 -2.8654e-01 +9.8765e-01 +7.3617e-01
1535 0 +3.529674256e-02 -3.440470326e+01 -3.440470326e+01 -2.8349e-01 +9.6936e-01 +7.0873e-01
1640 0 +1.259966750e-02 -3.442740033e+01 -3.442740033e+01 -2.3320e-01 +7.4074e-01 +3.7037e-01
1677 0 +2.854254081e-05 -3.443997146e+01 -3.443997146e+01 -2.3777e-01 +7.4074e-01 +3.7037e-01
17686 0 +2.854254081e-05 -3.443997146e+01 -3.443997146e+01 -2.3777e-01 +7.4074e-01 +3.7037e-01
% f evaluations | g evaluations | best noise-free fitness - Fopt (7.741000000000e+01) + sum g_i+ | measured fitness | best measured fitness or single-digit g-values | x1 | x2...
1 0 +1.300000000e+01 +9.041000000e+01 +9.041000000e+01 +0.0000e+00 +0.0000e+00 +0.0000e+00
16 0 +1.163776660e+01 +8.904776660e+01 +8.904776660e+01 +0.0000e+00 +0.0000e+00 +1.1111e+00
28 0 +9.493406904e+00 +8.690340690e+01 +8.690340690e+01 +3.7037e-01 +0.0000e+00 +1.1111e+00
31 0 +7.796690436e+00 +8.520669044e+01 +8.520669044e+01 +0.0000e+00 -3.7037e-01 +1.1111e+00
41 0 +6.222562931e+00 +8.363256293e+01 +8.363256293e+01 -3.7037e-01 -3.7037e-01 +1.1111e+00
56 0 +5.015942307e+00 +8.242594231e+01 +8.242594231e+01 -2.4691e-01 -3.7037e-01 +1.1111e+00
74 0 +3.427396319e+00 +8.083739632e+01 +8.083739632e+01 -2.4691e-01 -2.4691e-01 +1.1111e+00
87 0 +3.037240476e+00 +8.044724048e+01 +8.044724048e+01 -2.4691e-01 -2.4691e-01 +9.8765e-01
97 0 +2.774147880e+00 +8.018414788e+01 +8.018414788e+01 -3.7037e-01 -2.4691e-01 +9.8765e-01
111 0 +2.173642717e+00 +7.958364272e+01 +7.958364272e+01 +2.4691e-01 +0.0000e+00 -3.7037e-01
115 0 +1.420435925e+00 +7.883043593e+01 +7.883043593e+01 +3.7037e-01 +0.0000e+00 -4.9383e-01
125 0 +5.509182419e-01 +7.796091824e+01 +7.796091824e+01 +2.4691e-01 +0.0000e+00 -4.9383e-01
142 0 +4.461818756e-02 +7.745461819e+01 +7.745461819e+01 +2.8807e-01 +0.0000e+00 -4.9383e-01
242 0 +3.279346492e-02 +7.744279346e+01 +7.744279346e+01 +3.0178e-01 +0.0000e+00 -5.0297e-01
278 0 +2.936841541e-02 +7.743936842e+01 +7.743936842e+01 +3.0636e-01 +4.5725e-03 -5.0297e-01
959 0 +2.681044566e-02 +7.743681045e+01 +7.743681045e+01 +3.7037e-01 +4.1152e-02 -5.3498e-01
1047 0 +1.855626557e-02 +7.742855627e+01 +7.742855627e+01 +3.6580e-01 +4.1152e-02 -5.3498e-01
1062 0 +1.645335958e-02 +7.742645336e+01 +7.742645336e+01 +3.8409e-01 +5.4870e-02 -5.4870e-01
1078 0 +1.370151265e-02 +7.742370151e+01 +7.742370151e+01 +3.8866e-01 +5.4870e-02 -5.4870e-01
1652 0 +1.256376507e-02 +7.742256377e+01 +7.742256377e+01 +3.9018e-01 +5.6394e-02 -5.5175e-01
2049 0 +1.791114323e-03 +7.741179111e+01 +7.741179111e+01 +6.1728e-01 +2.0576e-01 -6.7215e-01
2215 0 +1.603731848e-03 +7.741160373e+01 +7.741160373e+01 +6.1576e-01 +2.0576e-01 -6.7215e-01
2219 0 +1.584853903e-03 +7.741158485e+01 +7.741158485e+01 +6.1728e-01 +2.0576e-01 -6.7368e-01
2358 0 +8.691144754e-04 +7.741086911e+01 +7.741086911e+01 +6.0357e-01 +1.9662e-01 -6.6606e-01
2623 0 +6.789619552e-04 +7.741067896e+01 +7.741067896e+01 +5.9747e-01 +1.9204e-01 -6.6301e-01
3735 0 +3.280169824e-04 +7.741032802e+01 +7.741032802e+01 +5.3041e-01 +1.4632e-01 -6.2795e-01
3834 0 +2.049102292e-04 +7.741020491e+01 +7.741020491e+01 +5.3650e-01 +1.5089e-01 -6.3100e-01
4149 0 +1.316951977e-04 +7.741013170e+01 +7.741013170e+01 +5.4870e-01 +1.5851e-01 -6.3710e-01
6692 0 +9.176266029e-05 +7.741009176e+01 +7.741009176e+01 +5.5327e-01 +1.6156e-01 -6.4015e-01
6822 0 +8.191046663e-05 +7.741008191e+01 +7.741008191e+01 +5.5479e-01 +1.6308e-01 -6.4015e-01
6934 0 +7.535515738e-05 +7.741007536e+01 +7.741007536e+01 +5.5022e-01 +1.6004e-01 -6.3862e-01
13202 0 +8.684340827e-06 +7.741000868e+01 +7.741000868e+01 +5.5937e-01 +1.6613e-01 -6.4319e-01
17308 0 +8.684340827e-06 +7.741000868e+01 +7.741000868e+01 +5.5937e-01 +1.6613e-01 -6.4319e-01
