% f evaluations | g evaluations | best noise-free fitness - Fopt (-9.210000000000e+00) + sum g_i+ | measured fitness | best measured fitness or single-digit g-values | x1 | x2...
1 0 +7.081138830e+01 +6.160138830e+01 +6.160138830e+01 +0.0000e+00 +0.0000e+00 +0.0000e+00
3 0 +4.410532639e+01 +3.489532639e+01 +3.489532639e+01 -8.3640e-01 +2.0925e+00 +2.0925e+00
6 0 +3.826892443e+01 +2.905892443e+01 +2.905892443e+01 +5.0215e+00 +2.0925e+00 +2.0925e+00
12 0 +3.198216750e+01 +2.277216750e+01 +2.277216750e+01 +2.0925e+00 +5.0215e+00 +2.0925e+00
18 0 +1.210169648e+01 +2.891696481e+00 +2.891696481e+00 +2.0925e+00 +2.0925e+00 +5.0215e+00
116 0 +9.863152203e+00 +6.531522029e-01 +6.531522029e-01 +4.0026e+00 +4.0026e+00 +4.4288e+00
118 0 +8.865748713e+00 -3.442512867e-01 -3.442512867e-01 +5.0032e+00 +4.0026e+00 +4.4288e+00
120 0 +5.711681940e+00 -3.498318060e+00 -3.498318060e+00 +5.0032e+00 +5.0032e+00 +4.4288e+00
122 0 +0.000000000e+00 -9.210000000e+00 -9.210000000e+00 +5.0032e+00 +5.0032e+00 +5.4295e+00
30000 0 +0.000000000e+00 -9.210000000e+00 -9.210000000e+00 +5.0032e+00 +5.0032e+00 +5.4295e+00
% f evaluations | g evaluations | best noise-free fitness - Fopt (6.559900000000e+02) + sum g_i+ | measured fitness | best measured fitness or single-digit g-values | x1 | x2...
1 0 +7.081138830e+01 +7.268013883e+02 +7.268013883e+02 +0.0000e+00 +0.0000e+00 +0.0000e+00
4 0 +4.829038685e+01 +7.042803868e+02 +7.042803868e+02 -5.0215e+00 -2.0925e+00 -2.0925e+00
7 0 +4.243252247e+01 +6.984225225e+02 +6.984225225e+02 +8.3640e-01 -2.0925e+00 -2.0925e+00
10 0 +3.616722795e+01 +6.921572280e+02 +6.921572280e+02 -2.0925e+00 -5.0215e+00 -2.0925e+00
16 0 +1.628675694e+01 +6.722767569e+02 +6.722767569e+02 -2.0925e+00 -2.0925e+00 -5.0215e+00
115 0 +9.863152203e+00 +6.658531522e+02 +6.658531522e+02 +4.0026e+00 -4.0026e+00 -4.4288e+00
118 0 +8.865748713e+00 +6.648557487e+02 +6.648557487e+02 +5.0032e+00 -4.0026e+00 -4.4288e+00
119 0 +5.711681940e+00 +6.617016819e+02 +6.617016819e+02 +5.0032e+00 -5.0032e+00 -4.4288e+00
121 0 +0.000000000e+00 +6.559900000e+02 +6.559900000e+02 +5.0032e+00 -5.0032e+00 -5.4295e+00
30000 0 +0.000000000e+00 +6.559900000e+02 +6.559900000e+02 +5.0032e+00 -5.0032e+00 -5.4295e+00
% f evaluations | g evaluations | best noise-free fitness - Fopt (6.671000000000e+01) + sum g_i+ | measured fitness | best measured fitness or single-digit g-values | x1 | x2...
1 0 +7.081138830e+01 +1.375213883e+02 +1.375213883e+02 +0.0000e+00 +0.0000e+00 +0.0000e+00
2 0 +6.788245611e+01 +1.345924561e+02 +1.345924561e+02 -2.9289e+00 +0.0000e+00 +0.0000e+00
4 0 +3.826892443e+01 +1.049789244e+02 +1.049789244e+02 -5.0215e+00 -2.0925e+00 -2.0925e+00
10 0 +3.198216750e+01 +9.869216750e+01 +9.869216750e+01 -2.0925e+00 -5.0215e+00 -2.0925e+00
16 0 +1.210169648e+01 +7.881169648e+01 +7.881169648e+01 -2.0925e+00 -2.0925e+00 -5.0215e+00
115 0 +9.863152203e+00 +7.657315220e+01 +7.657315220e+01 -4.0026e+00 -4.0026e+00 -4.4288e+00
117 0 +8.865748713e+00 +7.557574871e+01 +7.557574871e+01 -5.0032e+00 -4.0026e+00 -4.4288e+00
119 0 +5.711681940e+00 +7.242168194e+01 +7.242168194e+01 -5.0032e+00 -5.0032e+00 -4.4288e+00
121 0 +0.000000000e+00 +6.671000000e+01 +6.671000000e+01 -5.0032e+00 -5.0032e+00 -5.4295e+00
30000 0 +0.000000000e+00 +6.671000000e+01 +6.671000000e+01 -5.0032e+00 -5.0032e+00 -5.4295e+00
% f evaluations | g evaluations | best noise-free fitness - Fopt (9.416700000000e+02) + sum g_i+ | measured fitness | best measured fitness or single-digit g-values | x1 | x2...
1 0 +7.081138830e+01 +1.012481388e+03 +1.012481388e+03 +0.0000e+00 +0.0000e+00 +0.0000e+00
2 0 +6.788245611e+01 +1.009552456e+03 +1.009552456e+03 -2.9289e+00 +0.0000e+00 +0.0000e+00
3 0 +5.566684566e+01 +9.973368457e+02 +9.973368457e+02 -8.3640e-01 +2.0925e+00 +2.0925e+00
9 0 +4.933368102e+01 +9.910036810e+02 +9.910036810e+02 +2.0925e+00 -8.3640e-01 +2.0925e+00
17 0 +4.152206642e+01 +9.831920664e+02 +9.831920664e+02 +0.0000e+00 +0.0000e+00 +2.9289e+00
18 0 +2.952108012e+01 +9.711910801e+02 +9.711910801e+02 +2.0925e+00 +2.0925e+00 +5.0215e+00
110 0 +2.403462299e+01 +9.657046230e+02 +9.657046230e+02 -3.0019e+00 -3.0019e+00 +3.4282e+00
113 0 +1.986964348e+01 +9.615396435e+02 +9.615396435e+02 -4.0026e+00 -4.0026e+00 +3.4282e+00
116 0 +9.863152203e+00 +9.515331522e+02 +9.515331522e+02 -4.0026e+00 -4.0026e+00 +4.4288e+00
117 0 +8.865748713e+00 +9.505357487e+02 +9.505357487e+02 -5.0032e+00 -4.0026e+00 +4.4288e+00
119 0 +5.711681940e+00 +9.473816819e+02 +9.473816819e+02 -5.0032e+00 -5.0032e+00 +4.4288e+00
122 0 +0.000000000e+00 +9.416700000e+02 +9.416700000e+02 -5.0032e+00 -5.0032e+00 +5.4295e+00
30000 0 +0.000000000e+00 +9.416700000e+02 +9.416700000e+02 -5.0032e+00 -5.0032e+00 +5.4295e+00
% f evaluations | g evaluations | best noise-free fitness - Fopt (-3.745000000000e+01) + sum g_i+ | measured fitness | best measured fitness or single-digit g-values | x1 | x2...
1 0 +7.081138830e+01 +3.336138830e+01 +3.336138830e+01 +0.0000e+00 +0.0000e+00 +0.0000e+00
3 0 +4.410532639e+01 +6.655326392e+00 +6.655326392e+00 -8.3640e-01 +2.0925e+00 +2.0925e+00
6 0 +3.826892443e+01 +8.189244314e-01 +8.189244314e-01 +5.0215e+00 +2.0925e+00 +2.0925e+00
12 0 +3.198216750e+01 -5.467832505e+00 -5.467832505e+00 +2.0925e+00 +5.0215e+00 +2.0925e+00
18 0 +1.210169648e+01 -2.534830352e+01 -2.534830352e+01 +2.0925e+00 +2.0925e+00 +5.0215e+00
116 0 +9.863152203e+00 -2.758684780e+01 -2.758684780e+01 +4.0026e+00 +4.0026e+00 +4.4288e+00
118 0 +8.865748713e+00 -2.858425129e+01 -2.858425129e+01 +5.0032e+00 +4.0026e+00 +4.4288e+00
120 0 +5.711681940e+00 -3.173831806e+01 -3.173831806e+01 +5.0032e+00 +5.0032e+00 +4.4288e+00
122 0 +0.000000000e+00 -3.745000000e+01 -3.745000000e+01 +5.0032e+00 +5.0032e+00 +5.4295e+00
30000 0 +0.000000000e+00 -3.745000000e+01 -3.745000000e+01 +5.0032e+00 +5.0032e+00 +5.4295e+00
% f evaluations | g evaluations | best noise-free fitness - Fopt (-1.000000000000e+03) + sum g_i+ | measured fitness | best measured fitness or single-digit g-values | x1 | x2...
1 0 +7.081138830e+01 -9.291886117e+02 -9.291886117e+02 +0.0000e+00 +0.0000e+00 +0.0000e+00
2 0 +6.788245611e+01 -9.321175439e+02 -9.321175439e+02 -2.9289e+00 +0.0000e+00 +0.0000e+00
4 0 +3.826892443e+01 -9.617310756e+02 -9.617310756e+02 -5.0215e+00 -2.0925e+00 -2.0925e+00
10 0 +3.198216750e+01 -9.680178325e+02 -9.680178325e+02 -2.0925e+00 -5.0215e+00 -2.0925e+00
16 0 +1.210169648e+01 -9.878983035e+02 -9.878983035e+02 -2.0925e+00 -2.0925e+00 -5.0215e+00
107 0 +8.770463841e+00 -9.912295362e+02 -9.912295362e+02 -3.0019e+00 -4.9262e+00 -4.3461e+00
109 0 +2.231545983e+00 -9.977684540e+02 -9.977684540e+02 -3.0019e+00 -4.9262e+00 -5.3468e+00
111 0 +1.230896856e+00 -9.987691031e+02 -9.987691031e+02 -4.0026e+00 -4.9262e+00 -5.3468e+00
113 0 +9.974034896e-01 -9.990025965e+02 -9.990025965e+02 -4.0026e+00 -5.9268e+00 -5.3468e+00
117 0 +0.000000000e+00 -1.000000000e+03 -1.000000000e+03 -5.0032e+00 -5.9268e+00 -5.3468e+00
30000 0 +0.000000000e+00 -1.000000000e+03 -1.000000000e+03 -5.0032e+00 -5.9268e+00 -5.3468e+00
% f evaluations | g evaluations | best noise-free fitness - Fopt (-1.040300000000e+02) + sum g_i+ | measured fitness | best measured fitness or single-digit g-values | x1 | x2...
1 0 +7.081138830e+01 -3.321861170e+01 -3.321861170e+01 +0.0000e+00 +0.0000e+00 +0.0000e+00
3 0 +5.733964958e+01 -4.669035042e+01 -4.669035042e+01 -8.3640e-01 +2.0925e+00 +2.0925e+00
6 0 +5.150324762e+01 -5.252675238e+01 -5.252675238e+01 +5.0215e+00 +2.0925e+00 +2.0925e+00
9 0 +4.514862056e+01 -5.888137944e+01 -5.888137944e+01 +2.0925e+00 -8.3640e-01 +2.0925e+00
17 0 +4.152206642e+01 -6.250793358e+01 -6.250793358e+01 +0.0000e+00 +0.0000e+00 +2.9289e+00
18 0 +2.533601967e+01 -7.869398033e+01 -7.869398033e+01 +2.0925e+00 +2.0925e+00 +5.0215e+00
27 0 +2.291980014e+01 -8.111019986e+01 -8.111019986e+01 +1.5168e+00 -6.0629e-01 +4.4458e+00
35 0 +2.081138830e+01 -8.321861170e+01 -8.321861170e+01 +0.0000e+00 +0.0000e+00 +5.0520e+00
116 0 +1.838785811e+01 -8.564214189e+01 -8.564214189e+01 +4.0026e+00 -4.0026e+00 +3.5764e+00
118 0 +1.739045462e+01 -8.663954538e+01 -8.663954538e+01 +5.0032e+00 -4.0026e+00 +3.5764e+00
119 0 +1.423638785e+01 -8.979361215e+01 -8.979361215e+01 +5.0032e+00 -5.0032e+00 +3.5764e+00
122 0 +4.229896575e+00 -9.980010342e+01 -9.980010342e+01 +5.0032e+00 -5.0032e+00 +4.5770e+00
128 0 +0.000000000e+00 -1.040300000e+02 -1.040300000e+02 +5.0032e+00 -5.0032e+00 +5.5777e+00
30000 0 +0.000000000e+00 -1.040300000e+02 -1.040300000e+02 +5.0032e+00 -5.0032e+00 +5.5777e+00
% f evaluations | g evaluations | best noise-free fitness - Fopt (9.284000000000e+01) + sum g_i+ | measured fitness | best measured fitness or single-digit g-values | x1 | x2...
1 0 +7.081138830e+01 +1.636513883e+02 +1.636513883e+02 +0.0000e+00 +0.0000e+00 +0.0000e+00
2 0 +6.788245611e+01 +1.607224561e+02 +1.607224561e+02 -2.9289e+00 +0.0000e+00 +0.0000e+00
4 0 +3.826892443e+01 +1.311089244e+02 +1.311089244e+02 -5.0215e+00 -2.0925e+00 -2.0925e+00
10 0 +3.198216750e+01 +1.248221675e+02 +1.248221675e+02 -2.0925e+00 -5.0215e+00 -2.0925e+00
16 0 +1.210169648e+01 +1.049416965e+02 +1.049416965e+02 -2.0925e+00 -2.0925e+00 -5.0215e+00
115 0 +9.863152203e+00 +1.027031522e+02 +1.027031522e+02 -4.0026e+00 -4.0026e+00 -4.4288e+00
117 0 +8.865748713e+00 +1.017057487e+02 +1.017057487e+02 -5.0032e+00 -4.0026e+00 -4.4288e+00
119 0 +5.711681940e+00 +9.855168194e+01 +9.855168194e+01 -5.0032e+00 -5.0032e+00 -4.4288e+00
121 0 +0.000000000e+00 +9.284000000e+01 +9.284000000e+01 -5.0032e+00 -5.0032e+00 -5.4295e+00
30000 0 +0.000000000e+00 +9.284000000e+01 +9.284000000e+01 -5.0032e+00 -5.0032e+00 -5.4295e+00
% f evaluations | g evaluations | best noise-free fitness - Fopt (2.480000000000e+01) + sum g_i+ | measured fitness | best measured fitness or single-digit g-values | x1 | x2...
1 0 +7.081138830e+01 +9.561138830e+01 +9.561138830e+01 +0.0000e+00 +0.0000e+00 +0.0000e+00
3 0 +5.733964958e+01 +8.213964958e+01 +8.213964958e+01 -8.3640e-01 +2.0925e+00 +2.0925e+00
6 0 +5.150324762e+01 +7.630324762e+01 +7.630324762e+01 +5.0215e+00 +2.0925e+00 +2.0925e+00
9 0 +4.514862056e+01 +6.994862056e+01 +6.994862056e+01 +2.0925e+00 -8.3640e-01 +2.0925e+00
17 0 +4.152206642e+01 +6.632206642e+01 +6.632206642e+01 +0.0000e+00 +0.0000e+00 +2.9289e+00
18 0 +2.533601967e+01 +5.013601967e+01 +5.013601967e+01 +2.0925e+00 +2.0925e+00 +5.0215e+00
110 0 +2.403462299e+01 +4.883462299e+01 +4.883462299e+01 +3.0019e+00 -3.0019e+00 +3.4282e+00
113 0 +1.986964348e+01 +4.466964348e+01 +4.466964348e+01 +4.0026e+00 -4.0026e+00 +3.4282e+00
116 0 +9.863152203e+00 +3.466315220e+01 +3.466315220e+01 +4.0026e+00 -4.0026e+00 +4.4288e+00
118 0 +8.865748713e+00 +3.366574871e+01 +3.366574871e+01 +5.0032e+00 -4.0026e+00 +4.4288e+00
119 0 +5.711681940e+00 +3.051168194e+01 +3.051168194e+01 +5.0032e+00 -5.0032e+00 +4.4288e+00
122 0 +0.000000000e+00 +2.480000000e+01 +2.480000000e+01 +5.0032e+00 -5.0032e+00 +5.4295e+00
30000 0 +0.000000000e+00 +2.480000000e+01 +2.480000000e+01 +5.0032e+00 -5.0032e+00 +5.4295e+00
% f evaluations | g evaluations | best noise-free fitness - Fopt (-8.410000000000e+01) + sum g_i+ | measured fitness | best measured fitness or single-digit g-values | x1 | x2...
1 0 +7.081138830e+01 -1.328861170e+01 -1.328861170e+01 +0.0000e+00 +0.0000e+00 +0.0000e+00
4 0 +4.829038685e+01 -3.580961315e+01 -3.580961315e+01 -5.0215e+00 -2.0925e+00 -2.0925e+00
7 0 +4.243252247e+01 -4.166747753e+01 -4.166747753e+01 +8.3640e-01 -2.0925e+00 -2.0925e+00
10 0 +3.616722795e+01 -4.793277205e+01 -4.793277205e+01 -2.0925e+00 -5.0215e+00 -2.0925e+00
16 0 +1.628675694e+01 -6.781324306e+01 -6.781324306e+01 -2.0925e+00 -2.0925e+00 -5.0215e+00
103 0 +8.953690602e+00 -7.514630940e+01 -7.514630940e+01 +2.0013e+00 -3.1169e+00 -5.1548e+00
106 0 +7.953041475e+00 -7.614695853e+01 -7.614695853e+01 +3.0019e+00 -3.1169e+00 -5.1548e+00
107 0 +4.788711093e+00 -7.931128891e+01 -7.931128891e+01 +3.0019e+00 -4.1175e+00 -5.1548e+00
112 0 +3.788061965e+00 -8.031193803e+01 -8.031193803e+01 +4.0026e+00 -4.1175e+00 -5.1548e+00
113 0 +9.974034896e-01 -8.310259651e+01 -8.310259651e+01 +4.0026e+00 -5.1182e+00 -5.1548e+00
118 0 +0.000000000e+00 -8.410000000e+01 -8.410000000e+01 +5.0032e+00 -5.1182e+00 -5.1548e+00
30000 0 +0.000000000e+00 -8.410000000e+01 -8.410000000e+01 +5.0032e+00 -5.1182e+00 -5.1548e+00
% f evaluations | g evaluations | best noise-free fitness - Fopt (-2.160000000000e+01) + sum g_i+ | measured fitness | best measured fitness or single-digit g-values | x1 | x2...
1 0 +7.081138830e+01 +4.921138830e+01 +4.921138830e+01 +0.0000e+00 +0.0000e+00 +0.0000e+00
4 0 +4.829038685e+01 +2.669038685e+01 +2.669038685e+01 -5.0215e+00 -2.0925e+00 -2.0925e+00
7 0 +4.243252247e+01 +2.083252247e+01 +2.083252247e+01 +8.3640e-01 -2.0925e+00 -2.0925e+00
10 0 +3.616722795e+01 +1.456722795e+01 +1.456722795e+01 -2.0925e+00 -5.0215e+00 -2.0925e+00
16 0 +1.628675694e+01 -5.313243064e+00 -5.313243064e+00 -2.0925e+00 -2.0925e+00 -5.0215e+00
115 0 +9.863152203e+00 -1.173684780e+01 -1.173684780e+01 +4.0026e+00 -4.0026e+00 -4.4288e+00
118 0 +8.865748713e+00 -1.273425129e+01 -1.273425129e+01 +5.0032e+00 -4.0026e+00 -4.4288e+00
119 0 +5.711681940e+00 -1.588831806e+01 -1.588831806e+01 +5.0032e+00 -5.0032e+00 -4.4288e+00
121 0 +0.000000000e+00 -2.160000000e+01 -2.160000000e+01 +5.0032e+00 -5.0032e+00 -5.4295e+00
30000 0 +0.000000000e+00 -2.160000000e+01 -2.160000000e+01 +5.0032e+00 -5.0032e+00 -5.4295e+00
% f evaluations | g evaluations | best noise-free fitness - Fopt (9.337000000000e+01) + sum g_i+ | measured fitness | best measured fitness or single-digit g-values | x1 | x2...
1 0 +7.081138830e+01 +1.641813883e+02 +1.641813883e+02 +0.0000e+00 +0.0000e+00 +0.0000e+00
2 0 +6.788245611e+01 +1.612524561e+02 +1.612524561e+02 -2.9289e+00 +0.0000e+00 +0.0000e+00
4 0 +5.150324762e+01 +1.448732476e+02 +1.448732476e+02 -5.0215e+00 -2.0925e+00 -2.0925e+00
13 0 +4.514862056e+01 +1.385186206e+02 +1.385186206e+02 -2.0925e+00 +8.3640e-01 -2.0925e+00
14 0 +4.152206642e+01 +1.348920664e+02 +1.348920664e+02 +0.0000e+00 +0.0000e+00 -2.9289e+00
16 0 +2.533601967e+01 +1.187060197e+02 +1.187060197e+02 -2.0925e+00 -2.0925e+00 -5.0215e+00
109 0 +2.403462299e+01 +1.174046230e+02 +1.174046230e+02 -3.0019e+00 +3.0019e+00 -3.4282e+00
114 0 +1.986964348e+01 +1.132396435e+02 +1.132396435e+02 -4.0026e+00 +4.0026e+00 -3.4282e+00
115 0 +9.863152203e+00 +1.032331522e+02 +1.032331522e+02 -4.0026e+00 +4.0026e+00 -4.4288e+00
117 0 +8.865748713e+00 +1.022357487e+02 +1.022357487e+02 -5.0032e+00 +4.0026e+00 -4.4288e+00
120 0 +5.711681940e+00 +9.908168194e+01 +9.908168194e+01 -5.0032e+00 +5.0032e+00 -4.4288e+00
121 0 +0.000000000e+00 +9.337000000e+01 +9.337000000e+01 -5.0032e+00 +5.0032e+00 -5.4295e+00
30000 0 +0.000000000e+00 +9.337000000e+01 +9.337000000e+01 -5.0032e+00 +5.0032e+00 -5.4295e+00
% f evaluations | g evaluations | best noise-free fitness - Fopt (-7.820000000000e+01) + sum g_i+ | measured fitness | best measured fitness or single-digit g-values | x1 | x2...
1 0 +7.081138830e+01 -7.388611699e+00 -7.388611699e+00 +0.0000e+00 +0.0000e+00 +0.0000e+00
3 0 +5.733964958e+01 -2.086035042e+01 -2.086035042e+01 -8.3640e-01 +2.0925e+00 +2.0925e+00
6 0 +5.150324762e+01 -2.669675238e+01 -2.669675238e+01 +5.0215e+00 +2.0925e+00 +2.0925e+00
9 0 +4.514862056e+01 -3.305137944e+01 -3.305137944e+01 +2.0925e+00 -8.3640e-01 +2.0925e+00
17 0 +4.152206642e+01 -3.667793358e+01 -3.667793358e+01 +0.0000e+00 +0.0000e+00 +2.9289e+00
18 0 +2.533601967e+01 -5.286398033e+01 -5.286398033e+01 +2.0925e+00 +2.0925e+00 +5.0215e+00
27 0 +2.291980014e+01 -5.528019986e+01 -5.528019986e+01 +1.5168e+00 -6.0629e-01 +4.4458e+00
35 0 +2.081138830e+01 -5.738861170e+01 -5.738861170e+01 +0.0000e+00 +0.0000e+00 +5.0520e+00
113 0 +1.992605216e+01 -5.827394784e+01 -5.827394784e+01 +4.0026e+00 -4.0026e+00 +3.4225e+00
116 0 +9.919560885e+00 -6.828043911e+01 -6.828043911e+01 +4.0026e+00 -4.0026e+00 +4.4232e+00
119 0 +5.768090622e+00 -7.243190938e+01 -7.243190938e+01 +5.0032e+00 -5.0032e+00 +4.4232e+00
122 0 +0.000000000e+00 -7.820000000e+01 -7.820000000e+01 +5.0032e+00 -5.0032e+00 +5.4238e+00
30000 0 +0.000000000e+00 -7.820000000e+01 -7.820000000e+01 +5.0032e+00 -5.0032e+00 +5.4238e+00
% f evaluations | g evaluations | best noise-free fitness - Fopt (3.822000000000e+02) + sum g_i+ | measured fitness | best measured fitness or single-digit g-values | x1 | x2...
1 0 +7.081138830e+01 +4.530113883e+02 +4.530113883e+02 +0.0000e+00 +0.0000e+00 +0.0000e+00
2 0 +6.788245611e+01 +4.500824561e+02 +4.500824561e+02 -2.9289e+00 +0.0000e+00 +0.0000e+00
3 0 +5.566684566e+01 +4.378668457e+02 +4.378668457e+02 -8.3640e-01 +2.0925e+00 +2.0925e+00
9 0 +4.933368102e+01 +4.315336810e+02 +4.315336810e+02 +2.0925e+00 -8.3640e-01 +2.0925e+00
17 0 +4.152206642e+01 +4.237220664e+02 +4.237220664e+02 +0.0000e+00 +0.0000e+00 +2.9289e+00
18 0 +2.952108012e+01 +4.117210801e+02 +4.117210801e+02 +2.0925e+00 +2.0925e+00 +5.0215e+00
110 0 +2.403462299e+01 +4.062346230e+02 +4.062346230e+02 -3.0019e+00 -3.0019e+00 +3.4282e+00
113 0 +1.986964348e+01 +4.020696435e+02 +4.020696435e+02 -4.0026e+00 -4.0026e+00 +3.4282e+00
116 0 +9.863152203e+00 +3.920631522e+02 +3.920631522e+02 -4.0026e+00 -4.0026e+00 +4.4288e+00
117 0 +8.865748713e+00 +3.910657487e+02 +3.910657487e+02 -5.0032e+00 -4.0026e+00 +4.4288e+00
119 0 +5.711681940e+00 +3.879116819e+02 +3.879116819e+02 -5.0032e+00 -5.0032e+00 +4.4288e+00
122 0 +0.000000000e+00 +3.822000000e+02 +3.822000000e+02 -5.0032e+00 -5.0032e+00 +5.4295e+00
30000 0 +0.000000000e+00 +3.822000000e+02 +3.822000000e+02 -5.0032e+00 -5.0032e+00 +5.4295e+00
% f evaluations | g evaluations | best noise-free fitness - Fopt (4.034800000000e+02) + sum g_i+ | measured fitness | best measured fitness or single-digit g-values | x1 | x2...
1 0 +7.081138830e+01 +4.742913883e+02 +4.742913883e+02 +0.0000e+00 +0.0000e+00 +0.0000e+00
2 0 +6.788245611e+01 +4.713624561e+02 +4.713624561e+02 -2.9289e+00 +0.0000e+00 +0.0000e+00
4 0 +3.826892443e+01 +4.417489244e+02 +4.417489244e+02 -5.0215e+00 -2.0925e+00 -2.0925e+00
10 0 +3.198216750e+01 +4.354621675e+02 +4.354621675e+02 -2.0925e+00 -5.0215e+00 -2.0925e+00
16 0 +1.210169648e+01 +4.155816965e+02 +4.155816965e+02 -2.0925e+00 -2.0925e+00 -5.0215e+00
115 0 +9.863152203e+00 +4.133431522e+02 +4.133431522e+02 -4.0026e+00 -4.0026e+00 -4.4288e+00
117 0 +8.865748713e+00 +4.123457487e+02 +4.123457487e+02 -5.0032e+00 -4.0026e+00 -4.4288e+00
119 0 +5.711681940e+00 +4.091916819e+02 +4.091916819e+02 -5.0032e+00 -5.0032e+00 -4.4288e+00
121 0 +0.000000000e+00 +4.034800000e+02 +4.034800000e+02 -5.0032e+00 -5.0032e+00 -5.4295e+00
30000 0 +0.000000000e+00 +4.034800000e+02 +4.034800000e+02 -5.0032e+00 -5.0032e+00 -5.4295e+00
