% f evaluations | g evaluations | best noise-free fitness - Fopt (1.491500000000e+02) + sum g_i+ | measured fitness | best measured fitness or single-digit g-values | x1 | x2...
1 0 +1.737629871e+04 +1.752544871e+04 +1.752544871e+04
4 0 +1.197473920e+04 +1.212388920e+04 +1.212388920e+04
7 0 +1.018035939e+04 +1.032950939e+04 +1.032950939e+04
25 0 +3.816983947e+03 +3.966133947e+03 +3.966133947e+03
26 0 +2.843801178e+03 +2.992951178e+03 +2.992951178e+03
28 0 +2.602865965e+03 +2.752015965e+03 +2.752015965e+03
495 0 +2.064469244e+03 +2.213619244e+03 +2.213619244e+03
510 0 +1.881255443e+03 +2.030405443e+03 +2.030405443e+03
511 0 +2.045245219e+02 +3.536745219e+02 +3.536745219e+02
543 0 +1.951782096e+02 +3.443282096e+02 +3.443282096e+02
562 0 +1.714602499e+02 +3.206102499e+02 +3.206102499e+02
591 0 +1.425159445e+02 +2.916659445e+02 +2.916659445e+02
595 0 +1.125228453e+02 +2.616728453e+02 +2.616728453e+02
601 0 +1.104762346e+02 +2.596262346e+02 +2.596262346e+02
613 0 +9.349225745e+01 +2.426422575e+02 +2.426422575e+02
631 0 +8.254846108e+01 +2.316984611e+02 +2.316984611e+02
689 0 +7.918693238e+01 +2.283369324e+02 +2.283369324e+02
715 0 +7.029299894e+01 +2.194429989e+02 +2.194429989e+02
1033 0 +6.308529526e+01 +2.122352953e+02 +2.122352953e+02
1241 0 +5.606870662e+01 +2.052187066e+02 +2.052187066e+02
1351 0 +5.007469160e+01 +1.992246916e+02 +1.992246916e+02
1431 0 +4.461186375e+01 +1.937618637e+02 +1.937618637e+02
1495 0 +3.955520923e+01 +1.887052092e+02 +1.887052092e+02
1541 0 +3.543255572e+01 +1.845825557e+02 +1.845825557e+02
1593 0 +3.162237910e+01 +1.807723791e+02 +1.807723791e+02
1635 0 +2.793863529e+01 +1.770886353e+02 +1.770886353e+02
1673 0 +2.502738183e+01 +1.741773818e+02 +1.741773818e+02
1699 0 +2.234639386e+01 +1.714963939e+02 +1.714963939e+02
1737 0 +1.971334144e+01 +1.688633414e+02 +1.688633414e+02
1773 0 +1.777148608e+01 +1.669214861e+02 +1.669214861e+02
1797 0 +1.573493472e+01 +1.648849347e+02 +1.648849347e+02
1833 0 +1.410934289e+01 +1.632593429e+02 +1.632593429e+02
1857 0 +1.233878556e+01 +1.614887856e+02 +1.614887856e+02
1893 0 +1.112758876e+01 +1.602775888e+02 +1.602775888e+02
1917 0 +9.767447833e+00 +1.589174478e+02 +1.589174478e+02
1955 0 +8.887527448e+00 +1.580375274e+02 +1.580375274e+02
2015 0 +7.866862612e+00 +1.570168626e+02 +1.570168626e+02
2426 0 +7.076980189e+00 +1.562269802e+02 +1.562269802e+02
2948 0 +6.296182398e+00 +1.554461824e+02 +1.554461824e+02
3384 0 +5.621253861e+00 +1.547712539e+02 +1.547712539e+02
3808 0 +5.009648016e+00 +1.541596480e+02 +1.541596480e+02
4472 0 +4.463470369e+00 +1.536134704e+02 +1.536134704e+02
5092 0 +3.973544723e+00 +1.531235447e+02 +1.531235447e+02
5612 0 +3.541146166e+00 +1.526911462e+02 +1.526911462e+02
6094 0 +3.161227815e+00 +1.523112278e+02 +1.523112278e+02
6530 0 +2.815660361e+00 +1.519656604e+02 +1.519656604e+02
6876 0 +2.510050418e+00 +1.516600504e+02 +1.516600504e+02
7216 0 +2.231786352e+00 +1.513817864e+02 +1.513817864e+02
7554 0 +1.993225894e+00 +1.511432259e+02 +1.511432259e+02
7816 0 +1.777190414e+00 +1.509271904e+02 +1.509271904e+02
8056 0 +1.584146171e+00 +1.507341462e+02 +1.507341462e+02
8278 0 +1.410571265e+00 +1.505605713e+02 +1.505605713e+02
8500 0 +1.257506283e+00 +1.504075063e+02 +1.504075063e+02
8736 0 +1.119686284e+00 +1.502696863e+02 +1.502696863e+02
8918 0 +9.994273331e-01 +1.501494273e+02 +1.501494273e+02
9100 0 +8.878805003e-01 +1.500378805e+02 +1.500378805e+02
9274 0 +7.919553706e-01 +1.499419554e+02 +1.499419554e+02
9460 0 +7.031462040e-01 +1.498531462e+02 +1.498531462e+02
9634 0 +6.296654984e-01 +1.497796655e+02 +1.497796655e+02
9808 0 +5.617926305e-01 +1.497117926e+02 +1.497117926e+02
10098 0 +5.005104044e-01 +1.496505104e+02 +1.496505104e+02
10362 0 +4.465496999e-01 +1.495965497e+02 +1.495965497e+02
10680 0 +3.969658544e-01 +1.495469659e+02 +1.495469659e+02
10936 0 +3.540595121e-01 +1.495040595e+02 +1.495040595e+02
11202 0 +3.156693442e-01 +1.494656693e+02 +1.494656693e+02
11464 0 +2.817757568e-01 +1.494317758e+02 +1.494317758e+02
11758 0 +2.506967578e-01 +1.494006968e+02 +1.494006968e+02
12058 0 +2.237981398e-01 +1.493737981e+02 +1.493737981e+02
12582 0 +1.993576569e-01 +1.493493577e+02 +1.493493577e+02
13122 0 +1.772807501e-01 +1.493272808e+02 +1.493272808e+02
13622 0 +1.583084572e-01 +1.493083085e+02 +1.493083085e+02
14162 0 +1.410712929e-01 +1.492910713e+02 +1.492910713e+02
14602 0 +1.258089053e-01 +1.492758089e+02 +1.492758089e+02
15102 0 +1.121186102e-01 +1.492621186e+02 +1.492621186e+02
15560 0 +9.990812645e-02 +1.492499081e+02 +1.492499081e+02
15998 0 +8.909441267e-02 +1.492390944e+02 +1.492390944e+02
16422 0 +7.935344865e-02 +1.492293534e+02 +1.492293534e+02
17162 0 +7.079002936e-02 +1.492207900e+02 +1.492207900e+02
17962 0 +6.295694055e-02 +1.492129569e+02 +1.492129569e+02
18718 0 +5.623124713e-02 +1.492062312e+02 +1.492062312e+02
19462 0 +5.006156208e-02 +1.492000616e+02 +1.492000616e+02
20162 0 +4.465267288e-02 +1.491946527e+02 +1.491946527e+02
20862 0 +3.977394425e-02 +1.491897739e+02 +1.491897739e+02
21482 0 +3.544258261e-02 +1.491854426e+02 +1.491854426e+02
22102 0 +3.151568227e-02 +1.491815157e+02 +1.491815157e+02
22718 0 +2.817007673e-02 +1.491781701e+02 +1.491781701e+02
23280 0 +2.510017340e-02 +1.491751002e+02 +1.491751002e+02
24062 0 +2.235584409e-02 +1.491723558e+02 +1.491723558e+02
25062 0 +1.994346607e-02 +1.491699435e+02 +1.491699435e+02
26062 0 +1.776551734e-02 +1.491677655e+02 +1.491677655e+02
26982 0 +1.582550851e-02 +1.491658255e+02 +1.491658255e+02
27842 0 +1.412031116e-02 +1.491641203e+02 +1.491641203e+02
28682 0 +1.257375157e-02 +1.491625738e+02 +1.491625738e+02
29498 0 +1.121946725e-02 +1.491612195e+02 +1.491612195e+02
30262 0 +9.994551535e-03 +1.491599946e+02 +1.491599946e+02
30980 0 +8.900522867e-03 +1.491589005e+02 +1.491589005e+02
31674 0 +7.926703080e-03 +1.491579267e+02 +1.491579267e+02
32382 0 +7.072776934e-03 +1.491570728e+02 +1.491570728e+02
33602 0 +6.303487391e-03 +1.491563035e+02 +1.491563035e+02
34782 0 +5.620966120e-03 +1.491556210e+02 +1.491556210e+02
35882 0 +5.010344874e-03 +1.491550103e+02 +1.491550103e+02
36922 0 +4.456548883e-03 +1.491544565e+02 +1.491544565e+02
37922 0 +3.972587946e-03 +1.491539726e+02 +1.491539726e+02
38862 0 +3.541993395e-03 +1.491535420e+02 +1.491535420e+02
39768 0 +3.158502218e-03 +1.491531585e+02 +1.491531585e+02
40622 0 +2.816004593e-03 +1.491528160e+02 +1.491528160e+02
41402 0 +2.510999817e-03 +1.491525110e+02 +1.491525110e+02
42162 0 +2.236820617e-03 +1.491522368e+02 +1.491522368e+02
43362 0 +1.993493315e-03 +1.491519935e+02 +1.491519935e+02
44742 0 +1.776475270e-03 +1.491517765e+02 +1.491517765e+02
46020 0 +1.583896159e-03 +1.491515839e+02 +1.491515839e+02
47222 0 +1.411810190e-03 +1.491514118e+02 +1.491514118e+02
48396 0 +1.258062497e-03 +1.491512581e+02 +1.491512581e+02
49480 0 +1.121211878e-03 +1.491511212e+02 +1.491511212e+02
50502 0 +9.987366774e-04 +1.491509987e+02 +1.491509987e+02
51516 0 +8.911757459e-04 +1.491508912e+02 +1.491508912e+02
52402 0 +7.927628125e-04 +1.491507928e+02 +1.491507928e+02
53302 0 +7.076980636e-04 +1.491507077e+02 +1.491507077e+02
54122 0 +6.308978686e-04 +1.491506309e+02 +1.491506309e+02
54882 0 +5.621529677e-04 +1.491505622e+02 +1.491505622e+02
55646 0 +5.003866392e-04 +1.491505004e+02 +1.491505004e+02
56802 0 +4.463432766e-04 +1.491504463e+02 +1.491504463e+02
58102 0 +3.980992900e-04 +1.491503981e+02 +1.491503981e+02
59362 0 +3.544063401e-04 +1.491503544e+02 +1.491503544e+02
60542 0 +3.161416946e-04 +1.491503161e+02 +1.491503161e+02
61682 0 +2.816082925e-04 +1.491502816e+02 +1.491502816e+02
62720 0 +2.510027479e-04 +1.491502510e+02 +1.491502510e+02
63738 0 +2.236819043e-04 +1.491502237e+02 +1.491502237e+02
64642 0 +1.994245502e-04 +1.491501994e+02 +1.491501994e+02
65554 0 +1.776485743e-04 +1.491501776e+02 +1.491501776e+02
66420 0 +1.583759475e-04 +1.491501584e+02 +1.491501584e+02
67162 0 +1.409140763e-04 +1.491501409e+02 +1.491501409e+02
68402 0 +1.257820140e-04 +1.491501258e+02 +1.491501258e+02
69802 0 +1.120959327e-04 +1.491501121e+02 +1.491501121e+02
71142 0 +9.998105975e-05 +1.491501000e+02 +1.491501000e+02
72402 0 +8.903977948e-05 +1.491500890e+02 +1.491500890e+02
73596 0 +7.942924037e-05 +1.491500794e+02 +1.491500794e+02
74722 0 +7.074062395e-05 +1.491500707e+02 +1.491500707e+02
75802 0 +6.306022399e-05 +1.491500631e+02 +1.491500631e+02
76800 0 +5.619068222e-05 +1.491500562e+02 +1.491500562e+02
77722 0 +5.009778556e-05 +1.491500501e+02 +1.491500501e+02
78642 0 +4.465601782e-05 +1.491500447e+02 +1.491500447e+02
79482 0 +3.976788039e-05 +1.491500398e+02 +1.491500398e+02
80280 0 +3.545917033e-05 +1.491500355e+02 +1.491500355e+02
81658 0 +3.160936316e-05 +1.491500316e+02 +1.491500316e+02
83080 0 +2.817590274e-05 +1.491500282e+02 +1.491500282e+02
84422 0 +2.508595358e-05 +1.491500251e+02 +1.491500251e+02
85682 0 +2.238071281e-05 +1.491500224e+02 +1.491500224e+02
86892 0 +1.995260109e-05 +1.491500200e+02 +1.491500200e+02
88022 0 +1.776220665e-05 +1.491500178e+02 +1.491500178e+02
89062 0 +1.584881181e-05 +1.491500158e+02 +1.491500158e+02
90082 0 +1.412302046e-05 +1.491500141e+02 +1.491500141e+02
91060 0 +1.258458045e-05 +1.491500126e+02 +1.491500126e+02
91962 0 +1.120695134e-05 +1.491500112e+02 +1.491500112e+02
92818 0 +9.991280876e-06 +1.491500100e+02 +1.491500100e+02
94102 0 +8.907401821e-06 +1.491500089e+02 +1.491500089e+02
95602 0 +7.942982592e-06 +1.491500079e+02 +1.491500079e+02
97042 0 +7.070348431e-06 +1.491500071e+02 +1.491500071e+02
98402 0 +6.300858900e-06 +1.491500063e+02 +1.491500063e+02
99678 0 +5.621523599e-06 +1.491500056e+02 +1.491500056e+02
100000 0 +5.458836284e-06 +1.491500055e+02 +1.491500055e+02
% f evaluations | g evaluations | best noise-free fitness - Fopt (-1.000000000000e+03) + sum g_i+ | measured fitness | best measured fitness or single-digit g-values | x1 | x2...
1 0 +3.907870576e+04 +3.807870576e+04 +3.807870576e+04
2 0 +1.671922608e+04 +1.571922608e+04 +1.571922608e+04
4 0 +6.878929690e+03 +5.878929690e+03 +5.878929690e+03
483 0 +2.034600584e+03 +1.034600584e+03 +1.034600584e+03
503 0 +6.412472374e+02 -3.587527626e+02 -3.587527626e+02
505 0 +4.643435812e+02 -5.356564188e+02 -5.356564188e+02
523 0 +4.101687782e+02 -5.898312218e+02 -5.898312218e+02
543 0 +3.804483629e+02 -6.195516371e+02 -6.195516371e+02
587 0 +3.210815585e+02 -6.789184415e+02 -6.789184415e+02
589 0 +1.006884537e+02 -8.993115463e+02 -8.993115463e+02
595 0 +4.986150935e+01 -9.501384906e+02 -9.501384906e+02
623 0 +3.415054894e+01 -9.658494511e+02 -9.658494511e+02
640 0 +2.837036648e+01 -9.716296335e+02 -9.716296335e+02
666 0 +2.217925323e+01 -9.778207468e+02 -9.778207468e+02
671 0 +1.932475463e+01 -9.806752454e+02 -9.806752454e+02
673 0 +1.494554718e+01 -9.850544528e+02 -9.850544528e+02
683 0 +1.408081014e+01 -9.859191899e+02 -9.859191899e+02
689 0 +1.012834625e+01 -9.898716537e+02 -9.898716537e+02
691 0 +9.475063753e+00 -9.905249362e+02 -9.905249362e+02
724 0 +8.486104745e+00 -9.915138953e+02 -9.915138953e+02
732 0 +7.262868094e+00 -9.927371319e+02 -9.927371319e+02
742 0 +6.877621086e+00 -9.931223789e+02 -9.931223789e+02
783 0 +6.237652410e+00 -9.937623476e+02 -9.937623476e+02
1018 0 +5.618282973e+00 -9.943817170e+02 -9.943817170e+02
1903 0 +5.008470827e+00 -9.949915292e+02 -9.949915292e+02
3022 0 +4.465634122e+00 -9.955343659e+02 -9.955343659e+02
100000 0 +3.986584540e+00 -9.960134155e+02 -9.960134155e+02
% f evaluations | g evaluations | best noise-free fitness - Fopt (9.862000000000e+01) + sum g_i+ | measured fitness | best measured fitness or single-digit g-values | x1 | x2...
1 0 +4.199469811e+04 +4.209331811e+04 +4.209331811e+04
2 0 +4.195346677e+04 +4.205208677e+04 +4.205208677e+04
4 0 +1.603152959e+04 +1.613014959e+04 +1.613014959e+04
19 0 +1.130197006e+04 +1.140059006e+04 +1.140059006e+04
459 0 +9.508432730e+03 +9.607052730e+03 +9.607052730e+03
462 0 +7.684587242e+03 +7.783207242e+03 +7.783207242e+03
479 0 +2.833899213e+02 +3.820099213e+02 +3.820099213e+02
482 0 +1.460998554e+02 +2.447198554e+02 +2.447198554e+02
508 0 +1.260651888e+02 +2.246851888e+02 +2.246851888e+02
509 0 +1.238821963e+02 +2.225021963e+02 +2.225021963e+02
510 0 +9.674820521e+01 +1.953682052e+02 +1.953682052e+02
566 0 +8.611738651e+01 +1.847373865e+02 +1.847373865e+02
582 0 +7.919475495e+01 +1.778147550e+02 +1.778147550e+02
584 0 +7.045866946e+01 +1.690786695e+02 +1.690786695e+02
588 0 +4.676399077e+01 +1.453839908e+02 +1.453839908e+02
604 0 +3.507900441e+01 +1.336990044e+02 +1.336990044e+02
606 0 +2.609288279e+01 +1.247128828e+02 +1.247128828e+02
608 0 +2.477298498e+01 +1.233929850e+02 +1.233929850e+02
626 0 +1.894694285e+01 +1.175669429e+02 +1.175669429e+02
665 0 +1.294309231e+01 +1.115630923e+02 +1.115630923e+02
703 0 +1.214585729e+01 +1.107658573e+02 +1.107658573e+02
705 0 +1.081485916e+01 +1.094348592e+02 +1.094348592e+02
710 0 +8.347696749e+00 +1.069676967e+02 +1.069676967e+02
726 0 +7.761709330e+00 +1.063817093e+02 +1.063817093e+02
773 0 +6.762104425e+00 +1.053821044e+02 +1.053821044e+02
778 0 +5.975591183e+00 +1.045955912e+02 +1.045955912e+02
1941 0 +5.622814304e+00 +1.042428143e+02 +1.042428143e+02
24961 0 +5.011759316e+00 +1.036317593e+02 +1.036317593e+02
54581 0 +4.466721201e+00 +1.030867212e+02 +1.030867212e+02
81421 0 +3.980845193e+00 +1.026008452e+02 +1.026008452e+02
100000 0 +3.649948270e+00 +1.022699483e+02 +1.022699483e+02
% f evaluations | g evaluations | best noise-free fitness - Fopt (-4.715000000000e+01) + sum g_i+ | measured fitness | best measured fitness or single-digit g-values | x1 | x2...
1 0 +1.627277393e+04 +1.622562393e+04 +1.622562393e+04
4 0 +9.259677577e+03 +9.212527577e+03 +9.212527577e+03
10 0 +6.728902466e+03 +6.681752466e+03 +6.681752466e+03
16 0 +5.144840495e+03 +5.097690495e+03 +5.097690495e+03
22 0 +2.017529717e+03 +1.970379717e+03 +1.970379717e+03
489 0 +1.570403166e+03 +1.523253166e+03 +1.523253166e+03
507 0 +1.016635630e+03 +9.694856296e+02 +9.694856296e+02
509 0 +7.191292408e+02 +6.719792408e+02 +6.719792408e+02
525 0 +4.190093506e+02 +3.718593506e+02 +3.718593506e+02
543 0 +3.730457079e+02 +3.258957079e+02 +3.258957079e+02
563 0 +3.398591173e+02 +2.927091173e+02 +2.927091173e+02
607 0 +2.869915826e+02 +2.398415826e+02 +2.398415826e+02
611 0 +2.390077188e+02 +1.918577188e+02 +1.918577188e+02
621 0 +2.147291085e+02 +1.675791085e+02 +1.675791085e+02
652 0 +1.867388540e+02 +1.395888540e+02 +1.395888540e+02
655 0 +1.627078680e+02 +1.155578680e+02 +1.155578680e+02
657 0 +6.920702543e+01 +2.205702543e+01 +2.205702543e+01
670 0 +4.859774347e+01 +1.447743466e+00 +1.447743466e+00
673 0 +2.945659029e+01 -1.769340971e+01 -1.769340971e+01
703 0 +2.604002017e+01 -2.110997983e+01 -2.110997983e+01
708 0 +2.025994505e+01 -2.689005495e+01 -2.689005495e+01
711 0 +1.871816095e+01 -2.843183905e+01 -2.843183905e+01
715 0 +1.454361412e+01 -3.260638588e+01 -3.260638588e+01
717 0 +9.263456704e+00 -3.788654330e+01 -3.788654330e+01
749 0 +8.743579274e+00 -3.840642073e+01 -3.840642073e+01
767 0 +7.377950906e+00 -3.977204909e+01 -3.977204909e+01
804 0 +5.924976587e+00 -4.122502341e+01 -4.122502341e+01
852 0 +5.495468337e+00 -4.165453166e+01 -4.165453166e+01
897 0 +4.951141136e+00 -4.219885886e+01 -4.219885886e+01
29999 0 +4.466764662e+00 -4.268323534e+01 -4.268323534e+01
100000 0 +3.999682125e+00 -4.315031787e+01 -4.315031787e+01
% f evaluations | g evaluations | best noise-free fitness - Fopt (3.752000000000e+01) + sum g_i+ | measured fitness | best measured fitness or single-digit g-values | x1 | x2...
1 0 +2.454046287e+04 +2.457798287e+04 +2.457798287e+04
8 0 +1.384023152e+04 +1.387775152e+04 +1.387775152e+04
445 0 +1.189076275e+04 +1.192828275e+04 +1.192828275e+04
465 0 +2.776994862e+03 +2.814514862e+03 +2.814514862e+03
485 0 +1.193798508e+03 +1.231318508e+03 +1.231318508e+03
487 0 +4.369860699e+02 +4.745060699e+02 +4.745060699e+02
491 0 +2.740862221e+02 +3.116062221e+02 +3.116062221e+02
524 0 +2.416148154e+02 +2.791348154e+02 +2.791348154e+02
525 0 +1.023077966e+02 +1.398277966e+02 +1.398277966e+02
527 0 +5.735661660e+01 +9.487661660e+01 +9.487661660e+01
536 0 +5.211090781e+01 +8.963090781e+01 +8.963090781e+01
540 0 +4.851933174e+01 +8.603933174e+01 +8.603933174e+01
541 0 +4.011439467e+01 +7.763439467e+01 +7.763439467e+01
565 0 +3.479548479e+01 +7.231548479e+01 +7.231548479e+01
569 0 +3.157434237e+01 +6.909434237e+01 +6.909434237e+01
579 0 +2.216975752e+01 +5.968975752e+01 +5.968975752e+01
584 0 +1.814745456e+01 +5.566745456e+01 +5.566745456e+01
623 0 +1.537761407e+01 +5.289761407e+01 +5.289761407e+01
627 0 +1.307449981e+01 +5.059449981e+01 +5.059449981e+01
638 0 +1.188505255e+01 +4.940505255e+01 +4.940505255e+01
642 0 +1.082334138e+01 +4.834334138e+01 +4.834334138e+01
694 0 +9.968589499e+00 +4.748858950e+01 +4.748858950e+01
1128 0 +8.911243052e+00 +4.643124305e+01 +4.643124305e+01
2752 0 +7.939952437e+00 +4.545995244e+01 +4.545995244e+01
3934 0 +7.078139634e+00 +4.459813963e+01 +4.459813963e+01
4954 0 +6.308733141e+00 +4.382873314e+01 +4.382873314e+01
5856 0 +5.620992317e+00 +4.314099232e+01 +4.314099232e+01
6756 0 +5.010187944e+00 +4.253018794e+01 +4.253018794e+01
7918 0 +4.466209256e+00 +4.198620926e+01 +4.198620926e+01
100000 0 +3.986584849e+00 +4.150658485e+01 +4.150658485e+01
% f evaluations | g evaluations | best noise-free fitness - Fopt (2.177000000000e+01) + sum g_i+ | measured fitness | best measured fitness or single-digit g-values | x1 | x2...
1 0 +4.151423932e+04 +4.153600932e+04 +4.153600932e+04
7 0 +2.585902308e+04 +2.588079308e+04 +2.588079308e+04
19 0 +2.219956768e+04 +2.222133768e+04 +2.222133768e+04
44 0 +1.762095653e+04 +1.764272653e+04 +1.764272653e+04
477 0 +9.044148571e+03 +9.065918571e+03 +9.065918571e+03
482 0 +8.493352324e+03 +8.515122324e+03 +8.515122324e+03
497 0 +2.317502919e+03 +2.339272919e+03 +2.339272919e+03
502 0 +1.966966407e+03 +1.988736407e+03 +1.988736407e+03
515 0 +1.546953727e+03 +1.568723727e+03 +1.568723727e+03
517 0 +8.565487899e+02 +8.783187899e+02 +8.783187899e+02
522 0 +7.062720141e+02 +7.280420141e+02 +7.280420141e+02
533 0 +2.907896805e+02 +3.125596805e+02 +3.125596805e+02
566 0 +2.812201054e+02 +3.029901054e+02 +3.029901054e+02
578 0 +1.680911853e+02 +1.898611853e+02 +1.898611853e+02
584 0 +1.519221611e+02 +1.736921611e+02 +1.736921611e+02
604 0 +1.405854365e+02 +1.623554365e+02 +1.623554365e+02
643 0 +1.201955266e+02 +1.419655266e+02 +1.419655266e+02
650 0 +1.090836046e+02 +1.308536046e+02 +1.308536046e+02
652 0 +8.679482633e+01 +1.085648263e+02 +1.085648263e+02
657 0 +5.163783474e+01 +7.340783474e+01 +7.340783474e+01
661 0 +4.540021158e+01 +6.717021158e+01 +6.717021158e+01
668 0 +3.948262146e+01 +6.125262146e+01 +6.125262146e+01
670 0 +3.062364336e+01 +5.239364336e+01 +5.239364336e+01
709 0 +2.758738288e+01 +4.935738288e+01 +4.935738288e+01
714 0 +2.445114752e+01 +4.622114752e+01 +4.622114752e+01
718 0 +1.752128242e+01 +3.929128242e+01 +3.929128242e+01
732 0 +1.314863650e+01 +3.491863650e+01 +3.491863650e+01
766 0 +1.061471380e+01 +3.238471380e+01 +3.238471380e+01
770 0 +9.970517783e+00 +3.174051778e+01 +3.174051778e+01
776 0 +6.861970973e+00 +2.863197097e+01 +2.863197097e+01
817 0 +5.614900304e+00 +2.738490030e+01 +2.738490030e+01
7401 0 +5.011829978e+00 +2.678182998e+01 +2.678182998e+01
37021 0 +4.466833500e+00 +2.623683350e+01 +2.623683350e+01
63841 0 +3.981046556e+00 +2.575104656e+01 +2.575104656e+01
88181 0 +3.547867320e+00 +2.531786732e+01 +2.531786732e+01
100000 0 +3.340690983e+00 +2.511069098e+01 +2.511069098e+01
% f evaluations | g evaluations | best noise-free fitness - Fopt (6.603000000000e+01) + sum g_i+ | measured fitness | best measured fitness or single-digit g-values | x1 | x2...
1 0 +4.612502227e+04 +4.619105227e+04 +4.619105227e+04
4 0 +3.131067721e+04 +3.137670721e+04 +3.137670721e+04
7 0 +1.115097274e+04 +1.121700274e+04 +1.121700274e+04
10 0 +7.264727588e+03 +7.330757588e+03 +7.330757588e+03
485 0 +2.170784449e+03 +2.236814449e+03 +2.236814449e+03
505 0 +5.505609388e+02 +6.165909388e+02 +6.165909388e+02
507 0 +2.372578081e+02 +3.032878081e+02 +3.032878081e+02
545 0 +1.478891519e+02 +2.139191519e+02 +2.139191519e+02
551 0 +1.013438989e+02 +1.673738989e+02 +1.673738989e+02
560 0 +7.805333838e+01 +1.440833384e+02 +1.440833384e+02
569 0 +3.276771990e+01 +9.879771990e+01 +9.879771990e+01
604 0 +3.031944527e+01 +9.634944527e+01 +9.634944527e+01
610 0 +2.495025818e+01 +9.098025818e+01 +9.098025818e+01
643 0 +1.865452215e+01 +8.468452215e+01 +8.468452215e+01
648 0 +1.605112543e+01 +8.208112543e+01 +8.208112543e+01
652 0 +1.453989800e+01 +8.056989800e+01 +8.056989800e+01
657 0 +1.334622178e+01 +7.937622178e+01 +7.937622178e+01
666 0 +8.768402973e+00 +7.479840297e+01 +7.479840297e+01
703 0 +7.471487131e+00 +7.350148713e+01 +7.350148713e+01
711 0 +6.713442811e+00 +7.274344281e+01 +7.274344281e+01
720 0 +6.006278496e+00 +7.203627850e+01 +7.203627850e+01
770 0 +5.433846804e+00 +7.146384680e+01 +7.146384680e+01
1198 0 +5.008546546e+00 +7.103854655e+01 +7.103854655e+01
2540 0 +4.466649198e+00 +7.049664920e+01 +7.049664920e+01
100000 0 +3.986583514e+00 +7.001658351e+01 +7.001658351e+01
% f evaluations | g evaluations | best noise-free fitness - Fopt (1.720100000000e+02) + sum g_i+ | measured fitness | best measured fitness or single-digit g-values | x1 | x2...
1 0 +3.683854590e+04 +3.701055590e+04 +3.701055590e+04
4 0 +1.780676283e+04 +1.797877283e+04 +1.797877283e+04
13 0 +1.462183372e+04 +1.479384372e+04 +1.479384372e+04
25 0 +1.149580136e+04 +1.166781136e+04 +1.166781136e+04
28 0 +5.127523208e+03 +5.299533208e+03 +5.299533208e+03
491 0 +3.777780352e+03 +3.949790352e+03 +3.949790352e+03
493 0 +2.699679498e+03 +2.871689498e+03 +2.871689498e+03
495 0 +2.102208785e+03 +2.274218785e+03 +2.274218785e+03
511 0 +6.490341420e+02 +8.210441420e+02 +8.210441420e+02
530 0 +3.783768386e+02 +5.503868386e+02 +5.503868386e+02
568 0 +3.315875234e+02 +5.035975234e+02 +5.035975234e+02
610 0 +2.430191035e+02 +4.150291035e+02 +4.150291035e+02
613 0 +1.409331263e+02 +3.129431263e+02 +3.129431263e+02
631 0 +5.846522154e+01 +2.304752215e+02 +2.304752215e+02
669 0 +5.553410788e+01 +2.275441079e+02 +2.275441079e+02
682 0 +5.007797723e+01 +2.220879772e+02 +2.220879772e+02
706 0 +4.030304207e+01 +2.123130421e+02 +2.123130421e+02
710 0 +3.676292931e+01 +2.087729293e+02 +2.087729293e+02
717 0 +3.281230871e+01 +2.048223087e+02 +2.048223087e+02
726 0 +2.779332912e+01 +1.998033291e+02 +1.998033291e+02
728 0 +2.016174634e+01 +1.921717463e+02 +1.921717463e+02
730 0 +1.663297432e+01 +1.886429743e+02 +1.886429743e+02
748 0 +1.374590516e+01 +1.857559052e+02 +1.857559052e+02
766 0 +9.832686914e+00 +1.818426869e+02 +1.818426869e+02
783 0 +7.512110255e+00 +1.795221103e+02 +1.795221103e+02
838 0 +6.995688586e+00 +1.790056886e+02 +1.790056886e+02
888 0 +5.915522481e+00 +1.779255225e+02 +1.779255225e+02
890 0 +5.225997159e+00 +1.772359972e+02 +1.772359972e+02
895 0 +4.863229081e+00 +1.768732291e+02 +1.768732291e+02
912 0 +4.391873204e+00 +1.764018732e+02 +1.764018732e+02
100000 0 +3.986579699e+00 +1.759965797e+02 +1.759965797e+02
% f evaluations | g evaluations | best noise-free fitness - Fopt (-2.725000000000e+01) + sum g_i+ | measured fitness | best measured fitness or single-digit g-values | x1 | x2...
1 0 +2.907831669e+04 +2.905106669e+04 +2.905106669e+04
2 0 +2.782209643e+04 +2.779484643e+04 +2.779484643e+04
4 0 +1.136762212e+04 +1.134037212e+04 +1.134037212e+04
31 0 +9.584036693e+03 +9.556786693e+03 +9.556786693e+03
40 0 +5.335958116e+03 +5.308708116e+03 +5.308708116e+03
495 0 +2.158066263e+03 +2.130816263e+03 +2.130816263e+03
515 0 +8.338198039e+02 +8.065698039e+02 +8.065698039e+02
543 0 +7.289530581e+02 +7.017030581e+02 +7.017030581e+02
545 0 +4.038058609e+02 +3.765558609e+02 +3.765558609e+02
547 0 +2.994988379e+02 +2.722488379e+02 +2.722488379e+02
553 0 +2.443602876e+02 +2.171102876e+02 +2.171102876e+02
565 0 +2.164672713e+02 +1.892172713e+02 +1.892172713e+02
572 0 +1.776439854e+02 +1.503939854e+02 +1.503939854e+02
583 0 +1.419725424e+02 +1.147225424e+02 +1.147225424e+02
585 0 +1.286428170e+02 +1.013928170e+02 +1.013928170e+02
675 0 +1.196195056e+02 +9.236950557e+01 +9.236950557e+01
682 0 +1.109395141e+02 +8.368951407e+01 +8.368951407e+01
714 0 +9.915806595e+01 +7.190806595e+01 +7.190806595e+01
771 0 +8.788338796e+01 +6.063338796e+01 +6.063338796e+01
4701 0 +7.942424296e+01 +5.217424296e+01 +5.217424296e+01
11481 0 +7.077270279e+01 +4.352270279e+01 +4.352270279e+01
14061 0 +6.305742719e+01 +3.580742719e+01 +3.580742719e+01
14775 0 +5.621538097e+01 +2.896538097e+01 +2.896538097e+01
15195 0 +5.008677637e+01 +2.283677637e+01 +2.283677637e+01
15501 0 +4.459612264e+01 +1.734612264e+01 +1.734612264e+01
15757 0 +3.978616424e+01 +1.253616424e+01 +1.253616424e+01
15970 0 +3.546979997e+01 +8.219799967e+00 +8.219799967e+00
16157 0 +3.159447966e+01 +4.344479663e+00 +4.344479663e+00
16321 0 +2.807798947e+01 +8.279894665e-01 +8.279894665e-01
16477 0 +2.505868783e+01 -2.191312172e+00 -2.191312172e+00
16612 0 +2.238651998e+01 -4.863480022e+00 -4.863480022e+00
16735 0 +1.994659152e+01 -7.303408480e+00 -7.303408480e+00
16841 0 +1.770442915e+01 -9.545570848e+00 -9.545570848e+00
16941 0 +1.584765480e+01 -1.140234520e+01 -1.140234520e+01
17041 0 +1.406995402e+01 -1.318004598e+01 -1.318004598e+01
17139 0 +1.249915924e+01 -1.475084076e+01 -1.475084076e+01
17221 0 +1.114459827e+01 -1.610540173e+01 -1.610540173e+01
17301 0 +9.998466132e+00 -1.725153387e+01 -1.725153387e+01
17397 0 +8.845746483e+00 -1.840425352e+01 -1.840425352e+01
17474 0 +7.942651200e+00 -1.930734880e+01 -1.930734880e+01
17550 0 +7.071478923e+00 -2.017852108e+01 -2.017852108e+01
17621 0 +6.287298757e+00 -2.096270124e+01 -2.096270124e+01
17701 0 +5.585912847e+00 -2.166408715e+01 -2.166408715e+01
17781 0 +5.004382977e+00 -2.224561702e+01 -2.224561702e+01
17879 0 +4.438015969e+00 -2.281198403e+01 -2.281198403e+01
18001 0 +3.977817237e+00 -2.327218276e+01 -2.327218276e+01
18372 0 +3.546243643e+00 -2.370375636e+01 -2.370375636e+01
18834 0 +3.161442627e+00 -2.408855737e+01 -2.408855737e+01
19276 0 +2.817376392e+00 -2.443262361e+01 -2.443262361e+01
19654 0 +2.510120751e+00 -2.473987925e+01 -2.473987925e+01
19988 0 +2.238570917e+00 -2.501142908e+01 -2.501142908e+01
20308 0 +1.994707419e+00 -2.525529258e+01 -2.525529258e+01
20580 0 +1.778084373e+00 -2.547191563e+01 -2.547191563e+01
20816 0 +1.581491029e+00 -2.566850897e+01 -2.566850897e+01
21040 0 +1.412151444e+00 -2.583784856e+01 -2.583784856e+01
21278 0 +1.258833233e+00 -2.599116677e+01 -2.599116677e+01
21478 0 +1.119884196e+00 -2.613011580e+01 -2.613011580e+01
21678 0 +9.994620099e-01 -2.625053799e+01 -2.625053799e+01
21876 0 +8.895164465e-01 -2.636048355e+01 -2.636048355e+01
22036 0 +7.941337107e-01 -2.645586629e+01 -2.645586629e+01
22218 0 +7.023856128e-01 -2.654761439e+01 -2.654761439e+01
22418 0 +6.298336062e-01 -2.662016639e+01 -2.662016639e+01
22720 0 +5.610891828e-01 -2.668891082e+01 -2.668891082e+01
23036 0 +5.002552162e-01 -2.674974478e+01 -2.674974478e+01
23340 0 +4.454349749e-01 -2.680456503e+01 -2.680456503e+01
23600 0 +3.972030667e-01 -2.685279693e+01 -2.685279693e+01
23900 0 +3.545737768e-01 -2.689542622e+01 -2.689542622e+01
24158 0 +3.160969819e-01 -2.693390302e+01 -2.693390302e+01
24422 0 +2.805025274e-01 -2.696949747e+01 -2.696949747e+01
24740 0 +2.505975084e-01 -2.699940249e+01 -2.699940249e+01
25000 0 +2.237426862e-01 -2.702625731e+01 -2.702625731e+01
25502 0 +1.991301420e-01 -2.705086986e+01 -2.705086986e+01
26058 0 +1.775733891e-01 -2.707242661e+01 -2.707242661e+01
26576 0 +1.584293332e-01 -2.709157067e+01 -2.709157067e+01
27060 0 +1.412315656e-01 -2.710876843e+01 -2.710876843e+01
27542 0 +1.257786715e-01 -2.712422133e+01 -2.712422133e+01
28022 0 +1.121371824e-01 -2.713786282e+01 -2.713786282e+01
28462 0 +9.973121875e-02 -2.715026878e+01 -2.715026878e+01
28942 0 +8.902848674e-02 -2.716097151e+01 -2.716097151e+01
29388 0 +7.942502428e-02 -2.717057498e+01 -2.717057498e+01
29982 0 +7.065633640e-02 -2.717934366e+01 -2.717934366e+01
30780 0 +6.308833712e-02 -2.718691166e+01 -2.718691166e+01
31522 0 +5.622246454e-02 -2.719377754e+01 -2.719377754e+01
32282 0 +5.002799514e-02 -2.719997200e+01 -2.719997200e+01
32962 0 +4.455726888e-02 -2.720544273e+01 -2.720544273e+01
33680 0 +3.980186054e-02 -2.721019814e+01 -2.721019814e+01
34322 0 +3.544271328e-02 -2.721455729e+01 -2.721455729e+01
34982 0 +3.158624906e-02 -2.721841375e+01 -2.721841375e+01
36180 0 +2.817697758e-02 -2.722182302e+01 -2.722182302e+01
37282 0 +2.510418661e-02 -2.722489581e+01 -2.722489581e+01
38362 0 +2.237190189e-02 -2.722762810e+01 -2.722762810e+01
39402 0 +1.993186973e-02 -2.723006813e+01 -2.723006813e+01
40362 0 +1.776762917e-02 -2.723223237e+01 -2.723223237e+01
41282 0 +1.584290318e-02 -2.723415710e+01 -2.723415710e+01
42160 0 +1.412151453e-02 -2.723587849e+01 -2.723587849e+01
43002 0 +1.257526575e-02 -2.723742473e+01 -2.723742473e+01
43802 0 +1.120974951e-02 -2.723879025e+01 -2.723879025e+01
44580 0 +9.991022859e-03 -2.724000898e+01 -2.724000898e+01
45322 0 +8.908782168e-03 -2.724109122e+01 -2.724109122e+01
46182 0 +7.937627120e-03 -2.724206237e+01 -2.724206237e+01
47482 0 +7.078727626e-03 -2.724292127e+01 -2.724292127e+01
48702 0 +6.305926278e-03 -2.724369407e+01 -2.724369407e+01
49882 0 +5.623235976e-03 -2.724437676e+01 -2.724437676e+01
50982 0 +5.011726957e-03 -2.724498827e+01 -2.724498827e+01
52038 0 +4.466819181e-03 -2.724553318e+01 -2.724553318e+01
53040 0 +3.981019724e-03 -2.724601898e+01 -2.724601898e+01
53974 0 +3.547479210e-03 -2.724645252e+01 -2.724645252e+01
54882 0 +3.156847910e-03 -2.724684315e+01 -2.724684315e+01
55738 0 +2.817553844e-03 -2.724718245e+01 -2.724718245e+01
56522 0 +2.508033387e-03 -2.724749197e+01 -2.724749197e+01
57362 0 +2.238382580e-03 -2.724776162e+01 -2.724776162e+01
58802 0 +1.994433389e-03 -2.724800557e+01 -2.724800557e+01
60182 0 +1.777713918e-03 -2.724822229e+01 -2.724822229e+01
61462 0 +1.584265701e-03 -2.724841573e+01 -2.724841573e+01
62682 0 +1.410585886e-03 -2.724858941e+01 -2.724858941e+01
63842 0 +1.258217658e-03 -2.724874178e+01 -2.724874178e+01
64902 0 +1.121648959e-03 -2.724887835e+01 -2.724887835e+01
65960 0 +9.992752760e-04 -2.724900072e+01 -2.724900072e+01
66958 0 +8.908367233e-04 -2.724910916e+01 -2.724910916e+01
67876 0 +7.938491034e-04 -2.724920615e+01 -2.724920615e+01
68742 0 +7.072895876e-04 -2.724929271e+01 -2.724929271e+01
69542 0 +6.295501896e-04 -2.724937045e+01 -2.724937045e+01
70382 0 +5.620619272e-04 -2.724943794e+01 -2.724943794e+01
71862 0 +5.008856525e-04 -2.724949911e+01 -2.724949911e+01
73242 0 +4.465568877e-04 -2.724955344e+01 -2.724955344e+01
74562 0 +3.979277341e-04 -2.724960207e+01 -2.724960207e+01
75822 0 +3.545464814e-04 -2.724964545e+01 -2.724964545e+01
77002 0 +3.160813021e-04 -2.724968392e+01 -2.724968392e+01
78118 0 +2.817676278e-04 -2.724971823e+01 -2.724971823e+01
79162 0 +2.510106549e-04 -2.724974899e+01 -2.724974899e+01
80162 0 +2.236188212e-04 -2.724977638e+01 -2.724977638e+01
81102 0 +1.994257841e-04 -2.724980057e+01 -2.724980057e+01
82016 0 +1.776554353e-04 -2.724982234e+01 -2.724982234e+01
82818 0 +1.584783055e-04 -2.724984152e+01 -2.724984152e+01
83962 0 +1.412383389e-04 -2.724985876e+01 -2.724985876e+01
85462 0 +1.257729481e-04 -2.724987423e+01 -2.724987423e+01
86880 0 +1.121832075e-04 -2.724988782e+01 -2.724988782e+01
88222 0 +9.994632839e-05 -2.724990005e+01 -2.724990005e+01
89462 0 +8.910920487e-05 -2.724991089e+01 -2.724991089e+01
90662 0 +7.942250196e-05 -2.724992058e+01 -2.724992058e+01
91782 0 +7.079292415e-05 -2.724992921e+01 -2.724992921e+01
92862 0 +6.302458155e-05 -2.724993698e+01 -2.724993698e+01
93860 0 +5.618509924e-05 -2.724994381e+01 -2.724994381e+01
94802 0 +5.005765583e-05 -2.724994994e+01 -2.724994994e+01
95702 0 +4.463837285e-05 -2.724995536e+01 -2.724995536e+01
96522 0 +3.975874779e-05 -2.724996024e+01 -2.724996024e+01
97982 0 +3.544499748e-05 -2.724996456e+01 -2.724996456e+01
99482 0 +3.161312740e-05 -2.724996839e+01 -2.724996839e+01
100000 0 +3.037940445e-05 -2.724996962e+01 -2.724996962e+01
% f evaluations | g evaluations | best noise-free fitness - Fopt (-1.521800000000e+02) + sum g_i+ | measured fitness | best measured fitness or single-digit g-values | x1 | x2...
1 0 +2.488686447e+04 +2.473468447e+04 +2.473468447e+04
7 0 +1.317071279e+04 +1.301853279e+04 +1.301853279e+04
25 0 +1.141434112e+04 +1.126216112e+04 +1.126216112e+04
49 0 +6.914772144e+03 +6.762592144e+03 +6.762592144e+03
493 0 +2.099734590e+03 +1.947554590e+03 +1.947554590e+03
513 0 +3.441001818e+02 +1.919201818e+02 +1.919201818e+02
547 0 +3.001162617e+02 +1.479362617e+02 +1.479362617e+02
550 0 +2.812647386e+02 +1.290847386e+02 +1.290847386e+02
551 0 +1.708995859e+02 +1.871958586e+01 +1.871958586e+01
553 0 +1.128665253e+02 -3.931347470e+01 -3.931347470e+01
559 0 +1.114987385e+02 -4.068126146e+01 -4.068126146e+01
597 0 +9.295760594e+01 -5.922239406e+01 -5.922239406e+01
610 0 +7.923683944e+01 -7.294316056e+01 -7.294316056e+01
615 0 +6.504097899e+01 -8.713902101e+01 -8.713902101e+01
633 0 +5.548040187e+01 -9.669959813e+01 -9.669959813e+01
693 0 +4.988234197e+01 -1.022976580e+02 -1.022976580e+02
697 0 +3.919451673e+01 -1.129854833e+02 -1.129854833e+02
715 0 +3.257114256e+01 -1.196088574e+02 -1.196088574e+02
717 0 +2.907281571e+01 -1.231071843e+02 -1.231071843e+02
719 0 +2.810213831e+01 -1.240778617e+02 -1.240778617e+02
735 0 +2.211702789e+01 -1.300629721e+02 -1.300629721e+02
737 0 +1.861054179e+01 -1.335694582e+02 -1.335694582e+02
755 0 +1.412258810e+01 -1.380574119e+02 -1.380574119e+02
757 0 +1.253892612e+01 -1.396410739e+02 -1.396410739e+02
775 0 +1.062365923e+01 -1.415563408e+02 -1.415563408e+02
821 0 +9.807269490e+00 -1.423727305e+02 -1.423727305e+02
19768 0 +8.911853420e+00 -1.432681466e+02 -1.432681466e+02
32372 0 +7.941762692e+00 -1.442382373e+02 -1.442382373e+02
41914 0 +7.077921867e+00 -1.451020781e+02 -1.451020781e+02
49956 0 +6.308711603e+00 -1.458712884e+02 -1.458712884e+02
57216 0 +5.622317705e+00 -1.465576823e+02 -1.465576823e+02
64238 0 +5.010959011e+00 -1.471690410e+02 -1.471690410e+02
72880 0 +4.466306241e+00 -1.477136938e+02 -1.477136938e+02
100000 0 +4.006122485e+00 -1.481738775e+02 -1.481738775e+02
% f evaluations | g evaluations | best noise-free fitness - Fopt (5.821500000000e+02) + sum g_i+ | measured fitness | best measured fitness or single-digit g-values | x1 | x2...
1 0 +4.982872422e+04 +5.041087422e+04 +5.041087422e+04
4 0 +2.182302014e+04 +2.240517014e+04 +2.240517014e+04
10 0 +1.258491000e+04 +1.316706000e+04 +1.316706000e+04
469 0 +1.110124790e+04 +1.168339790e+04 +1.168339790e+04
485 0 +2.079746502e+03 +2.661896502e+03 +2.661896502e+03
505 0 +3.353830680e+02 +9.175330680e+02 +9.175330680e+02
545 0 +2.102406157e+02 +7.923906157e+02 +7.923906157e+02
550 0 +1.846909093e+02 +7.668409093e+02 +7.668409093e+02
556 0 +1.600839887e+02 +7.422339887e+02 +7.422339887e+02
558 0 +1.518792990e+02 +7.340292990e+02 +7.340292990e+02
562 0 +1.309358053e+02 +7.130858053e+02 +7.130858053e+02
563 0 +3.004439296e+01 +6.121943930e+02 +6.121943930e+02
605 0 +2.426406276e+01 +6.064140628e+02 +6.064140628e+02
613 0 +1.598522591e+01 +5.981352259e+02 +5.981352259e+02
615 0 +1.507529984e+01 +5.972252998e+02 +5.972252998e+02
617 0 +1.299796887e+01 +5.951479689e+02 +5.951479689e+02
619 0 +1.181318305e+01 +5.939631830e+02 +5.939631830e+02
643 0 +1.065214711e+01 +5.928021471e+02 +5.928021471e+02
660 0 +9.229419297e+00 +5.913794193e+02 +5.913794193e+02
684 0 +8.646221100e+00 +5.907962211e+02 +5.907962211e+02
686 0 +7.531642899e+00 +5.896816429e+02 +5.896816429e+02
695 0 +7.058441679e+00 +5.892084417e+02 +5.892084417e+02
711 0 +6.222623405e+00 +5.883726234e+02 +5.883726234e+02
792 0 +5.620841033e+00 +5.877708410e+02 +5.877708410e+02
1212 0 +5.011188087e+00 +5.871611881e+02 +5.871611881e+02
1884 0 +4.464466586e+00 +5.866144666e+02 +5.866144666e+02
2472 0 +3.979666188e+00 +5.861296662e+02 +5.861296662e+02
3012 0 +3.543814242e+00 +5.856938142e+02 +5.856938142e+02
3496 0 +3.161740630e+00 +5.853117406e+02 +5.853117406e+02
3934 0 +2.815213977e+00 +5.849652140e+02 +5.849652140e+02
4298 0 +2.511357283e+00 +5.846613573e+02 +5.846613573e+02
4638 0 +2.237434493e+00 +5.843874345e+02 +5.843874345e+02
4976 0 +1.995032663e+00 +5.841450327e+02 +5.841450327e+02
5250 0 +1.776036869e+00 +5.839260369e+02 +5.839260369e+02
5496 0 +1.582648515e+00 +5.837326485e+02 +5.837326485e+02
5698 0 +1.405471699e+00 +5.835554717e+02 +5.835554717e+02
5918 0 +1.252774194e+00 +5.834027742e+02 +5.834027742e+02
6130 0 +1.121960625e+00 +5.832719606e+02 +5.832719606e+02
6338 0 +9.990216718e-01 +5.831490217e+02 +5.831490217e+02
6538 0 +8.901139179e-01 +5.830401139e+02 +5.830401139e+02
6680 0 +7.903863214e-01 +5.829403863e+02 +5.829403863e+02
6870 0 +7.055201081e-01 +5.828555201e+02 +5.828555201e+02
7022 0 +6.301008071e-01 +5.827801008e+02 +5.827801008e+02
7180 0 +5.623238489e-01 +5.827123238e+02 +5.827123238e+02
7360 0 +4.985106319e-01 +5.826485106e+02 +5.826485106e+02
7478 0 +4.449213726e-01 +5.825949214e+02 +5.825949214e+02
7660 0 +3.972201640e-01 +5.825472202e+02 +5.825472202e+02
7938 0 +3.548061714e-01 +5.825048062e+02 +5.825048062e+02
8182 0 +3.158727899e-01 +5.824658728e+02 +5.824658728e+02
8458 0 +2.817006085e-01 +5.824317006e+02 +5.824317006e+02
8756 0 +2.511658211e-01 +5.824011658e+02 +5.824011658e+02
9000 0 +2.233968962e-01 +5.823733969e+02 +5.823733969e+02
9442 0 +1.994652508e-01 +5.823494653e+02 +5.823494653e+02
9962 0 +1.772375512e-01 +5.823272376e+02 +5.823272376e+02
10462 0 +1.582952395e-01 +5.823082952e+02 +5.823082952e+02
10982 0 +1.411038167e-01 +5.822911038e+02 +5.822911038e+02
11480 0 +1.258334339e-01 +5.822758334e+02 +5.822758334e+02
11932 0 +1.120918090e-01 +5.822620918e+02 +5.822620918e+02
12416 0 +9.993506763e-02 +5.822499351e+02 +5.822499351e+02
12878 0 +8.909600561e-02 +5.822390960e+02 +5.822390960e+02
13262 0 +7.933933476e-02 +5.822293393e+02 +5.822293393e+02
14034 0 +7.076886431e-02 +5.822207689e+02 +5.822207689e+02
14842 0 +6.300622073e-02 +5.822130062e+02 +5.822130062e+02
15602 0 +5.617192304e-02 +5.822061719e+02 +5.822061719e+02
16380 0 +5.007280556e-02 +5.822000728e+02 +5.822000728e+02
17022 0 +4.462614085e-02 +5.821946261e+02 +5.821946261e+02
17722 0 +3.978148982e-02 +5.821897815e+02 +5.821897815e+02
18382 0 +3.542007271e-02 +5.821854201e+02 +5.821854201e+02
18962 0 +3.162187593e-02 +5.821816219e+02 +5.821816219e+02
19580 0 +2.813576803e-02 +5.821781358e+02 +5.821781358e+02
20562 0 +2.510018608e-02 +5.821751002e+02 +5.821751002e+02
21610 0 +2.238217589e-02 +5.821723822e+02 +5.821723822e+02
22642 0 +1.995017008e-02 +5.821699502e+02 +5.821699502e+02
23622 0 +1.775132933e-02 +5.821677513e+02 +5.821677513e+02
24562 0 +1.583193097e-02 +5.821658319e+02 +5.821658319e+02
25462 0 +1.410391198e-02 +5.821641039e+02 +5.821641039e+02
26262 0 +1.258682801e-02 +5.821625868e+02 +5.821625868e+02
27062 0 +1.122005953e-02 +5.821612201e+02 +5.821612201e+02
27858 0 +9.982601985e-03 +5.821599826e+02 +5.821599826e+02
28562 0 +8.906225090e-03 +5.821589062e+02 +5.821589062e+02
29242 0 +7.935744206e-03 +5.821579357e+02 +5.821579357e+02
29922 0 +7.075431180e-03 +5.821570754e+02 +5.821570754e+02
31162 0 +6.306136518e-03 +5.821563061e+02 +5.821563061e+02
32342 0 +5.622616580e-03 +5.821556226e+02 +5.821556226e+02
33442 0 +5.007855692e-03 +5.821550079e+02 +5.821550079e+02
34482 0 +4.462604989e-03 +5.821544626e+02 +5.821544626e+02
35502 0 +3.973677494e-03 +5.821539737e+02 +5.821539737e+02
36442 0 +3.545293149e-03 +5.821535453e+02 +5.821535453e+02
37322 0 +3.159759114e-03 +5.821531598e+02 +5.821531598e+02
38218 0 +2.815179343e-03 +5.821528152e+02 +5.821528152e+02
39122 0 +2.511453628e-03 +5.821525115e+02 +5.821525115e+02
40662 0 +2.237736717e-03 +5.821522377e+02 +5.821522377e+02
42102 0 +1.993671259e-03 +5.821519937e+02 +5.821519937e+02
43456 0 +1.778240769e-03 +5.821517782e+02 +5.821517782e+02
44722 0 +1.584515797e-03 +5.821515845e+02 +5.821515845e+02
45962 0 +1.410574736e-03 +5.821514106e+02 +5.821514106e+02
47102 0 +1.258721530e-03 +5.821512587e+02 +5.821512587e+02
48202 0 +1.121400274e-03 +5.821511214e+02 +5.821511214e+02
49262 0 +9.991692312e-04 +5.821509992e+02 +5.821509992e+02
50220 0 +8.910616259e-04 +5.821508911e+02 +5.821508911e+02
51160 0 +7.933172197e-04 +5.821507933e+02 +5.821507933e+02
52002 0 +7.078112129e-04 +5.821507078e+02 +5.821507078e+02
52840 0 +6.300879371e-04 +5.821506301e+02 +5.821506301e+02
53610 0 +5.623022322e-04 +5.821505623e+02 +5.821505623e+02
55042 0 +5.005217417e-04 +5.821505005e+02 +5.821505005e+02
56422 0 +4.461764671e-04 +5.821504462e+02 +5.821504462e+02
57760 0 +3.978659558e-04 +5.821503979e+02 +5.821503979e+02
58982 0 +3.542661351e-04 +5.821503543e+02 +5.821503543e+02
60162 0 +3.158988247e-04 +5.821503159e+02 +5.821503159e+02
61282 0 +2.814833493e-04 +5.821502815e+02 +5.821502815e+02
62342 0 +2.507607975e-04 +5.821502508e+02 +5.821502508e+02
63322 0 +2.235558771e-04 +5.821502236e+02 +5.821502236e+02
64262 0 +1.993109964e-04 +5.821501993e+02 +5.821501993e+02
65156 0 +1.776422256e-04 +5.821501776e+02 +5.821501776e+02
66002 0 +1.582406019e-04 +5.821501582e+02 +5.821501582e+02
66798 0 +1.412413687e-04 +5.821501412e+02 +5.821501412e+02
67582 0 +1.258018368e-04 +5.821501258e+02 +5.821501258e+02
68702 0 +1.121001152e-04 +5.821501121e+02 +5.821501121e+02
70042 0 +9.989018236e-05 +5.821500999e+02 +5.821500999e+02
71302 0 +8.905298955e-05 +5.821500891e+02 +5.821500891e+02
72462 0 +7.942938885e-05 +5.821500794e+02 +5.821500794e+02
73582 0 +7.078936756e-05 +5.821500708e+02 +5.821500708e+02
74682 0 +6.308544869e-05 +5.821500631e+02 +5.821500631e+02
75682 0 +5.621691548e-05 +5.821500562e+02 +5.821500562e+02
76642 0 +5.007631546e-05 +5.821500501e+02 +5.821500501e+02
77522 0 +4.464562255e-05 +5.821500446e+02 +5.821500446e+02
78400 0 +3.978671396e-05 +5.821500398e+02 +5.821500398e+02
79202 0 +3.543226785e-05 +5.821500354e+02 +5.821500354e+02
79920 0 +3.160144797e-05 +5.821500316e+02 +5.821500316e+02
80982 0 +2.814611162e-05 +5.821500281e+02 +5.821500281e+02
82302 0 +2.510506886e-05 +5.821500251e+02 +5.821500251e+02
83582 0 +2.238145476e-05 +5.821500224e+02 +5.821500224e+02
84780 0 +1.993596402e-05 +5.821500199e+02 +5.821500199e+02
85922 0 +1.776924125e-05 +5.821500178e+02 +5.821500178e+02
86962 0 +1.583447784e-05 +5.821500158e+02 +5.821500158e+02
87982 0 +1.411515211e-05 +5.821500141e+02 +5.821500141e+02
88972 0 +1.258353234e-05 +5.821500126e+02 +5.821500126e+02
89822 0 +1.121399464e-05 +5.821500112e+02 +5.821500112e+02
90696 0 +9.996981362e-06 +5.821500100e+02 +5.821500100e+02
91532 0 +8.899262980e-06 +5.821500089e+02 +5.821500089e+02
92262 0 +7.940558021e-06 +5.821500079e+02 +5.821500079e+02
92980 0 +7.074606856e-06 +5.821500071e+02 +5.821500071e+02
93660 0 +6.304985391e-06 +5.821500063e+02 +5.821500063e+02
94642 0 +5.617316560e-06 +5.821500056e+02 +5.821500056e+02
95860 0 +5.011663006e-06 +5.821500050e+02 +5.821500050e+02
96992 0 +4.461732942e-06 +5.821500045e+02 +5.821500045e+02
98062 0 +3.979327516e-06 +5.821500040e+02 +5.821500040e+02
99076 0 +3.545346431e-06 +5.821500035e+02 +5.821500035e+02
100000 0 +3.174974040e-06 +5.821500032e+02 +5.821500032e+02
% f evaluations | g evaluations | best noise-free fitness - Fopt (1.752000000000e+01) + sum g_i+ | measured fitness | best measured fitness or single-digit g-values | x1 | x2...
1 0 +8.972772464e+03 +8.990292464e+03 +8.990292464e+03
7 0 +6.862095732e+03 +6.879615732e+03 +6.879615732e+03
31 0 +2.343971902e+03 +2.361491902e+03 +2.361491902e+03
495 0 +5.200078422e+02 +5.375278422e+02 +5.375278422e+02
497 0 +4.571534115e+02 +4.746734115e+02 +4.746734115e+02
533 0 +4.442343156e+02 +4.617543156e+02 +4.617543156e+02
535 0 +2.378964821e+02 +2.554164821e+02 +2.554164821e+02
538 0 +1.404056831e+02 +1.579256831e+02 +1.579256831e+02
584 0 +1.145492307e+02 +1.320692307e+02 +1.320692307e+02
591 0 +1.111064560e+02 +1.286264560e+02 +1.286264560e+02
609 0 +9.830860971e+01 +1.158286097e+02 +1.158286097e+02
755 0 +8.765358611e+01 +1.051735861e+02 +1.051735861e+02
7137 0 +7.943072278e+01 +9.695072278e+01 +9.695072278e+01
15761 0 +7.077918742e+01 +8.829918742e+01 +8.829918742e+01
18341 0 +6.304257764e+01 +8.056257764e+01 +8.056257764e+01
19052 0 +5.621475272e+01 +7.373475272e+01 +7.373475272e+01
19472 0 +5.011184023e+01 +6.763184023e+01 +6.763184023e+01
19781 0 +4.453461411e+01 +6.205461411e+01 +6.205461411e+01
20035 0 +3.980689718e+01 +5.732689718e+01 +5.732689718e+01
20248 0 +3.548105978e+01 +5.300105978e+01 +5.300105978e+01
20437 0 +3.162001569e+01 +4.914001569e+01 +4.914001569e+01
20601 0 +2.814256019e+01 +4.566256019e+01 +4.566256019e+01
20757 0 +2.511834593e+01 +4.263834593e+01 +4.263834593e+01
20895 0 +2.238012895e+01 +3.990012895e+01 +3.990012895e+01
21017 0 +1.992404387e+01 +3.744404387e+01 +3.744404387e+01
21121 0 +1.776910210e+01 +3.528910210e+01 +3.528910210e+01
21235 0 +1.584495806e+01 +3.336495806e+01 +3.336495806e+01
21330 0 +1.410191056e+01 +3.162191056e+01 +3.162191056e+01
21419 0 +1.256417209e+01 +3.008417209e+01 +3.008417209e+01
21501 0 +1.121124696e+01 +2.873124696e+01 +2.873124696e+01
21597 0 +9.960564875e+00 +2.748056487e+01 +2.748056487e+01
21679 0 +8.837917342e+00 +2.635791734e+01 +2.635791734e+01
21759 0 +7.871651015e+00 +2.539165102e+01 +2.539165102e+01
21837 0 +7.064837460e+00 +2.458483746e+01 +2.458483746e+01
21914 0 +6.309099692e+00 +2.382909969e+01 +2.382909969e+01
21990 0 +5.623026707e+00 +2.314302671e+01 +2.314302671e+01
22072 0 +5.010149317e+00 +2.253014932e+01 +2.253014932e+01
22159 0 +4.443269709e+00 +2.196326971e+01 +2.196326971e+01
22279 0 +3.970227833e+00 +2.149022783e+01 +2.149022783e+01
22572 0 +3.538891339e+00 +2.105889134e+01 +2.105889134e+01
23054 0 +3.157771575e+00 +2.067777157e+01 +2.067777157e+01
23474 0 +2.813942444e+00 +2.033394244e+01 +2.033394244e+01
23852 0 +2.510986198e+00 +2.003098620e+01 +2.003098620e+01
24194 0 +2.237350632e+00 +1.975735063e+01 +1.975735063e+01
24516 0 +1.989993036e+00 +1.950999304e+01 +1.950999304e+01
24776 0 +1.774807128e+00 +1.929480713e+01 +1.929480713e+01
25018 0 +1.583304494e+00 +1.910330449e+01 +1.910330449e+01
25280 0 +1.412198653e+00 +1.893219865e+01 +1.893219865e+01
25478 0 +1.252872189e+00 +1.877287219e+01 +1.877287219e+01
25716 0 +1.121433186e+00 +1.864143319e+01 +1.864143319e+01
25898 0 +9.976129900e-01 +1.851761299e+01 +1.851761299e+01
26058 0 +8.851925406e-01 +1.840519254e+01 +1.840519254e+01
26238 0 +7.918668572e-01 +1.831186686e+01 +1.831186686e+01
26400 0 +7.048958495e-01 +1.822489585e+01 +1.822489585e+01
26600 0 +6.301020908e-01 +1.815010209e+01 +1.815010209e+01
26880 0 +5.616889189e-01 +1.808168892e+01 +1.808168892e+01
27200 0 +4.995275683e-01 +1.801952757e+01 +1.801952757e+01
27498 0 +4.464472075e-01 +1.796644721e+01 +1.796644721e+01
27780 0 +3.972752148e-01 +1.791727521e+01 +1.791727521e+01
28062 0 +3.541268598e-01 +1.787412686e+01 +1.787412686e+01
28342 0 +3.157157852e-01 +1.783571579e+01 +1.783571579e+01
28752 0 +2.816842588e-01 +1.780168426e+01 +1.780168426e+01
29300 0 +2.511058236e-01 +1.777110582e+01 +1.777110582e+01
29862 0 +2.233982562e-01 +1.774339826e+01 +1.774339826e+01
30382 0 +1.993559337e-01 +1.771935593e+01 +1.771935593e+01
30902 0 +1.776643450e-01 +1.769766434e+01 +1.769766434e+01
31458 0 +1.583323439e-01 +1.767833234e+01 +1.767833234e+01
31922 0 +1.411276872e-01 +1.766112769e+01 +1.766112769e+01
32420 0 +1.257588697e-01 +1.764575887e+01 +1.764575887e+01
32882 0 +1.119213002e-01 +1.763192130e+01 +1.763192130e+01
33376 0 +9.976777653e-02 +1.761976778e+01 +1.761976778e+01
33840 0 +8.897596076e-02 +1.760897596e+01 +1.760897596e+01
34582 0 +7.924390740e-02 +1.759924391e+01 +1.759924391e+01
35382 0 +7.077454613e-02 +1.759077455e+01 +1.759077455e+01
36202 0 +6.304610518e-02 +1.758304611e+01 +1.758304611e+01
36962 0 +5.613745959e-02 +1.757613746e+01 +1.757613746e+01
37682 0 +5.003382934e-02 +1.757003383e+01 +1.757003383e+01
38402 0 +4.463942398e-02 +1.756463942e+01 +1.756463942e+01
39122 0 +3.973423440e-02 +1.755973423e+01 +1.755973423e+01
39722 0 +3.547901194e-02 +1.755547901e+01 +1.755547901e+01
40342 0 +3.158630466e-02 +1.755158630e+01 +1.755158630e+01
40978 0 +2.812520088e-02 +1.754812520e+01 +1.754812520e+01
41502 0 +2.508746326e-02 +1.754508746e+01 +1.754508746e+01
42282 0 +2.236292425e-02 +1.754236292e+01 +1.754236292e+01
43302 0 +1.992097829e-02 +1.753992098e+01 +1.753992098e+01
44318 0 +1.777228746e-02 +1.753777229e+01 +1.753777229e+01
45222 0 +1.582319412e-02 +1.753582319e+01 +1.753582319e+01
46098 0 +1.411396499e-02 +1.753411396e+01 +1.753411396e+01
46922 0 +1.258269332e-02 +1.753258269e+01 +1.753258269e+01
47722 0 +1.120685168e-02 +1.753120685e+01 +1.753120685e+01
48502 0 +9.988032069e-03 +1.752998803e+01 +1.752998803e+01
49222 0 +8.902981276e-03 +1.752890298e+01 +1.752890298e+01
50502 0 +7.934809656e-03 +1.752793481e+01 +1.752793481e+01
51802 0 +7.069623048e-03 +1.752706962e+01 +1.752706962e+01
53040 0 +6.307059326e-03 +1.752630706e+01 +1.752630706e+01
54202 0 +5.615674853e-03 +1.752561567e+01 +1.752561567e+01
55322 0 +5.008403832e-03 +1.752500840e+01 +1.752500840e+01
56342 0 +4.465393525e-03 +1.752446539e+01 +1.752446539e+01
57380 0 +3.977002953e-03 +1.752397700e+01 +1.752397700e+01
58322 0 +3.543659259e-03 +1.752354366e+01 +1.752354366e+01
59202 0 +3.161019421e-03 +1.752316102e+01 +1.752316102e+01
60042 0 +2.816547481e-03 +1.752281655e+01 +1.752281655e+01
60842 0 +2.506433778e-03 +1.752250643e+01 +1.752250643e+01
61602 0 +2.236069312e-03 +1.752223607e+01 +1.752223607e+01
62322 0 +1.993066789e-03 +1.752199307e+01 +1.752199307e+01
63582 0 +1.776451836e-03 +1.752177645e+01 +1.752177645e+01
64876 0 +1.584690389e-03 +1.752158469e+01 +1.752158469e+01
66118 0 +1.411163453e-03 +1.752141116e+01 +1.752141116e+01
67238 0 +1.258782299e-03 +1.752125878e+01 +1.752125878e+01
68340 0 +1.121287656e-03 +1.752112129e+01 +1.752112129e+01
69362 0 +9.984175951e-04 +1.752099842e+01 +1.752099842e+01
70322 0 +8.910371914e-04 +1.752089104e+01 +1.752089104e+01
71258 0 +7.943254855e-04 +1.752079433e+01 +1.752079433e+01
72140 0 +7.070321194e-04 +1.752070703e+01 +1.752070703e+01
72956 0 +6.306954747e-04 +1.752063070e+01 +1.752063070e+01
73762 0 +5.618729666e-04 +1.752056187e+01 +1.752056187e+01
75162 0 +5.007677403e-04 +1.752050077e+01 +1.752050077e+01
76522 0 +4.460730020e-04 +1.752044607e+01 +1.752044607e+01
77842 0 +3.977347196e-04 +1.752039773e+01 +1.752039773e+01
79082 0 +3.544801670e-04 +1.752035448e+01 +1.752035448e+01
80262 0 +3.156306675e-04 +1.752031563e+01 +1.752031563e+01
81380 0 +2.817262208e-04 +1.752028173e+01 +1.752028173e+01
82462 0 +2.510522626e-04 +1.752025105e+01 +1.752025105e+01
83440 0 +2.237419721e-04 +1.752022374e+01 +1.752022374e+01
84402 0 +1.994843726e-04 +1.752019948e+01 +1.752019948e+01
85314 0 +1.777949822e-04 +1.752017779e+01 +1.752017779e+01
86822 0 +1.583612722e-04 +1.752015836e+01 +1.752015836e+01
88402 0 +1.412319906e-04 +1.752014123e+01 +1.752014123e+01
89902 0 +1.258408729e-04 +1.752012584e+01 +1.752012584e+01
91302 0 +1.121954989e-04 +1.752011220e+01 +1.752011220e+01
92660 0 +9.997983305e-05 +1.752009998e+01 +1.752009998e+01
93922 0 +8.906595728e-05 +1.752008907e+01 +1.752008907e+01
95102 0 +7.933210665e-05 +1.752007933e+01 +1.752007933e+01
96242 0 +7.069138626e-05 +1.752007069e+01 +1.752007069e+01
97302 0 +6.303325114e-05 +1.752006303e+01 +1.752006303e+01
98322 0 +5.615693363e-05 +1.752005616e+01 +1.752005616e+01
99276 0 +5.007222106e-05 +1.752005007e+01 +1.752005007e+01
100000 0 +4.550470978e-05 +1.752004550e+01 +1.752004550e+01
% f evaluations | g evaluations | best noise-free fitness - Fopt (4.041000000000e+01) + sum g_i+ | measured fitness | best measured fitness or single-digit g-values | x1 | x2...
1 0 +3.178597058e+04 +3.182638058e+04 +3.182638058e+04
5 0 +3.111583318e+04 +3.115624318e+04 +3.115624318e+04
7 0 +1.686144305e+04 +1.690185305e+04 +1.690185305e+04
20 0 +6.816382583e+03 +6.856792583e+03 +6.856792583e+03
489 0 +2.797785529e+03 +2.838195529e+03 +2.838195529e+03
509 0 +1.609955316e+03 +1.650365316e+03 +1.650365316e+03
511 0 +1.205121222e+03 +1.245531222e+03 +1.245531222e+03
527 0 +6.191320792e+02 +6.595420792e+02 +6.595420792e+02
545 0 +1.952903052e+02 +2.357003052e+02 +2.357003052e+02
547 0 +1.381151207e+02 +1.785251207e+02 +1.785251207e+02
588 0 +1.060868248e+02 +1.464968248e+02 +1.464968248e+02
590 0 +9.414668162e+01 +1.345566816e+02 +1.345566816e+02
602 0 +7.529766957e+01 +1.157076696e+02 +1.157076696e+02
628 0 +5.712142557e+01 +9.753142557e+01 +9.753142557e+01
632 0 +4.864155876e+01 +8.905155876e+01 +8.905155876e+01
646 0 +4.169941366e+01 +8.210941366e+01 +8.210941366e+01
651 0 +2.505343573e+01 +6.546343573e+01 +6.546343573e+01
704 0 +1.881926520e+01 +5.922926520e+01 +5.922926520e+01
708 0 +1.334190580e+01 +5.375190580e+01 +5.375190580e+01
752 0 +1.164564148e+01 +5.205564148e+01 +5.205564148e+01
754 0 +1.040804702e+01 +5.081804702e+01 +5.081804702e+01
758 0 +7.389564786e+00 +4.779956479e+01 +4.779956479e+01
761 0 +7.007765223e+00 +4.741776522e+01 +4.741776522e+01
786 0 +6.308099157e+00 +4.671809916e+01 +4.671809916e+01
792 0 +5.564663849e+00 +4.597466385e+01 +4.597466385e+01
812 0 +4.993729072e+00 +4.540372907e+01 +4.540372907e+01
884 0 +4.457585849e+00 +4.486758585e+01 +4.486758585e+01
100000 0 +3.986592104e+00 +4.439659210e+01 +4.439659210e+01
% f evaluations | g evaluations | best noise-free fitness - Fopt (2.265900000000e+02) + sum g_i+ | measured fitness | best measured fitness or single-digit g-values | x1 | x2...
1 0 +1.759315289e+04 +1.781974289e+04 +1.781974289e+04
13 0 +1.133258454e+04 +1.155917454e+04 +1.155917454e+04
14 0 +2.211402538e+03 +2.437992538e+03 +2.437992538e+03
487 0 +5.842533661e+02 +8.108433661e+02 +8.108433661e+02
507 0 +3.664742537e+02 +5.930642537e+02 +5.930642537e+02
509 0 +2.718389299e+02 +4.984289299e+02 +4.984289299e+02
526 0 +1.876704632e+02 +4.142604632e+02 +4.142604632e+02
527 0 +1.502647424e+02 +3.768547424e+02 +3.768547424e+02
570 0 +1.407672416e+02 +3.673572416e+02 +3.673572416e+02
576 0 +9.089021266e+01 +3.174802127e+02 +3.174802127e+02
588 0 +8.009297467e+01 +3.066829747e+02 +3.066829747e+02
605 0 +7.762407635e+01 +3.042140764e+02 +3.042140764e+02
623 0 +6.448108101e+01 +2.910710810e+02 +2.910710810e+02
624 0 +5.551901805e+01 +2.821090180e+02 +2.821090180e+02
644 0 +3.353717549e+01 +2.601271755e+02 +2.601271755e+02
683 0 +2.626040414e+01 +2.528504041e+02 +2.528504041e+02
688 0 +1.616202893e+01 +2.427520289e+02 +2.427520289e+02
724 0 +1.345150439e+01 +2.400415044e+02 +2.400415044e+02
726 0 +1.223923116e+01 +2.388292312e+02 +2.388292312e+02
730 0 +8.671927689e+00 +2.352619277e+02 +2.352619277e+02
738 0 +7.109677999e+00 +2.336996780e+02 +2.336996780e+02
764 0 +7.026937037e+00 +2.336169370e+02 +2.336169370e+02
771 0 +5.839535171e+00 +2.324295352e+02 +2.324295352e+02
776 0 +4.581144680e+00 +2.311711447e+02 +2.311711447e+02
781 0 +4.190606937e+00 +2.307806069e+02 +2.307806069e+02
794 0 +3.817658022e+00 +2.304076580e+02 +2.304076580e+02
812 0 +3.416736778e+00 +2.300067368e+02 +2.300067368e+02
843 0 +3.050314668e+00 +2.296403147e+02 +2.296403147e+02
847 0 +2.563601514e+00 +2.291536015e+02 +2.291536015e+02
849 0 +2.451117133e+00 +2.290411171e+02 +2.290411171e+02
851 0 +1.778043076e+00 +2.283680431e+02 +2.283680431e+02
856 0 +1.452917436e+00 +2.280429174e+02 +2.280429174e+02
858 0 +1.399231677e+00 +2.279892317e+02 +2.279892317e+02
865 0 +1.047189152e+00 +2.276371892e+02 +2.276371892e+02
867 0 +7.990122220e-01 +2.273890122e+02 +2.273890122e+02
903 0 +7.282066416e-01 +2.273182066e+02 +2.273182066e+02
905 0 +6.372440783e-01 +2.272272441e+02 +2.272272441e+02
909 0 +5.610638780e-01 +2.271510639e+02 +2.271510639e+02
911 0 +4.885323632e-01 +2.270785324e+02 +2.270785324e+02
916 0 +4.367753455e-01 +2.270267753e+02 +2.270267753e+02
943 0 +3.928546136e-01 +2.269828546e+02 +2.269828546e+02
1018 0 +3.525025558e-01 +2.269425026e+02 +2.269425026e+02
1238 0 +3.157508467e-01 +2.269057508e+02 +2.269057508e+02
1516 0 +2.810914254e-01 +2.268710914e+02 +2.268710914e+02
1820 0 +2.506093783e-01 +2.268406094e+02 +2.268406094e+02
2342 0 +2.233982294e-01 +2.268133982e+02 +2.268133982e+02
2882 0 +1.990570062e-01 +2.267890570e+02 +2.267890570e+02
3462 0 +1.774159492e-01 +2.267674159e+02 +2.267674159e+02
3918 0 +1.584131295e-01 +2.267484131e+02 +2.267484131e+02
4422 0 +1.409472429e-01 +2.267309472e+02 +2.267309472e+02
4922 0 +1.258145583e-01 +2.267158146e+02 +2.267158146e+02
5422 0 +1.119370725e-01 +2.267019371e+02 +2.267019371e+02
5856 0 +9.998774130e-02 +2.266899877e+02 +2.266899877e+02
6320 0 +8.908050578e-02 +2.266790805e+02 +2.266790805e+02
6722 0 +7.918544738e-02 +2.266691854e+02 +2.266691854e+02
7322 0 +7.066537079e-02 +2.266606654e+02 +2.266606654e+02
8134 0 +6.307851810e-02 +2.266530785e+02 +2.266530785e+02
8882 0 +5.616243772e-02 +2.266461624e+02 +2.266461624e+02
9622 0 +5.011105719e-02 +2.266401111e+02 +2.266401111e+02
10338 0 +4.463692540e-02 +2.266346369e+02 +2.266346369e+02
11002 0 +3.978044238e-02 +2.266297804e+02 +2.266297804e+02
11650 0 +3.544051721e-02 +2.266254405e+02 +2.266254405e+02
12262 0 +3.160982872e-02 +2.266216098e+02 +2.266216098e+02
12890 0 +2.815186549e-02 +2.266181519e+02 +2.266181519e+02
13922 0 +2.511132245e-02 +2.266151113e+02 +2.266151113e+02
15020 0 +2.238370284e-02 +2.266123837e+02 +2.266123837e+02
16042 0 +1.995054802e-02 +2.266099505e+02 +2.266099505e+02
17002 0 +1.776837810e-02 +2.266077684e+02 +2.266077684e+02
17942 0 +1.584834542e-02 +2.266058483e+02 +2.266058483e+02
18820 0 +1.411542687e-02 +2.266041154e+02 +2.266041154e+02
19660 0 +1.258317865e-02 +2.266025832e+02 +2.266025832e+02
20460 0 +1.121239504e-02 +2.266012124e+02 +2.266012124e+02
21240 0 +9.998260111e-03 +2.265999983e+02 +2.265999983e+02
21942 0 +8.903010081e-03 +2.265989030e+02 +2.265989030e+02
22602 0 +7.940903705e-03 +2.265979409e+02 +2.265979409e+02
23274 0 +7.078305438e-03 +2.265970783e+02 +2.265970783e+02
23922 0 +6.304614338e-03 +2.265963046e+02 +2.265963046e+02
25102 0 +5.617440631e-03 +2.265956174e+02 +2.265956174e+02
26220 0 +5.009521988e-03 +2.265950095e+02 +2.265950095e+02
27282 0 +4.461204631e-03 +2.265944612e+02 +2.265944612e+02
28242 0 +3.980150050e-03 +2.265939802e+02 +2.265939802e+02
29202 0 +3.547072562e-03 +2.265935471e+02 +2.265935471e+02
30102 0 +3.161600838e-03 +2.265931616e+02 +2.265931616e+02
30942 0 +2.816805548e-03 +2.265928168e+02 +2.265928168e+02
31762 0 +2.510120168e-03 +2.265925101e+02 +2.265925101e+02
32642 0 +2.237176418e-03 +2.265922372e+02 +2.265922372e+02
34062 0 +1.995205012e-03 +2.265919952e+02 +2.265919952e+02
35442 0 +1.777268499e-03 +2.265917773e+02 +2.265917773e+02
36740 0 +1.584469788e-03 +2.265915845e+02 +2.265915845e+02
37942 0 +1.411011690e-03 +2.265914110e+02 +2.265914110e+02
39102 0 +1.257190158e-03 +2.265912572e+02 +2.265912572e+02
40200 0 +1.121565669e-03 +2.265911216e+02 +2.265911216e+02
41240 0 +9.995669357e-04 +2.265909996e+02 +2.265909996e+02
42240 0 +8.911055325e-04 +2.265908911e+02 +2.265908911e+02
43122 0 +7.938190696e-04 +2.265907938e+02 +2.265907938e+02
43998 0 +7.070619194e-04 +2.265907071e+02 +2.265907071e+02
44822 0 +6.301433413e-04 +2.265906301e+02 +2.265906301e+02
45602 0 +5.622586901e-04 +2.265905623e+02 +2.265905623e+02
46582 0 +5.009671674e-04 +2.265905010e+02 +2.265905010e+02
47942 0 +4.466093219e-04 +2.265904466e+02 +2.265904466e+02
49262 0 +3.979637225e-04 +2.265903980e+02 +2.265903980e+02
50502 0 +3.547122735e-04 +2.265903547e+02 +2.265903547e+02
51702 0 +3.158352835e-04 +2.265903158e+02 +2.265903158e+02
52802 0 +2.815412099e-04 +2.265902815e+02 +2.265902815e+02
53862 0 +2.510018052e-04 +2.265902510e+02 +2.265902510e+02
54842 0 +2.236128123e-04 +2.265902236e+02 +2.265902236e+02
55802 0 +1.991979959e-04 +2.265901992e+02 +2.265901992e+02
56682 0 +1.777372186e-04 +2.265901777e+02 +2.265901777e+02
57522 0 +1.583066868e-04 +2.265901583e+02 +2.265901583e+02
58378 0 +1.412305158e-04 +2.265901412e+02 +2.265901412e+02
59880 0 +1.258575813e-04 +2.265901259e+02 +2.265901259e+02
61302 0 +1.120407870e-04 +2.265901120e+02 +2.265901120e+02
62622 0 +9.985329299e-05 +2.265900999e+02 +2.265900999e+02
63882 0 +8.897529804e-05 +2.265900890e+02 +2.265900890e+02
65102 0 +7.939771231e-05 +2.265900794e+02 +2.265900794e+02
66220 0 +7.077169312e-05 +2.265900708e+02 +2.265900708e+02
67280 0 +6.307362614e-05 +2.265900631e+02 +2.265900631e+02
68282 0 +5.618858785e-05 +2.265900562e+02 +2.265900562e+02
69240 0 +5.011339468e-05 +2.265900501e+02 +2.265900501e+02
70122 0 +4.464626457e-05 +2.265900446e+02 +2.265900446e+02
70942 0 +3.980875746e-05 +2.265900398e+02 +2.265900398e+02
71762 0 +3.543960935e-05 +2.265900354e+02 +2.265900354e+02
72582 0 +3.161345390e-05 +2.265900316e+02 +2.265900316e+02
74022 0 +2.817440463e-05 +2.265900282e+02 +2.265900282e+02
75354 0 +2.511842357e-05 +2.265900251e+02 +2.265900251e+02
76660 0 +2.237937855e-05 +2.265900224e+02 +2.265900224e+02
77822 0 +1.993310380e-05 +2.265900199e+02 +2.265900199e+02
78980 0 +1.777533731e-05 +2.265900178e+02 +2.265900178e+02
80022 0 +1.584086831e-05 +2.265900158e+02 +2.265900158e+02
81022 0 +1.411776856e-05 +2.265900141e+02 +2.265900141e+02
81982 0 +1.257394970e-05 +2.265900126e+02 +2.265900126e+02
82882 0 +1.121155896e-05 +2.265900112e+02 +2.265900112e+02
83776 0 +9.981140806e-06 +2.265900100e+02 +2.265900100e+02
84594 0 +8.907426349e-06 +2.265900089e+02 +2.265900089e+02
85342 0 +7.932195302e-06 +2.265900079e+02 +2.265900079e+02
86060 0 +7.073650778e-06 +2.265900071e+02 +2.265900071e+02
87202 0 +6.307132168e-06 +2.265900063e+02 +2.265900063e+02
88482 0 +5.620489674e-06 +2.265900056e+02 +2.265900056e+02
89698 0 +5.011649364e-06 +2.265900050e+02 +2.265900050e+02
90842 0 +4.461181874e-06 +2.265900045e+02 +2.265900045e+02
91922 0 +3.975972191e-06 +2.265900040e+02 +2.265900040e+02
92940 0 +3.546134820e-06 +2.265900035e+02 +2.265900035e+02
93902 0 +3.157710211e-06 +2.265900032e+02 +2.265900032e+02
94762 0 +2.815764020e-06 +2.265900028e+02 +2.265900028e+02
95660 0 +2.510232832e-06 +2.265900025e+02 +2.265900025e+02
96462 0 +2.238435059e-06 +2.265900022e+02 +2.265900022e+02
97234 0 +1.993515639e-06 +2.265900020e+02 +2.265900020e+02
97936 0 +1.777141392e-06 +2.265900018e+02 +2.265900018e+02
98600 0 +1.584739636e-06 +2.265900016e+02 +2.265900016e+02
99242 0 +1.406851482e-06 +2.265900014e+02 +2.265900014e+02
99862 0 +1.257297100e-06 +2.265900013e+02 +2.265900013e+02
100000 0 +1.240611283e-06 +2.265900012e+02 +2.265900012e+02
% f evaluations | g evaluations | best noise-free fitness - Fopt (-5.862000000000e+01) + sum g_i+ | measured fitness | best measured fitness or single-digit g-values | x1 | x2...
1 0 +1.133953000e+04 +1.128091000e+04 +1.128091000e+04
7 0 +7.203663550e+03 +7.145043550e+03 +7.145043550e+03
43 0 +5.874630745e+03 +5.816010745e+03 +5.816010745e+03
50 0 +3.305970415e+03 +3.247350415e+03 +3.247350415e+03
479 0 +5.605315272e+02 +5.019115272e+02 +5.019115272e+02
481 0 +3.614880451e+02 +3.028680451e+02 +3.028680451e+02
504 0 +3.240872449e+02 +2.654672449e+02 +2.654672449e+02
513 0 +3.150250690e+02 +2.564050690e+02 +2.564050690e+02
516 0 +2.662380513e+02 +2.076180513e+02 +2.076180513e+02
521 0 +2.418137110e+02 +1.831937110e+02 +1.831937110e+02
554 0 +2.191279360e+02 +1.605079360e+02 +1.605079360e+02
585 0 +1.956616979e+02 +1.370416979e+02 +1.370416979e+02
597 0 +1.751270529e+02 +1.165070529e+02 +1.165070529e+02
8719 0 +1.584831633e+02 +9.986316331e+01 +9.986316331e+01
21861 0 +1.412346217e+02 +8.261462171e+01 +8.261462171e+01
31041 0 +1.258904710e+02 +6.727047096e+01 +6.727047096e+01
37381 0 +1.121854148e+02 +5.356541477e+01 +5.356541477e+01
41701 0 +9.998409722e+01 +4.136409722e+01 +4.136409722e+01
44621 0 +8.912375709e+01 +3.050375709e+01 +3.050375709e+01
46581 0 +7.938847429e+01 +2.076847429e+01 +2.076847429e+01
47801 0 +7.076227189e+01 +1.214227189e+01 +1.214227189e+01
48561 0 +6.291534305e+01 +4.295343050e+00 +4.295343050e+00
49037 0 +5.621895953e+01 -2.401040472e+00 -2.401040472e+00
49399 0 +5.009077778e+01 -8.529222223e+00 -8.529222223e+00
49681 0 +4.461429198e+01 -1.400570802e+01 -1.400570802e+01
49941 0 +3.962671165e+01 -1.899328835e+01 -1.899328835e+01
50161 0 +3.536499310e+01 -2.325500690e+01 -2.325500690e+01
50361 0 +3.154298999e+01 -2.707701001e+01 -2.707701001e+01
50541 0 +2.817890665e+01 -3.044109335e+01 -3.044109335e+01
50719 0 +2.511387882e+01 -3.350612118e+01 -3.350612118e+01
50877 0 +2.236761467e+01 -3.625238533e+01 -3.625238533e+01
51021 0 +1.975383923e+01 -3.886616077e+01 -3.886616077e+01
51159 0 +1.777163456e+01 -4.084836544e+01 -4.084836544e+01
51299 0 +1.578648045e+01 -4.283351955e+01 -4.283351955e+01
51421 0 +1.408350061e+01 -4.453649939e+01 -4.453649939e+01
51559 0 +1.258412573e+01 -4.603587427e+01 -4.603587427e+01
51681 0 +1.115331631e+01 -4.746668369e+01 -4.746668369e+01
51821 0 +9.883012591e+00 -4.873698741e+01 -4.873698741e+01
51954 0 +8.908251677e+00 -4.971174832e+01 -4.971174832e+01
52108 0 +7.942431723e+00 -5.067756828e+01 -5.067756828e+01
52321 0 +7.055289922e+00 -5.156471008e+01 -5.156471008e+01
52836 0 +6.303256141e+00 -5.231674386e+01 -5.231674386e+01
53740 0 +5.622248416e+00 -5.299775158e+01 -5.299775158e+01
54638 0 +5.009564588e+00 -5.361043541e+01 -5.361043541e+01
55962 0 +4.466608279e+00 -5.415339172e+01 -5.415339172e+01
100000 0 +3.987464630e+00 -5.463253537e+01 -5.463253537e+01
