% f evaluations | g evaluations | best noise-free fitness - Fopt (-5.494000000000e+01) + sum g_i+ | measured fitness | best measured fitness or single-digit g-values | x1 | x2...
1 0 +6.036920862e+06 +6.036865922e+06 +6.036865922e+06 +0.0000e+00 +0.0000e+00 +0.0000e+00 +0.0000e+00 +0.0000e+00
3 0 +4.905780944e+05 +4.905231544e+05 +4.905231544e+05 -3.3333e+00 +0.0000e+00 +0.0000e+00 +0.0000e+00 +0.0000e+00
16 0 +2.769710336e+04 +2.764216336e+04 +2.764216336e+04 -3.3333e+00 +0.0000e+00 +0.0000e+00 +3.3333e+00 +0.0000e+00
38 0 +1.861858373e+04 +1.856364373e+04 +1.856364373e+04 -3.3333e+00 +0.0000e+00 +0.0000e+00 +4.4444e+00 +0.0000e+00
64 0 +5.000225793e+03 +4.945285793e+03 +4.945285793e+03 -3.3333e+00 +3.7037e-01 +0.0000e+00 +4.4444e+00 +0.0000e+00
67 0 +4.350675394e+03 +4.295735394e+03 +4.295735394e+03 -3.3333e+00 +0.0000e+00 -3.7037e-01 +4.4444e+00 +0.0000e+00
70 0 +3.838854852e+03 +3.783914852e+03 +3.783914852e+03 -3.3333e+00 +0.0000e+00 +0.0000e+00 +4.4444e+00 +3.7037e-01
99 0 +2.791152274e+03 +2.736212274e+03 +2.736212274e+03 -3.3333e+00 -1.2346e-01 +0.0000e+00 +4.4444e+00 +3.7037e-01
121 0 +2.504460871e+03 +2.449520871e+03 +2.449520871e+03 -3.3333e+00 -1.2346e-01 +0.0000e+00 +4.3210e+00 +3.7037e-01
291 0 +2.220156874e+03 +2.165216874e+03 +2.165216874e+03 -3.3333e+00 -1.7833e-01 +0.0000e+00 +4.3621e+00 +4.2524e-01
462 0 +2.185969022e+03 +2.131029022e+03 +2.131029022e+03 -3.3333e+00 -1.8290e-01 -9.1449e-03 +4.3667e+00 +4.2981e-01
% f evaluations | g evaluations | best noise-free fitness - Fopt (5.913000000000e+01) + sum g_i+ | measured fitness | best measured fitness or single-digit g-values | x1 | x2...
1 0 +7.466699182e+06 +7.466758312e+06 +7.466758312e+06 +0.0000e+00 +0.0000e+00 +0.0000e+00 +0.0000e+00 +0.0000e+00
2 0 +2.638902412e+06 +2.638961542e+06 +2.638961542e+06 +3.3333e+00 +0.0000e+00 +0.0000e+00 +0.0000e+00 +0.0000e+00
4 0 +5.322273123e+05 +5.322864423e+05 +5.322864423e+05 +0.0000e+00 +3.3333e+00 +0.0000e+00 +0.0000e+00 +0.0000e+00
11 0 +4.015662137e+05 +4.016253437e+05 +4.016253437e+05 +0.0000e+00 +0.0000e+00 +0.0000e+00 +0.0000e+00 -3.3333e+00
23 0 +1.332838028e+05 +1.333429328e+05 +1.333429328e+05 +3.3333e+00 +0.0000e+00 -3.3333e+00 +0.0000e+00 -3.3333e+00
46 0 +6.500226255e+04 +6.506139255e+04 +6.506139255e+04 +4.4444e+00 +0.0000e+00 -3.3333e+00 +0.0000e+00 -3.3333e+00
77 0 +5.990705263e+04 +5.996618263e+04 +5.996618263e+04 +4.0741e+00 +0.0000e+00 -3.3333e+00 +0.0000e+00 -3.3333e+00
116 0 +5.375930903e+04 +5.381843903e+04 +5.381843903e+04 +4.0741e+00 +1.2346e-01 -3.3333e+00 +0.0000e+00 -3.3333e+00
177 0 +4.998294455e+04 +5.004207455e+04 +5.004207455e+04 +3.9506e+00 +1.2346e-01 -3.4568e+00 +0.0000e+00 -3.4568e+00
235 0 +2.744406958e+04 +2.750319958e+04 +2.750319958e+04 -3.7037e-01 +1.4815e+00 -1.1111e+00 +0.0000e+00 -3.3333e+00
237 0 +1.880086019e+04 +1.885999019e+04 +1.885999019e+04 +0.0000e+00 +1.4815e+00 -1.4815e+00 +0.0000e+00 -3.3333e+00
271 0 +1.654520335e+04 +1.660433335e+04 +1.660433335e+04 -1.2346e-01 +1.4815e+00 -1.4815e+00 +0.0000e+00 -3.3333e+00
275 0 +1.517843904e+04 +1.523756904e+04 +1.523756904e+04 +0.0000e+00 +1.4815e+00 -1.6049e+00 +0.0000e+00 -3.3333e+00
337 0 +1.126279524e+04 +1.132192524e+04 +1.132192524e+04 -1.2346e-01 +1.6049e+00 -1.6049e+00 -1.2346e-01 -3.3333e+00
368 0 +1.116411979e+04 +1.122324979e+04 +1.122324979e+04 -1.2346e-01 +1.6461e+00 -1.6049e+00 -1.2346e-01 -3.3333e+00
419 0 +9.861726254e+03 +9.920856254e+03 +9.920856254e+03 -1.2346e-01 +1.6461e+00 -1.6461e+00 -1.6461e-01 -3.3333e+00
500 0 +8.079315469e+03 +8.138445469e+03 +8.138445469e+03 -3.2099e+00 +3.3333e+00 +1.8519e+00 -3.3333e+00 -3.7037e+00
559 0 +7.907601362e+03 +7.966731362e+03 +7.966731362e+03 -3.2099e+00 +3.3333e+00 +1.8107e+00 -3.3333e+00 -3.7037e+00
914 0 +7.056822712e+03 +7.115952712e+03 +7.115952712e+03 -2.7984e+00 +3.3333e+00 +2.0576e+00 -3.8272e+00 -3.7037e+00
1228 0 +6.623175133e+03 +6.682305133e+03 +6.682305133e+03 -2.7801e+00 +3.2785e+00 +2.0393e+00 -3.7677e+00 -3.7083e+00
% f evaluations | g evaluations | best noise-free fitness - Fopt (-4.915300000000e+02) + sum g_i+ | measured fitness | best measured fitness or single-digit g-values | x1 | x2...
1 0 +2.917801904e+04 +2.868648904e+04 +2.868648904e+04 +0.0000e+00 +0.0000e+00 +0.0000e+00 +0.0000e+00 +0.0000e+00
27 0 +1.556973603e+04 +1.507820603e+04 +1.507820603e+04 +0.0000e+00 +0.0000e+00 +0.0000e+00 -1.1111e+00 +0.0000e+00
43 0 +5.929762337e+03 +5.438232337e+03 +5.438232337e+03 +0.0000e+00 +0.0000e+00 -1.1111e+00 -1.1111e+00 +0.0000e+00
83 0 +4.148875126e+03 +3.657345126e+03 +3.657345126e+03 +0.0000e+00 -3.7037e-01 -1.1111e+00 -7.4074e-01 +0.0000e+00
87 0 +3.247331089e+03 +2.755801089e+03 +2.755801089e+03 +0.0000e+00 +0.0000e+00 -1.1111e+00 -7.4074e-01 -3.7037e-01
103 0 +1.248923955e+03 +7.573939551e+02 +7.573939551e+02 +0.0000e+00 +0.0000e+00 -1.4815e+00 -7.4074e-01 -3.7037e-01
151 0 +1.053640584e+03 +5.621105839e+02 +5.621105839e+02 +0.0000e+00 +0.0000e+00 -1.6049e+00 -7.4074e-01 -4.9383e-01
203 0 +8.139186188e+02 +3.223886188e+02 +3.223886188e+02 +0.0000e+00 +8.2305e-02 -1.6049e+00 -7.4074e-01 -4.9383e-01
209 0 +7.513088821e+02 +2.597788821e+02 +2.597788821e+02 +0.0000e+00 +1.2346e-01 -1.6049e+00 -7.4074e-01 -5.3498e-01
243 0 +6.789652537e+02 +1.874352537e+02 +1.874352537e+02 +0.0000e+00 +8.2305e-02 -1.6461e+00 -7.4074e-01 -5.3498e-01
430 0 +4.381309389e+02 -5.339906110e+01 -5.339906110e+01 +0.0000e+00 +1.2346e+00 -1.4815e+00 -1.1111e+00 -1.4815e+00
475 0 +2.599359142e+02 -2.315940858e+02 -2.315940858e+02 +0.0000e+00 +1.1111e+00 -1.6049e+00 -9.8765e-01 -1.4815e+00
519 0 +2.418975643e+02 -2.496324357e+02 -2.496324357e+02 +0.0000e+00 +1.1111e+00 -1.6461e+00 -9.8765e-01 -1.4815e+00
770 0 +2.331613111e+02 -2.583686889e+02 -2.583686889e+02 +0.0000e+00 +1.1111e+00 -1.6644e+00 -9.7851e-01 -1.4998e+00
% f evaluations | g evaluations | best noise-free fitness - Fopt (-1.702000000000e+02) + sum g_i+ | measured fitness | best measured fitness or single-digit g-values | x1 | x2...
1 0 +1.702574989e+07 +1.702557969e+07 +1.702557969e+07 +0.0000e+00 +0.0000e+00 +0.0000e+00 +0.0000e+00 +0.0000e+00
2 0 +1.281143731e+07 +1.281126711e+07 +1.281126711e+07 +3.3333e+00 +0.0000e+00 +0.0000e+00 +0.0000e+00 +0.0000e+00
7 0 +5.913892274e+06 +5.913722074e+06 +5.913722074e+06 +0.0000e+00 +0.0000e+00 -3.3333e+00 +0.0000e+00 +0.0000e+00
8 0 +3.370104956e+06 +3.369934756e+06 +3.369934756e+06 +0.0000e+00 +0.0000e+00 +0.0000e+00 +3.3333e+00 +0.0000e+00
12 0 +1.790979503e+06 +1.790809303e+06 +1.790809303e+06 +3.3333e+00 +0.0000e+00 +0.0000e+00 +3.3333e+00 +0.0000e+00
17 0 +4.410535757e+05 +4.408833757e+05 +4.408833757e+05 +0.0000e+00 +0.0000e+00 -3.3333e+00 +3.3333e+00 +0.0000e+00
18 0 +1.485880437e+05 +1.484178437e+05 +1.484178437e+05 +0.0000e+00 +0.0000e+00 +0.0000e+00 +3.3333e+00 +3.3333e+00
22 0 +5.267612745e+04 +5.250592745e+04 +5.250592745e+04 +0.0000e+00 +3.3333e+00 +0.0000e+00 +3.3333e+00 +3.3333e+00
36 0 +4.592359020e+04 +4.575339020e+04 +4.575339020e+04 +0.0000e+00 +4.4444e+00 +0.0000e+00 +3.3333e+00 +3.3333e+00
85 0 +4.338813257e+04 +4.321793257e+04 +4.321793257e+04 -3.7037e-01 +4.8148e+00 +0.0000e+00 +3.3333e+00 +3.3333e+00
123 0 +3.801852252e+04 +3.784832252e+04 +3.784832252e+04 -4.9383e-01 +4.8148e+00 +0.0000e+00 +3.3333e+00 +3.7037e+00
126 0 +3.495277422e+04 +3.478257422e+04 +3.478257422e+04 -3.7037e-01 +4.8148e+00 +1.2346e-01 +3.3333e+00 +3.7037e+00
141 0 +2.957236178e+04 +2.940216178e+04 +2.940216178e+04 -1.4815e+00 +3.3333e+00 +0.0000e+00 +3.3333e+00 +4.4444e+00
144 0 +1.849275748e+04 +1.832255748e+04 +1.832255748e+04 -1.1111e+00 +3.3333e+00 +3.7037e-01 +3.3333e+00 +4.4444e+00
149 0 +1.774888166e+04 +1.757868166e+04 +1.757868166e+04 -1.1111e+00 +3.3333e+00 +0.0000e+00 +3.3333e+00 +4.0741e+00
169 0 +1.515547937e+04 +1.498527937e+04 +1.498527937e+04 -1.1111e+00 +2.9630e+00 +0.0000e+00 +3.3333e+00 +4.0741e+00
242 0 +1.411561325e+04 +1.394541325e+04 +1.394541325e+04 -1.1111e+00 +2.8395e+00 +0.0000e+00 +3.3745e+00 +4.0741e+00
283 0 +6.856893648e+03 +6.686693648e+03 +6.686693648e+03 -1.1111e+00 +0.0000e+00 +0.0000e+00 +3.3333e+00 +4.4444e+00
324 0 +6.221814850e+03 +6.051614850e+03 +6.051614850e+03 -1.1111e+00 +3.7037e-01 +0.0000e+00 +3.3333e+00 +4.4444e+00
361 0 +5.085048071e+03 +4.914848071e+03 +4.914848071e+03 -1.2346e+00 +3.7037e-01 +0.0000e+00 +3.3333e+00 +4.4444e+00
377 0 +4.843029359e+03 +4.672829359e+03 +4.672829359e+03 -1.4815e+00 +1.1111e+00 +0.0000e+00 +3.3333e+00 +4.4444e+00
415 0 +4.128474361e+03 +3.958274361e+03 +3.958274361e+03 -1.2346e+00 +2.4691e-01 +0.0000e+00 +3.3333e+00 +4.5679e+00
461 0 +3.477746108e+03 +3.307546108e+03 +3.307546108e+03 -1.2757e+00 +2.4691e-01 +0.0000e+00 +3.3333e+00 +4.5679e+00
489 0 +3.122039834e+03 +2.951839834e+03 +2.951839834e+03 -1.2757e+00 +2.4691e-01 +4.1152e-02 +3.3333e+00 +4.5679e+00
579 0 +2.748787795e+03 +2.578587795e+03 +2.578587795e+03 -1.2894e+00 +2.0576e-01 +4.1152e-02 +3.3333e+00 +4.6091e+00
649 0 +2.427988991e+03 +2.257788991e+03 +2.257788991e+03 -1.6049e+00 +0.0000e+00 +0.0000e+00 +3.3333e+00 +4.8148e+00
652 0 +8.068970158e+02 +6.366970158e+02 +6.366970158e+02 -1.4815e+00 +0.0000e+00 +1.2346e-01 +3.3333e+00 +4.8148e+00
673 0 +7.525915338e+02 +5.823915338e+02 +5.823915338e+02 -1.4815e+00 -1.2346e-01 +1.2346e-01 +3.3333e+00 +4.8148e+00
747 0 +6.047651958e+02 +4.345651958e+02 +4.345651958e+02 -1.5226e+00 -1.2346e-01 +1.2346e-01 +3.3333e+00 +4.8560e+00
887 0 +5.519560277e+02 +3.817560277e+02 +3.817560277e+02 -1.5364e+00 -1.7833e-01 +1.2346e-01 +3.3333e+00 +4.8697e+00
1140 0 +5.316242140e+02 +3.614242140e+02 +3.614242140e+02 -1.5409e+00 -1.8290e-01 +1.3717e-01 +3.3516e+00 +4.8560e+00
% f evaluations | g evaluations | best noise-free fitness - Fopt (-4.697500000000e+02) + sum g_i+ | measured fitness | best measured fitness or single-digit g-values | x1 | x2...
1 0 +1.297321784e+07 +1.297274809e+07 +1.297274809e+07 +0.0000e+00 +0.0000e+00 +0.0000e+00 +0.0000e+00 +0.0000e+00
2 0 +2.855924605e+06 +2.855454855e+06 +2.855454855e+06 +3.3333e+00 +0.0000e+00 +0.0000e+00 +0.0000e+00 +0.0000e+00
6 0 +2.475081956e+06 +2.474612206e+06 +2.474612206e+06 +0.0000e+00 +0.0000e+00 +3.3333e+00 +0.0000e+00 +0.0000e+00
12 0 +4.881863760e+05 +4.877166260e+05 +4.877166260e+05 +3.3333e+00 +0.0000e+00 +3.3333e+00 +0.0000e+00 +0.0000e+00
15 0 +2.083948975e+05 +2.079251475e+05 +2.079251475e+05 +0.0000e+00 -3.3333e+00 +3.3333e+00 +0.0000e+00 +0.0000e+00
24 0 +1.493571787e+05 +1.488874287e+05 +1.488874287e+05 +0.0000e+00 -3.3333e+00 +3.3333e+00 +0.0000e+00 +3.3333e+00
34 0 +1.542876397e+04 +1.495901397e+04 +1.495901397e+04 +0.0000e+00 -2.2222e+00 +3.3333e+00 +0.0000e+00 +3.3333e+00
69 0 +1.391113735e+04 +1.344138735e+04 +1.344138735e+04 +0.0000e+00 -2.2222e+00 +3.3333e+00 -3.7037e-01 +3.3333e+00
98 0 +1.173310437e+04 +1.126335437e+04 +1.126335437e+04 +1.2346e-01 -2.2222e+00 +3.3333e+00 -3.7037e-01 +3.3333e+00
102 0 +9.152142873e+03 +8.682392873e+03 +8.682392873e+03 +0.0000e+00 -2.2222e+00 +3.4568e+00 -3.7037e-01 +3.3333e+00
124 0 +8.320880879e+03 +7.851130879e+03 +7.851130879e+03 +0.0000e+00 -2.0988e+00 +3.4568e+00 -3.7037e-01 +3.3333e+00
127 0 +7.888497388e+03 +7.418747388e+03 +7.418747388e+03 +0.0000e+00 -2.2222e+00 +3.4568e+00 -4.9383e-01 +3.3333e+00
241 0 +7.036360808e+03 +6.566610808e+03 +6.566610808e+03 -4.1152e-02 -2.2634e+00 +3.4979e+00 -3.7037e-01 +3.1687e+00
454 0 +6.799072643e+03 +6.329322643e+03 +6.329322643e+03 -3.6580e-02 -2.2085e+00 +3.5162e+00 -3.8866e-01 +3.1916e+00
% f evaluations | g evaluations | best noise-free fitness - Fopt (-5.704700000000e+02) + sum g_i+ | measured fitness | best measured fitness or single-digit g-values | x1 | x2...
1 0 +6.615658256e+06 +6.615087786e+06 +6.615087786e+06 +0.0000e+00 +0.0000e+00 +0.0000e+00 +0.0000e+00 +0.0000e+00
3 0 +2.853435866e+06 +2.852865396e+06 +2.852865396e+06 -3.3333e+00 +0.0000e+00 +0.0000e+00 +0.0000e+00 +0.0000e+00
5 0 +5.541758674e+05 +5.536053974e+05 +5.536053974e+05 +0.0000e+00 -3.3333e+00 +0.0000e+00 +0.0000e+00 +0.0000e+00
21 0 +2.623428951e+05 +2.617724251e+05 +2.617724251e+05 -3.3333e+00 -3.3333e+00 +0.0000e+00 +0.0000e+00 +0.0000e+00
25 0 +2.292711999e+05 +2.287007299e+05 +2.287007299e+05 +0.0000e+00 -3.3333e+00 +0.0000e+00 +0.0000e+00 -3.3333e+00
43 0 +2.059883727e+05 +2.054179027e+05 +2.054179027e+05 -1.1111e+00 -3.3333e+00 +0.0000e+00 +0.0000e+00 -3.3333e+00
45 0 +1.204111379e+05 +1.198406679e+05 +1.198406679e+05 +0.0000e+00 -4.4444e+00 +0.0000e+00 +0.0000e+00 -3.3333e+00
46 0 +6.912354916e+04 +6.855307916e+04 +6.855307916e+04 +0.0000e+00 -3.3333e+00 +1.1111e+00 +0.0000e+00 -3.3333e+00
54 0 +3.098956839e+04 +3.041909839e+04 +3.041909839e+04 +1.1111e+00 -3.3333e+00 +1.1111e+00 +0.0000e+00 -3.3333e+00
83 0 +2.597622043e+04 +2.540575043e+04 +2.540575043e+04 +7.4074e-01 -3.3333e+00 +1.1111e+00 +0.0000e+00 -3.3333e+00
86 0 +2.110510375e+04 +2.053463375e+04 +2.053463375e+04 +1.1111e+00 -3.3333e+00 +1.4815e+00 +0.0000e+00 -3.3333e+00
98 0 +1.426699557e+04 +1.369652557e+04 +1.369652557e+04 +1.4815e+00 -3.3333e+00 +1.4815e+00 +0.0000e+00 -3.3333e+00
120 0 +1.290866842e+04 +1.233819842e+04 +1.233819842e+04 +1.4815e+00 -3.3333e+00 +1.4815e+00 +0.0000e+00 -2.9630e+00
157 0 +1.215273485e+04 +1.158226485e+04 +1.158226485e+04 +1.3580e+00 -3.3333e+00 +1.4815e+00 +0.0000e+00 -2.9630e+00
264 0 +1.103194373e+04 +1.046147373e+04 +1.046147373e+04 +1.3580e+00 -3.3333e+00 +1.5226e+00 +0.0000e+00 -2.7984e+00
613 0 +9.977955107e+03 +9.407485107e+03 +9.407485107e+03 +1.3032e+00 -3.2510e+00 +1.6461e+00 -4.1152e-02 -2.7984e+00
714 0 +8.505921586e+03 +7.935451586e+03 +7.935451586e+03 -2.0988e+00 +0.0000e+00 +4.4444e+00 +0.0000e+00 +1.1111e+00
750 0 +6.970320392e+03 +6.399850392e+03 +6.399850392e+03 -1.8519e+00 +0.0000e+00 +4.4444e+00 +0.0000e+00 +7.4074e-01
845 0 +6.290056253e+03 +5.719586253e+03 +5.719586253e+03 -1.8519e+00 +0.0000e+00 +4.4444e+00 +0.0000e+00 +5.7613e-01
1036 0 +5.582896872e+03 +5.012426872e+03 +5.012426872e+03 -1.6872e+00 -1.2346e-01 +4.3210e+00 +4.1152e-02 +6.1728e-01
1461 0 +5.009030849e+03 +4.438560849e+03 +4.438560849e+03 -1.6872e+00 +0.0000e+00 +4.3896e+00 +4.1152e-02 +2.0576e-01
1535 0 +4.446820184e+03 +3.876350184e+03 +3.876350184e+03 -1.7284e+00 -4.1152e-02 +4.3210e+00 +0.0000e+00 -1.2346e-01
1844 0 +4.189833485e+03 +3.619363485e+03 +3.619363485e+03 -1.6690e+00 -5.9442e-02 +4.3073e+00 +0.0000e+00 -1.8290e-01
% f evaluations | g evaluations | best noise-free fitness - Fopt (-1.385000000000e+01) + sum g_i+ | measured fitness | best measured fitness or single-digit g-values | x1 | x2...
1 0 +3.625600367e+06 +3.625586517e+06 +3.625586517e+06 +0.0000e+00 +0.0000e+00 +0.0000e+00 +0.0000e+00 +0.0000e+00
2 0 +3.439721076e+05 +3.439582576e+05 +3.439582576e+05 +3.3333e+00 +0.0000e+00 +0.0000e+00 +0.0000e+00 +0.0000e+00
42 0 +1.823282771e+04 +1.821897771e+04 +1.821897771e+04 +4.4444e+00 +0.0000e+00 +0.0000e+00 +3.3333e+00 +3.3333e+00
82 0 +1.564429933e+04 +1.563044933e+04 +1.563044933e+04 +4.4444e+00 +0.0000e+00 +3.7037e-01 +3.3333e+00 +3.3333e+00
103 0 +9.740126594e+03 +9.726276594e+03 +9.726276594e+03 +4.4444e+00 +0.0000e+00 +3.7037e-01 +2.9630e+00 +3.3333e+00
104 0 +2.326152103e+03 +2.312302103e+03 +2.312302103e+03 +4.4444e+00 +0.0000e+00 +3.7037e-01 +3.3333e+00 +3.7037e+00
158 0 +2.039990053e+03 +2.026140053e+03 +2.026140053e+03 +4.4444e+00 +0.0000e+00 +4.9383e-01 +3.2099e+00 +3.7037e+00
184 0 +9.087887488e+02 +8.949387488e+02 +8.949387488e+02 +4.4444e+00 +0.0000e+00 +4.9383e-01 +3.2099e+00 +3.8272e+00
284 0 +7.654732376e+02 +7.516232376e+02 +7.516232376e+02 +4.4444e+00 +0.0000e+00 +5.3498e-01 +3.2099e+00 +3.8683e+00
690 0 +7.462002889e+02 +7.323502889e+02 +7.323502889e+02 +4.4856e+00 +0.0000e+00 +4.9840e-01 +3.1504e+00 +3.8729e+00
% f evaluations | g evaluations | best noise-free fitness - Fopt (1.222300000000e+02) + sum g_i+ | measured fitness | best measured fitness or single-digit g-values | x1 | x2...
1 0 +6.114473648e+06 +6.114595878e+06 +6.114595878e+06 +0.0000e+00 +0.0000e+00 +0.0000e+00 +0.0000e+00 +0.0000e+00
3 0 +3.321939506e+06 +3.322061736e+06 +3.322061736e+06 -3.3333e+00 +0.0000e+00 +0.0000e+00 +0.0000e+00 +0.0000e+00
7 0 +3.210580456e+05 +3.211802756e+05 +3.211802756e+05 +0.0000e+00 +0.0000e+00 -3.3333e+00 +0.0000e+00 +0.0000e+00
14 0 +3.084117484e+05 +3.085339784e+05 +3.085339784e+05 +0.0000e+00 +3.3333e+00 -3.3333e+00 +0.0000e+00 +0.0000e+00
27 0 +7.909641134e+04 +7.921864134e+04 +7.921864134e+04 -3.3333e+00 +3.3333e+00 -3.3333e+00 -3.3333e+00 +0.0000e+00
45 0 +1.371484847e+04 +1.383707847e+04 +1.383707847e+04 -4.4444e+00 +3.3333e+00 -3.3333e+00 -3.3333e+00 +0.0000e+00
50 0 +5.128936328e+03 +5.251166328e+03 +5.251166328e+03 -3.3333e+00 +3.3333e+00 -3.3333e+00 -2.2222e+00 +0.0000e+00
106 0 +4.661488637e+03 +4.783718637e+03 +4.783718637e+03 -3.3333e+00 +3.4568e+00 -3.3333e+00 -2.2222e+00 +0.0000e+00
151 0 +3.879032737e+03 +4.001262737e+03 +4.001262737e+03 -3.4568e+00 +3.4568e+00 -3.3333e+00 -2.3457e+00 +0.0000e+00
166 0 +2.873490057e+03 +2.995720057e+03 +2.995720057e+03 -3.4568e+00 +3.4568e+00 -3.3333e+00 -2.0988e+00 +1.2346e-01
212 0 +2.788490000e+03 +2.910720000e+03 +2.910720000e+03 -3.4568e+00 +3.4979e+00 -3.3333e+00 -2.0988e+00 +1.2346e-01
239 0 +2.447931818e+03 +2.570161818e+03 +2.570161818e+03 -3.4979e+00 +3.4568e+00 -3.3333e+00 -2.0988e+00 +1.6461e-01
420 0 +1.787214236e+03 +1.909444236e+03 +1.909444236e+03 -2.2222e+00 -2.9630e+00 +0.0000e+00 +3.7037e-01 -3.3333e+00
467 0 +1.558051578e+03 +1.680281578e+03 +1.680281578e+03 -2.2222e+00 -3.0864e+00 +0.0000e+00 +3.7037e-01 -3.3333e+00
622 0 +1.116446637e+03 +1.238676637e+03 +1.238676637e+03 -1.8519e+00 -2.2222e+00 +0.0000e+00 +1.1111e+00 -3.3333e+00
698 0 +7.667679626e+02 +8.889979626e+02 +8.889979626e+02 -1.9753e+00 -2.0988e+00 +0.0000e+00 +1.1111e+00 -3.3333e+00
768 0 +7.039328524e+02 +8.261628524e+02 +8.261628524e+02 -1.9342e+00 -2.0988e+00 +0.0000e+00 +1.1523e+00 -3.3333e+00
879 0 +5.335955165e+01 +1.755895516e+02 +1.755895516e+02 -1.1111e+00 +7.4074e-01 +0.0000e+00 +3.3333e+00 -3.3333e+00
1021 0 +4.794554197e+01 +1.701755420e+02 +1.701755420e+02 -1.1111e+00 +7.2702e-01 +0.0000e+00 +3.3333e+00 -3.3333e+00
1052 0 +4.249527961e+01 +1.647252796e+02 +1.647252796e+02 -1.0974e+00 +7.2702e-01 +0.0000e+00 +3.3333e+00 -3.3333e+00
1082 0 +3.555134308e+01 +1.577813431e+02 +1.577813431e+02 -1.0974e+00 +7.2702e-01 +0.0000e+00 +3.3471e+00 -3.3333e+00
1142 0 +3.216889941e+01 +1.543988994e+02 +1.543988994e+02 -1.0928e+00 +7.2702e-01 +0.0000e+00 +3.3471e+00 -3.3333e+00
1173 0 +3.114164374e+01 +1.533716437e+02 +1.533716437e+02 -1.0928e+00 +7.2245e-01 +0.0000e+00 +3.3471e+00 -3.3333e+00
1216 0 +3.114164374e+01 +1.533716437e+02 +1.533716437e+02 -1.0928e+00 +7.2245e-01 +0.0000e+00 +3.3471e+00 -3.3333e+00
% f evaluations | g evaluations | best noise-free fitness - Fopt (-4.114000000000e+02) + sum g_i+ | measured fitness | best measured fitness or single-digit g-values | x1 | x2...
1 0 +3.465317724e+06 +3.464906324e+06 +3.464906324e+06 +0.0000e+00 +0.0000e+00 +0.0000e+00 +0.0000e+00 +0.0000e+00
2 0 +1.585764831e+06 +1.585353431e+06 +1.585353431e+06 +3.3333e+00 +0.0000e+00 +0.0000e+00 +0.0000e+00 +0.0000e+00
4 0 +9.020543805e+05 +9.016429805e+05 +9.016429805e+05 +0.0000e+00 +3.3333e+00 +0.0000e+00 +0.0000e+00 +0.0000e+00
10 0 +3.878221935e+05 +3.874107935e+05 +3.874107935e+05 +0.0000e+00 +0.0000e+00 +0.0000e+00 +0.0000e+00 +3.3333e+00
12 0 +3.007542522e+05 +3.003428522e+05 +3.003428522e+05 +3.3333e+00 +0.0000e+00 +0.0000e+00 +0.0000e+00 +3.3333e+00
16 0 +1.347932745e+05 +1.343818745e+05 +1.343818745e+05 +0.0000e+00 +0.0000e+00 +3.3333e+00 +0.0000e+00 +3.3333e+00
19 0 +1.943971071e+04 +1.902831071e+04 +1.902831071e+04 +0.0000e+00 +0.0000e+00 +0.0000e+00 -3.3333e+00 +3.3333e+00
34 0 +4.261803639e+03 +3.850403639e+03 +3.850403639e+03 +0.0000e+00 +0.0000e+00 +1.1111e+00 -3.3333e+00 +3.3333e+00
105 0 +3.948991183e+03 +3.537591183e+03 +3.537591183e+03 +0.0000e+00 +0.0000e+00 +1.3580e+00 -3.3333e+00 +3.3333e+00
607 0 +3.517116471e+03 +3.105716471e+03 +3.105716471e+03 -2.4691e-01 +0.0000e+00 +9.8765e-01 -3.8272e+00 +3.3333e+00
994 0 +3.351461892e+03 +2.940061892e+03 +2.940061892e+03 -2.6520e-01 +1.3717e-02 +9.2821e-01 -3.8089e+00 +3.3150e+00
% f evaluations | g evaluations | best noise-free fitness - Fopt (1.000000000000e+03) + sum g_i+ | measured fitness | best measured fitness or single-digit g-values | x1 | x2...
1 0 +6.113060544e+06 +6.114060544e+06 +6.114060544e+06 +0.0000e+00 +0.0000e+00 +0.0000e+00 +0.0000e+00 +0.0000e+00
2 0 +4.930321197e+06 +4.931321197e+06 +4.931321197e+06 +3.3333e+00 +0.0000e+00 +0.0000e+00 +0.0000e+00 +0.0000e+00
6 0 +1.790444705e+06 +1.791444705e+06 +1.791444705e+06 +0.0000e+00 +0.0000e+00 +3.3333e+00 +0.0000e+00 +0.0000e+00
11 0 +5.899402744e+05 +5.909402744e+05 +5.909402744e+05 +0.0000e+00 +0.0000e+00 +0.0000e+00 +0.0000e+00 -3.3333e+00
13 0 +3.957634468e+05 +3.967634468e+05 +3.967634468e+05 -3.3333e+00 +0.0000e+00 +0.0000e+00 +0.0000e+00 -3.3333e+00
15 0 +3.485667852e+05 +3.495667852e+05 +3.495667852e+05 +0.0000e+00 -3.3333e+00 +0.0000e+00 +0.0000e+00 -3.3333e+00
21 0 +6.859590842e+04 +6.959590842e+04 +6.959590842e+04 -3.3333e+00 -3.3333e+00 +0.0000e+00 +0.0000e+00 -3.3333e+00
28 0 +1.904787466e+04 +2.004787466e+04 +2.004787466e+04 -3.3333e+00 -3.3333e+00 +0.0000e+00 +3.3333e+00 -3.3333e+00
35 0 +8.905245584e+03 +9.905245584e+03 +9.905245584e+03 -4.4444e+00 -3.3333e+00 +0.0000e+00 +3.3333e+00 -3.3333e+00
47 0 +6.433143959e+03 +7.433143959e+03 +7.433143959e+03 -4.4444e+00 -4.4444e+00 +0.0000e+00 +3.3333e+00 -3.3333e+00
71 0 +6.257660950e+03 +7.257660950e+03 +7.257660950e+03 -4.8148e+00 -4.4444e+00 +0.0000e+00 +3.3333e+00 -3.3333e+00
72 0 +1.065218915e+03 +2.065218915e+03 +2.065218915e+03 -4.4444e+00 -4.0741e+00 +0.0000e+00 +3.3333e+00 -3.3333e+00
101 0 +7.872033688e+02 +1.787203369e+03 +1.787203369e+03 -4.8148e+00 -4.0741e+00 +0.0000e+00 +2.9630e+00 -3.3333e+00
108 0 +5.850145171e+02 +1.585014517e+03 +1.585014517e+03 -4.4444e+00 -3.9506e+00 +0.0000e+00 +3.3333e+00 -3.3333e+00
153 0 +5.125238385e+02 +1.512523839e+03 +1.512523839e+03 -4.5679e+00 -3.9506e+00 +0.0000e+00 +3.2099e+00 -3.3333e+00
201 0 +4.785198520e+02 +1.478519852e+03 +1.478519852e+03 -4.5679e+00 -3.9506e+00 +0.0000e+00 +3.1687e+00 -3.3333e+00
318 0 +2.645903574e+02 +1.264590357e+03 +1.264590357e+03 -4.6914e+00 -3.9506e+00 +0.0000e+00 +2.9630e+00 -3.3333e+00
323 0 +2.462633115e+02 +1.246263312e+03 +1.246263312e+03 -4.8148e+00 -3.9506e+00 +0.0000e+00 +2.8395e+00 -3.3333e+00
352 0 +1.932909213e+02 +1.193290921e+03 +1.193290921e+03 -4.6914e+00 -3.9506e+00 +0.0000e+00 +2.8395e+00 -3.3333e+00
417 0 +1.730165761e+02 +1.173016576e+03 +1.173016576e+03 -4.7325e+00 -3.9506e+00 +0.0000e+00 +2.7984e+00 -3.3333e+00
660 0 +1.673859573e+02 +1.167385957e+03 +1.167385957e+03 -4.7508e+00 -3.9506e+00 +0.0000e+00 +2.7801e+00 -3.3333e+00
% f evaluations | g evaluations | best noise-free fitness - Fopt (6.730000000000e+00) + sum g_i+ | measured fitness | best measured fitness or single-digit g-values | x1 | x2...
1 0 +6.420368074e+06 +6.420374804e+06 +6.420374804e+06 +0.0000e+00 +0.0000e+00 +0.0000e+00 +0.0000e+00 +0.0000e+00
2 0 +2.611838861e+05 +2.611906161e+05 +2.611906161e+05 +3.3333e+00 +0.0000e+00 +0.0000e+00 +0.0000e+00 +0.0000e+00
13 0 +6.531602640e+04 +6.532275640e+04 +6.532275640e+04 +3.3333e+00 -3.3333e+00 +0.0000e+00 +0.0000e+00 +0.0000e+00
52 0 +6.088112297e+04 +6.088785297e+04 +6.088785297e+04 +3.3333e+00 -2.9630e+00 +0.0000e+00 +0.0000e+00 +0.0000e+00
74 0 +5.037485466e+04 +5.038158466e+04 +5.038158466e+04 +3.3333e+00 -2.9630e+00 +3.7037e-01 +0.0000e+00 +0.0000e+00
76 0 +4.865764552e+04 +4.866437552e+04 +4.866437552e+04 +3.3333e+00 -2.9630e+00 +0.0000e+00 +3.7037e-01 +0.0000e+00
127 0 +4.455549999e+04 +4.456222999e+04 +4.456222999e+04 +3.3333e+00 -2.8395e+00 +0.0000e+00 +3.7037e-01 -1.2346e-01
174 0 +3.644535749e+04 +3.645208749e+04 +3.645208749e+04 +0.0000e+00 +3.3333e+00 +3.3333e+00 +0.0000e+00 +3.3333e+00
215 0 +2.077306592e+04 +2.077979592e+04 +2.077979592e+04 +0.0000e+00 +2.2222e+00 +3.3333e+00 +0.0000e+00 +3.3333e+00
239 0 +1.215059940e+04 +1.215732940e+04 +1.215732940e+04 +0.0000e+00 -1.1111e+00 +3.3333e+00 +2.2222e+00 +0.0000e+00
249 0 +3.229618787e+03 +3.236348787e+03 +3.236348787e+03 +0.0000e+00 +2.2222e+00 +2.9630e+00 +0.0000e+00 +3.3333e+00
251 0 +1.962511882e+03 +1.969241882e+03 +1.969241882e+03 +0.0000e+00 +2.2222e+00 +3.3333e+00 -3.7037e-01 +3.3333e+00
293 0 +1.340265417e+03 +1.346995417e+03 +1.346995417e+03 +0.0000e+00 +2.0988e+00 +3.3333e+00 -3.7037e-01 +3.3333e+00
313 0 +7.044750106e+02 +7.112050106e+02 +7.112050106e+02 +0.0000e+00 +1.8519e+00 +2.9630e+00 +0.0000e+00 +3.3333e+00
407 0 +6.247137988e+02 +6.314437988e+02 +6.314437988e+02 +0.0000e+00 +1.9342e+00 +2.9630e+00 +0.0000e+00 +3.3333e+00
648 0 +5.915799352e+02 +5.983099352e+02 +5.983099352e+02 +4.5725e-03 +1.9296e+00 +2.9584e+00 +1.3717e-02 +3.3288e+00
% f evaluations | g evaluations | best noise-free fitness - Fopt (2.632300000000e+02) + sum g_i+ | measured fitness | best measured fitness or single-digit g-values | x1 | x2...
1 0 +2.650000264e+07 +2.650026587e+07 +2.650026587e+07 +0.0000e+00 +0.0000e+00 +0.0000e+00 +0.0000e+00 +0.0000e+00
3 0 +1.592052308e+07 +1.592078631e+07 +1.592078631e+07 -3.3333e+00 +0.0000e+00 +0.0000e+00 +0.0000e+00 +0.0000e+00
11 0 +6.512539457e+06 +6.512802687e+06 +6.512802687e+06 +0.0000e+00 +0.0000e+00 +0.0000e+00 +0.0000e+00 -3.3333e+00
13 0 +1.986484425e+06 +1.986747655e+06 +1.986747655e+06 -3.3333e+00 +0.0000e+00 +0.0000e+00 +0.0000e+00 -3.3333e+00
21 0 +3.271248399e+05 +3.273880699e+05 +3.273880699e+05 -3.3333e+00 -3.3333e+00 +0.0000e+00 +0.0000e+00 -3.3333e+00
26 0 +2.511477066e+05 +2.514109366e+05 +2.514109366e+05 -3.3333e+00 -3.3333e+00 +3.3333e+00 +0.0000e+00 -3.3333e+00
35 0 +5.087637337e+03 +5.350867337e+03 +5.350867337e+03 -4.4444e+00 -3.3333e+00 +3.3333e+00 +0.0000e+00 -3.3333e+00
48 0 +1.264966688e+03 +1.528196688e+03 +1.528196688e+03 -4.4444e+00 -3.3333e+00 +4.4444e+00 +0.0000e+00 -3.3333e+00
76 0 +5.407486646e+02 +8.039786646e+02 +8.039786646e+02 -4.4444e+00 -3.3333e+00 +4.8148e+00 +0.0000e+00 -3.3333e+00
117 0 +4.368202621e+02 +7.000502621e+02 +7.000502621e+02 -4.4444e+00 -3.4568e+00 +4.8148e+00 +0.0000e+00 -3.3333e+00
118 0 +3.961401588e+02 +6.593701588e+02 +6.593701588e+02 -4.4444e+00 -3.3333e+00 +4.9383e+00 +0.0000e+00 -3.3333e+00
165 0 +2.865490214e+02 +5.497790214e+02 +5.497790214e+02 -4.4444e+00 -3.3745e+00 +4.9383e+00 +0.0000e+00 -3.3333e+00
190 0 +2.745868217e+02 +5.378168217e+02 +5.378168217e+02 -4.4444e+00 -3.3745e+00 +4.9794e+00 +0.0000e+00 -3.3333e+00
250 0 +2.500543970e+02 +5.132843970e+02 +5.132843970e+02 -4.4307e+00 -3.3745e+00 +4.9794e+00 +0.0000e+00 -3.3333e+00
283 0 +2.146220188e+02 +4.778520188e+02 +4.778520188e+02 -4.4444e+00 -3.3882e+00 +4.9794e+00 +1.3717e-02 -3.3333e+00
361 0 +6.363234779e+01 +3.268623478e+02 +3.268623478e+02 -4.4444e+00 -3.8272e+00 +3.3333e+00 +1.2346e-01 -3.3333e+00
402 0 +2.707792077e+01 +2.903079208e+02 +2.903079208e+02 -4.4444e+00 -3.8272e+00 +3.4568e+00 +1.2346e-01 -3.3333e+00
436 0 +2.476063999e+01 +2.879906400e+02 +2.879906400e+02 -4.4444e+00 -3.8272e+00 +3.4979e+00 +1.2346e-01 -3.3333e+00
526 0 +2.476063999e+01 +2.879906400e+02 +2.879906400e+02 -4.4444e+00 -3.8272e+00 +3.4979e+00 +1.2346e-01 -3.3333e+00
% f evaluations | g evaluations | best noise-free fitness - Fopt (1.803000000000e+02) + sum g_i+ | measured fitness | best measured fitness or single-digit g-values | x1 | x2...
1 0 +2.000919134e+06 +2.001099434e+06 +2.001099434e+06 +0.0000e+00 +0.0000e+00 +0.0000e+00 +0.0000e+00 +0.0000e+00
3 0 +5.588162009e+05 +5.589965009e+05 +5.589965009e+05 -3.3333e+00 +0.0000e+00 +0.0000e+00 +0.0000e+00 +0.0000e+00
6 0 +4.151888094e+05 +4.153691094e+05 +4.153691094e+05 +0.0000e+00 +0.0000e+00 +3.3333e+00 +0.0000e+00 +0.0000e+00
9 0 +1.757458347e+05 +1.759261347e+05 +1.759261347e+05 +0.0000e+00 +0.0000e+00 +0.0000e+00 -3.3333e+00 +0.0000e+00
13 0 +1.026301065e+05 +1.028104065e+05 +1.028104065e+05 -3.3333e+00 +0.0000e+00 +0.0000e+00 -3.3333e+00 +0.0000e+00
32 0 +5.676465123e+04 +5.694495123e+04 +5.694495123e+04 -2.2222e+00 +0.0000e+00 +0.0000e+00 -3.3333e+00 +0.0000e+00
38 0 +3.005615824e+04 +3.023645824e+04 +3.023645824e+04 -3.3333e+00 +0.0000e+00 +0.0000e+00 -2.2222e+00 +0.0000e+00
40 0 +2.508058643e+04 +2.526088643e+04 +2.526088643e+04 -3.3333e+00 +0.0000e+00 +0.0000e+00 -3.3333e+00 +1.1111e+00
47 0 +1.475884750e+04 +1.493914750e+04 +1.493914750e+04 -4.4444e+00 +0.0000e+00 +0.0000e+00 -3.3333e+00 +1.1111e+00
72 0 +1.100902609e+04 +1.118932609e+04 +1.118932609e+04 -4.0741e+00 +0.0000e+00 +0.0000e+00 -3.3333e+00 +1.1111e+00
89 0 +7.785529503e+03 +7.965829503e+03 +7.965829503e+03 -4.8148e+00 +0.0000e+00 +0.0000e+00 -3.3333e+00 +1.4815e+00
215 0 +6.569306589e+03 +6.749606589e+03 +6.749606589e+03 -4.8148e+00 -1.2346e-01 -1.2346e-01 -3.3333e+00 +1.6049e+00
216 0 +4.906273970e+03 +5.086573970e+03 +5.086573970e+03 -4.8148e+00 -1.2346e-01 +0.0000e+00 -3.2099e+00 +1.6049e+00
548 0 +4.461663811e+03 +4.641963811e+03 +4.641963811e+03 -4.7554e+00 -1.6461e-01 +0.0000e+00 -3.1550e+00 +1.6049e+00
712 0 +4.400974752e+03 +4.581274752e+03 +4.581274752e+03 -4.7554e+00 -1.8290e-01 -1.8290e-02 -3.1504e+00 +1.5912e+00
% f evaluations | g evaluations | best noise-free fitness - Fopt (6.456000000000e+01) + sum g_i+ | measured fitness | best measured fitness or single-digit g-values | x1 | x2...
1 0 +3.319997246e+05 +3.320642846e+05 +3.320642846e+05 +0.0000e+00 +0.0000e+00 +0.0000e+00 +0.0000e+00 +0.0000e+00
15 0 +2.692049356e+05 +2.692694956e+05 +2.692694956e+05 +0.0000e+00 -3.3333e+00 -3.3333e+00 +0.0000e+00 +0.0000e+00
20 0 +1.084893383e+05 +1.085538983e+05 +1.085538983e+05 +1.1111e+00 +0.0000e+00 +0.0000e+00 +0.0000e+00 +0.0000e+00
26 0 +8.337874769e+03 +8.402434769e+03 +8.402434769e+03 +0.0000e+00 +0.0000e+00 +0.0000e+00 +1.1111e+00 +0.0000e+00
39 0 +1.711015603e+03 +1.775575603e+03 +1.775575603e+03 +0.0000e+00 -1.1111e+00 +0.0000e+00 +1.1111e+00 +0.0000e+00
40 0 +1.520565832e+03 +1.585125832e+03 +1.585125832e+03 +0.0000e+00 +0.0000e+00 +1.1111e+00 +1.1111e+00 +0.0000e+00
68 0 +7.277832590e+02 +7.923432590e+02 +7.923432590e+02 +0.0000e+00 +3.7037e-01 +1.1111e+00 +1.1111e+00 +0.0000e+00
71 0 +6.223290641e+02 +6.868890641e+02 +6.868890641e+02 +0.0000e+00 +0.0000e+00 +7.4074e-01 +1.1111e+00 +0.0000e+00
172 0 +5.483355751e+02 +6.128955751e+02 +6.128955751e+02 +0.0000e+00 -8.2305e-02 +7.4074e-01 +1.1111e+00 +0.0000e+00
380 0 +5.365811899e+02 +6.011411899e+02 +6.011411899e+02 +0.0000e+00 -1.2346e-01 +6.9502e-01 +1.1111e+00 +4.5725e-03
% f evaluations | g evaluations | best noise-free fitness - Fopt (-2.171400000000e+02) + sum g_i+ | measured fitness | best measured fitness or single-digit g-values | x1 | x2...
1 0 +2.628611505e+06 +2.628394365e+06 +2.628394365e+06 +0.0000e+00 +0.0000e+00 +0.0000e+00 +0.0000e+00 +0.0000e+00
2 0 +2.538967720e+06 +2.538750580e+06 +2.538750580e+06 +3.3333e+00 +0.0000e+00 +0.0000e+00 +0.0000e+00 +0.0000e+00
4 0 +1.073014312e+06 +1.072797172e+06 +1.072797172e+06 +0.0000e+00 +3.3333e+00 +0.0000e+00 +0.0000e+00 +0.0000e+00
7 0 +3.821671921e+05 +3.819500521e+05 +3.819500521e+05 +0.0000e+00 +0.0000e+00 -3.3333e+00 +0.0000e+00 +0.0000e+00
14 0 +3.335651960e+05 +3.333480560e+05 +3.333480560e+05 +0.0000e+00 +3.3333e+00 -3.3333e+00 +0.0000e+00 +0.0000e+00
16 0 +1.763011406e+05 +1.760840006e+05 +1.760840006e+05 +0.0000e+00 +0.0000e+00 -3.3333e+00 +3.3333e+00 +0.0000e+00
24 0 +7.921781777e+04 +7.900067777e+04 +7.900067777e+04 +0.0000e+00 +0.0000e+00 -3.3333e+00 +3.3333e+00 -3.3333e+00
36 0 +1.376495878e+03 +1.159355878e+03 +1.159355878e+03 +0.0000e+00 +1.1111e+00 -3.3333e+00 +3.3333e+00 -3.3333e+00
68 0 +1.236225984e+03 +1.019085984e+03 +1.019085984e+03 +0.0000e+00 +1.1111e+00 -3.3333e+00 +3.7037e+00 -3.3333e+00
84 0 +1.052623992e+03 +8.354839917e+02 +8.354839917e+02 +0.0000e+00 +1.1111e+00 -3.3333e+00 +3.7037e+00 -2.9630e+00
117 0 +9.860963119e+02 +7.689563119e+02 +7.689563119e+02 +0.0000e+00 +1.1111e+00 -3.3333e+00 +4.4444e+00 -2.5926e+00
120 0 +2.200524152e+02 +2.912415159e+00 +2.912415159e+00 +0.0000e+00 +1.2346e+00 -3.3333e+00 +3.7037e+00 -2.9630e+00
146 0 +1.207764606e+02 -9.636353937e+01 -9.636353937e+01 +0.0000e+00 +1.2346e+00 -3.3333e+00 +3.8272e+00 -2.9630e+00
222 0 +1.085853305e+02 -1.085546695e+02 -1.085546695e+02 +0.0000e+00 +1.2346e+00 -3.3333e+00 +3.8683e+00 -2.9218e+00
504 0 +1.020131503e+02 -1.151268497e+02 -1.151268497e+02 +0.0000e+00 +1.2254e+00 -3.3333e+00 +3.8866e+00 -2.9035e+00
