% f evaluations | g evaluations | best noise-free fitness - Fopt (6.870000000000e+00) + sum g_i+ | measured fitness | best measured fitness or single-digit g-values | x1 | x2...
1 0 +2.483510099e+01 +3.170510099e+01 +3.170510099e+01 +0.0000e+00 +0.0000e+00
4 0 +1.670516762e+01 +2.357516762e+01 +2.357516762e+01 -5.4917e+00 -2.5628e+00
21 0 +1.496234733e+00 +8.366234733e+00 +8.366234733e+00 +4.7866e+00 -2.6539e-01
1158 0 +7.872563530e-01 +7.657256353e+00 +7.657256353e+00 +2.8091e+00 +2.2327e+00
1186 0 +6.861032250e-01 +7.556103225e+00 +7.556103225e+00 +2.8091e+00 +2.2327e+00
9008 0 +4.205768165e-01 +7.290576816e+00 +7.290576816e+00 -4.6611e-01 -1.1492e-01
9024 0 +3.038502799e-01 +7.173850280e+00 +7.173850280e+00 -4.6599e-01 -1.1492e-01
19744 0 +1.929297671e-01 +7.062929767e+00 +7.062929767e+00 +4.9750e-01 -1.6539e+00
19796 0 +1.057110790e-01 +6.975711079e+00 +6.975711079e+00 +4.9738e-01 -1.6539e+00
19817 0 +9.035928058e-02 +6.960359281e+00 +6.960359281e+00 +4.9737e-01 -1.6539e+00
19828 0 +8.526000134e-02 +6.955260001e+00 +6.955260001e+00 +4.9736e-01 -1.6539e+00
20000 0 +8.522290168e-02 +6.955222902e+00 +6.955222902e+00 +4.9736e-01 -1.6539e+00
% f evaluations | g evaluations | best noise-free fitness - Fopt (1.000000000000e-02) + sum g_i+ | measured fitness | best measured fitness or single-digit g-values | x1 | x2...
1 0 +3.874812351e+01 +3.875812351e+01 +3.875812351e+01 +0.0000e+00 +0.0000e+00
2 0 +1.169166705e+01 +1.170166705e+01 +1.170166705e+01 -2.9289e+00 +0.0000e+00
8 0 +5.214440871e+00 +5.224440871e+00 +5.224440871e+00 +0.0000e+00 -2.9289e+00
39 0 +3.211772935e+00 +3.221772935e+00 +3.221772935e+00 +1.9837e+00 +2.3661e+00
96 0 +2.991629802e+00 +3.001629802e+00 +3.001629802e+00 +3.1316e+00 +3.3142e+00
105 0 +2.732096954e+00 +2.742096954e+00 +2.742096954e+00 +3.1316e+00 +3.3103e+00
108 0 +1.930124246e+00 +1.940124246e+00 +1.940124246e+00 +3.1355e+00 +3.3103e+00
112 0 +1.766059483e+00 +1.776059483e+00 +1.776059483e+00 +3.1394e+00 +3.3103e+00
121 0 +1.024725325e+00 +1.034725325e+00 +1.034725325e+00 +3.1394e+00 +3.3083e+00
124 0 +9.778323889e-01 +9.878323889e-01 +9.878323889e-01 +3.1413e+00 +3.3083e+00
133 0 +6.029577089e-01 +6.129577089e-01 +6.129577089e-01 +3.1423e+00 +3.3073e+00
136 0 +5.587734669e-01 +5.687734669e-01 +5.687734669e-01 +3.1433e+00 +3.3073e+00
144 0 +4.877888244e-01 +4.977888244e-01 +4.977888244e-01 +3.1438e+00 +3.3073e+00
145 0 +3.690031755e-01 +3.790031755e-01 +3.790031755e-01 +3.1438e+00 +3.3068e+00
148 0 +3.365468525e-01 +3.465468525e-01 +3.465468525e-01 +3.1443e+00 +3.3068e+00
156 0 +2.907329783e-01 +3.007329783e-01 +3.007329783e-01 +3.1445e+00 +3.3068e+00
157 0 +2.381649574e-01 +2.481649574e-01 +2.481649574e-01 +3.1445e+00 +3.3066e+00
168 0 +2.019962529e-01 +2.119962529e-01 +2.119962529e-01 +3.1449e+00 +3.3066e+00
169 0 +1.772380224e-01 +1.872380224e-01 +1.872380224e-01 +3.1449e+00 +3.3065e+00
176 0 +1.383476256e-01 +1.483476256e-01 +1.483476256e-01 +3.1451e+00 +3.3065e+00
177 0 +1.058227511e-01 +1.158227511e-01 +1.158227511e-01 +3.1451e+00 +3.3063e+00
188 0 +8.865049232e-02 +9.865049232e-02 +9.865049232e-02 +3.1453e+00 +3.3063e+00
189 0 +7.089883472e-02 +8.089883472e-02 +8.089883472e-02 +3.1453e+00 +3.3063e+00
192 0 +6.585853986e-02 +7.585853986e-02 +7.585853986e-02 +3.1454e+00 +3.3063e+00
196 0 +5.264630408e-02 +6.264630408e-02 +6.264630408e-02 +3.1454e+00 +3.3063e+00
205 0 +4.696410481e-02 +5.696410481e-02 +5.696410481e-02 +3.1454e+00 +3.3063e+00
208 0 +4.259972199e-02 +5.259972199e-02 +5.259972199e-02 +3.1455e+00 +3.3063e+00
216 0 +3.852292634e-02 +4.852292634e-02 +4.852292634e-02 +3.1455e+00 +3.3063e+00
220 0 +3.343035402e-02 +4.343035402e-02 +4.343035402e-02 +3.1455e+00 +3.3062e+00
221 0 +2.802392803e-02 +3.802392803e-02 +3.802392803e-02 +3.1455e+00 +3.3062e+00
228 0 +2.330520266e-02 +3.330520266e-02 +3.330520266e-02 +3.1455e+00 +3.3062e+00
236 0 +2.126467257e-02 +3.126467257e-02 +3.126467257e-02 +3.1455e+00 +3.3062e+00
240 0 +1.840094196e-02 +2.840094196e-02 +2.840094196e-02 +3.1455e+00 +3.3062e+00
241 0 +1.616987175e-02 +2.616987175e-02 +2.616987175e-02 +3.1455e+00 +3.3062e+00
244 0 +1.493185815e-02 +2.493185815e-02 +2.493185815e-02 +3.1456e+00 +3.3062e+00
248 0 +1.311192143e-02 +2.311192143e-02 +2.311192143e-02 +3.1456e+00 +3.3062e+00
249 0 +1.028713024e-02 +2.028713024e-02 +2.028713024e-02 +3.1456e+00 +3.3062e+00
252 0 +9.473479712e-03 +1.947347971e-02 +1.947347971e-02 +3.1456e+00 +3.3062e+00
256 0 +7.453413766e-03 +1.745341377e-02 +1.745341377e-02 +3.1456e+00 +3.3062e+00
265 0 +6.497241158e-03 +1.649724116e-02 +1.649724116e-02 +3.1456e+00 +3.3062e+00
268 0 +5.793509498e-03 +1.579350950e-02 +1.579350950e-02 +3.1456e+00 +3.3062e+00
276 0 +5.185840233e-03 +1.518584023e-02 +1.518584023e-02 +3.1456e+00 +3.3062e+00
277 0 +4.726203607e-03 +1.472620361e-02 +1.472620361e-02 +3.1456e+00 +3.3062e+00
280 0 +4.243610802e-03 +1.424361080e-02 +1.424361080e-02 +3.1456e+00 +3.3062e+00
284 0 +3.118916107e-03 +1.311891611e-02 +1.311891611e-02 +3.1456e+00 +3.3062e+00
288 0 +2.729267321e-03 +1.272926732e-02 +1.272926732e-02 +3.1456e+00 +3.3062e+00
296 0 +2.408013049e-03 +1.240801305e-02 +1.240801305e-02 +3.1456e+00 +3.3062e+00
297 0 +2.127433611e-03 +1.212743361e-02 +1.212743361e-02 +3.1456e+00 +3.3062e+00
300 0 +1.909193744e-03 +1.190919374e-02 +1.190919374e-02 +3.1456e+00 +3.3062e+00
308 0 +1.747012990e-03 +1.174701299e-02 +1.174701299e-02 +3.1456e+00 +3.3062e+00
312 0 +1.502694092e-03 +1.150269409e-02 +1.150269409e-02 +3.1456e+00 +3.3062e+00
313 0 +1.283396341e-03 +1.128339634e-02 +1.128339634e-02 +3.1456e+00 +3.3062e+00
316 0 +1.187254635e-03 +1.118725464e-02 +1.118725464e-02 +3.1456e+00 +3.3062e+00
320 0 +1.059815428e-03 +1.105981543e-02 +1.105981543e-02 +3.1456e+00 +3.3062e+00
325 0 +7.397386983e-04 +1.073973870e-02 +1.073973870e-02 +3.1456e+00 +3.3062e+00
328 0 +6.151880000e-04 +1.061518800e-02 +1.061518800e-02 +3.1456e+00 +3.3062e+00
337 0 +4.507423402e-04 +1.045074234e-02 +1.045074234e-02 +3.1456e+00 +3.3062e+00
340 0 +3.879816607e-04 +1.038798166e-02 +1.038798166e-02 +3.1456e+00 +3.3062e+00
348 0 +3.396036289e-04 +1.033960363e-02 +1.033960363e-02 +3.1456e+00 +3.3062e+00
349 0 +2.994517164e-04 +1.029945172e-02 +1.029945172e-02 +3.1456e+00 +3.3062e+00
352 0 +2.664900993e-04 +1.026649010e-02 +1.026649010e-02 +3.1456e+00 +3.3062e+00
360 0 +2.407975250e-04 +1.024079753e-02 +1.024079753e-02 +3.1456e+00 +3.3062e+00
361 0 +2.238181946e-04 +1.022381819e-02 +1.022381819e-02 +3.1456e+00 +3.3062e+00
365 0 +1.748482034e-04 +1.017484820e-02 +1.017484820e-02 +3.1456e+00 +3.3062e+00
372 0 +1.403327814e-04 +1.014033278e-02 +1.014033278e-02 +3.1456e+00 +3.3062e+00
381 0 +1.177637538e-04 +1.011776375e-02 +1.011776375e-02 +3.1456e+00 +3.3062e+00
384 0 +1.080143376e-04 +1.010801434e-02 +1.010801434e-02 +3.1456e+00 +3.3062e+00
385 0 +9.362829001e-05 +1.009362829e-02 +1.009362829e-02 +3.1456e+00 +3.3062e+00
388 0 +8.525955540e-05 +1.008525956e-02 +1.008525956e-02 +3.1456e+00 +3.3062e+00
392 0 +7.404082129e-05 +1.007404082e-02 +1.007404082e-02 +3.1456e+00 +3.3062e+00
400 0 +6.738354065e-05 +1.006738354e-02 +1.006738354e-02 +3.1456e+00 +3.3062e+00
404 0 +5.738168098e-05 +1.005738168e-02 +1.005738168e-02 +3.1456e+00 +3.3062e+00
405 0 +5.090331768e-05 +1.005090332e-02 +1.005090332e-02 +3.1456e+00 +3.3062e+00
408 0 +4.588504560e-05 +1.004588505e-02 +1.004588505e-02 +3.1456e+00 +3.3062e+00
412 0 +3.981593533e-05 +1.003981594e-02 +1.003981594e-02 +3.1456e+00 +3.3062e+00
413 0 +3.217098065e-05 +1.003217098e-02 +1.003217098e-02 +3.1456e+00 +3.3062e+00
416 0 +2.791638670e-05 +1.002791639e-02 +1.002791639e-02 +3.1456e+00 +3.3062e+00
427 0 +2.508657719e-05 +1.002508658e-02 +1.002508658e-02 +3.1456e+00 +3.3062e+00
429 0 +2.090664799e-05 +1.002090665e-02 +1.002090665e-02 +3.1456e+00 +3.3062e+00
432 0 +1.874898388e-05 +1.001874898e-02 +1.001874898e-02 +3.1456e+00 +3.3062e+00
436 0 +1.579689391e-05 +1.001579689e-02 +1.001579689e-02 +3.1456e+00 +3.3062e+00
445 0 +1.265860872e-05 +1.001265861e-02 +1.001265861e-02 +3.1456e+00 +3.3062e+00
448 0 +1.101750259e-05 +1.001101750e-02 +1.001101750e-02 +3.1456e+00 +3.3062e+00
452 0 +7.765308914e-06 +1.000776531e-02 +1.000776531e-02 +3.1456e+00 +3.3062e+00
456 0 +6.119309058e-06 +1.000611931e-02 +1.000611931e-02 +3.1456e+00 +3.3062e+00
465 0 +5.188138066e-06 +1.000518814e-02 +1.000518814e-02 +3.1456e+00 +3.3062e+00
468 0 +4.501772538e-06 +1.000450177e-02 +1.000450177e-02 +3.1456e+00 +3.3062e+00
476 0 +4.059672102e-06 +1.000405967e-02 +1.000405967e-02 +3.1456e+00 +3.3062e+00
477 0 +3.592576878e-06 +1.000359258e-02 +1.000359258e-02 +3.1456e+00 +3.3062e+00
480 0 +3.219187205e-06 +1.000321919e-02 +1.000321919e-02 +3.1456e+00 +3.3062e+00
484 0 +2.750362560e-06 +1.000275036e-02 +1.000275036e-02 +3.1456e+00 +3.3062e+00
485 0 +2.212529592e-06 +1.000221253e-02 +1.000221253e-02 +3.1456e+00 +3.3062e+00
488 0 +1.888181737e-06 +1.000188818e-02 +1.000188818e-02 +3.1456e+00 +3.3062e+00
496 0 +1.670507891e-06 +1.000167051e-02 +1.000167051e-02 +3.1456e+00 +3.3062e+00
497 0 +1.413696912e-06 +1.000141370e-02 +1.000141370e-02 +3.1456e+00 +3.3062e+00
500 0 +1.211691070e-06 +1.000121169e-02 +1.000121169e-02 +3.1456e+00 +3.3062e+00
504 0 +9.826618508e-07 +1.000098266e-02 +1.000098266e-02 +3.1456e+00 +3.3062e+00
513 0 +8.582838756e-07 +1.000085828e-02 +1.000085828e-02 +3.1456e+00 +3.3062e+00
516 0 +7.565154847e-07 +1.000075652e-02 +1.000075652e-02 +3.1456e+00 +3.3062e+00
520 0 +6.216392451e-07 +1.000062164e-02 +1.000062164e-02 +3.1456e+00 +3.3062e+00
524 0 +3.964758027e-07 +1.000039648e-02 +1.000039648e-02 +3.1456e+00 +3.3062e+00
532 0 +3.332569148e-07 +1.000033326e-02 +1.000033326e-02 +3.1456e+00 +3.3062e+00
541 0 +3.044596947e-07 +1.000030446e-02 +1.000030446e-02 +3.1456e+00 +3.3062e+00
544 0 +2.749757139e-07 +1.000027498e-02 +1.000027498e-02 +3.1456e+00 +3.3062e+00
545 0 +2.441015107e-07 +1.000024410e-02 +1.000024410e-02 +3.1456e+00 +3.3062e+00
548 0 +2.087204565e-07 +1.000020872e-02 +1.000020872e-02 +3.1456e+00 +3.3062e+00
552 0 +1.808852579e-07 +1.000018089e-02 +1.000018089e-02 +3.1456e+00 +3.3062e+00
560 0 +1.637861535e-07 +1.000016379e-02 +1.000016379e-02 +3.1456e+00 +3.3062e+00
561 0 +1.480584066e-07 +1.000014806e-02 +1.000014806e-02 +3.1456e+00 +3.3062e+00
564 0 +1.338411904e-07 +1.000013384e-02 +1.000013384e-02 +3.1456e+00 +3.3062e+00
568 0 +9.899318365e-08 +1.000009899e-02 +1.000009899e-02 +3.1456e+00 +3.3062e+00
572 0 +8.447596456e-08 +1.000008448e-02 +1.000008448e-02 +3.1456e+00 +3.3062e+00
580 0 +7.593979001e-08 +1.000007594e-02 +1.000007594e-02 +3.1456e+00 +3.3062e+00
581 0 +6.739773906e-08 +1.000006740e-02 +1.000006740e-02 +3.1456e+00 +3.3062e+00
584 0 +5.938703362e-08 +1.000005939e-02 +1.000005939e-02 +3.1456e+00 +3.3062e+00
588 0 +5.084591026e-08 +1.000005085e-02 +1.000005085e-02 +3.1456e+00 +3.3062e+00
589 0 +4.283427668e-08 +1.000004283e-02 +1.000004283e-02 +3.1456e+00 +3.3062e+00
592 0 +3.429562800e-08 +1.000003430e-02 +1.000003430e-02 +3.1456e+00 +3.3062e+00
600 0 +3.002754101e-08 +1.000003003e-02 +1.000003003e-02 +3.1456e+00 +3.3062e+00
601 0 +2.601924953e-08 +1.000002602e-02 +1.000002602e-02 +3.1456e+00 +3.3062e+00
604 0 +2.174868841e-08 +1.000002175e-02 +1.000002175e-02 +3.1456e+00 +3.3062e+00
608 0 +1.748060086e-08 +1.000001748e-02 +1.000001748e-02 +3.1456e+00 +3.3062e+00
617 0 +1.547645567e-08 +1.000001548e-02 +1.000001548e-02 +3.1456e+00 +3.3062e+00
620 0 +1.334364952e-08 +1.000001334e-02 +1.000001334e-02 +3.1456e+00 +3.3062e+00
628 0 +1.227724589e-08 +1.000001228e-02 +1.000001228e-02 +3.1456e+00 +3.3062e+00
632 0 +1.020382168e-08 +1.000001020e-02 +1.000001020e-02 +3.1456e+00 +3.3062e+00
633 0 +9.201748807e-09 +1.000000920e-02 +1.000000920e-02 +3.1456e+00 +3.3062e+00
20000 0 +4.948264021e-12 +1.000000000e-02 +1.000000000e-02 +3.0041e-01 +2.7538e-01
% f evaluations | g evaluations | best noise-free fitness - Fopt (-1.306100000000e+02) + sum g_i+ | measured fitness | best measured fitness or single-digit g-values | x1 | x2...
1 0 +6.063859804e+01 -6.997140196e+01 -6.997140196e+01 +0.0000e+00 +0.0000e+00
2 0 +2.308680215e+01 -1.075231979e+02 -1.075231979e+02 -2.9289e+00 +0.0000e+00
10 0 +2.044415514e+01 -1.101658449e+02 -1.101658449e+02 -2.5628e+00 -5.4917e+00
11 0 +1.337082646e+01 -1.172391735e+02 -1.172391735e+02 +0.0000e+00 +2.9289e+00
27 0 +9.420567607e+00 -1.211894324e+02 -1.211894324e+02 -1.9237e-01 +2.1524e+00
40 0 +1.436586364e+00 -1.291734136e+02 -1.291734136e+02 -2.0917e+00 -1.7093e+00
125 0 +1.327156343e+00 -1.292828437e+02 -1.292828437e+02 -2.9249e+00 -1.2550e+00
128 0 +1.040473341e+00 -1.295695267e+02 -1.295695267e+02 -2.9229e+00 -1.2550e+00
129 0 +5.627471734e-01 -1.300472528e+02 -1.300472528e+02 -2.9229e+00 -1.2569e+00
137 0 +4.319328055e-01 -1.301780672e+02 -1.301780672e+02 -2.9229e+00 -1.2579e+00
144 0 +3.442063784e-01 -1.302657936e+02 -1.302657936e+02 -2.9224e+00 -1.2579e+00
145 0 +1.910836018e-01 -1.304189164e+02 -1.304189164e+02 -2.9224e+00 -1.2584e+00
149 0 +1.645758435e-01 -1.304454242e+02 -1.304454242e+02 -2.9224e+00 -1.2589e+00
164 0 +1.473355259e-01 -1.304626645e+02 -1.304626645e+02 -2.9223e+00 -1.2586e+00
165 0 +8.134663897e-02 -1.305286534e+02 -1.305286534e+02 -2.9223e+00 -1.2588e+00
169 0 +6.998372343e-02 -1.305400163e+02 -1.305400163e+02 -2.9223e+00 -1.2589e+00
173 0 +6.277481520e-02 -1.305472252e+02 -1.305472252e+02 -2.9223e+00 -1.2590e+00
180 0 +3.899031422e-02 -1.305710097e+02 -1.305710097e+02 -2.9222e+00 -1.2590e+00
181 0 +6.756792305e-03 -1.306032432e+02 -1.306032432e+02 -2.9222e+00 -1.2591e+00
200 0 +4.772246943e-03 -1.306052278e+02 -1.306052278e+02 -2.9222e+00 -1.2591e+00
201 0 +3.147769629e-03 -1.306068522e+02 -1.306068522e+02 -2.9222e+00 -1.2591e+00
205 0 +2.422316826e-03 -1.306075777e+02 -1.306075777e+02 -2.9222e+00 -1.2591e+00
216 0 +1.647586553e-03 -1.306083524e+02 -1.306083524e+02 -2.9222e+00 -1.2591e+00
217 0 +1.469414213e-03 -1.306085306e+02 -1.306085306e+02 -2.9222e+00 -1.2591e+00
221 0 +1.271443543e-03 -1.306087286e+02 -1.306087286e+02 -2.9222e+00 -1.2591e+00
224 0 +1.154383734e-03 -1.306088456e+02 -1.306088456e+02 -2.9222e+00 -1.2591e+00
225 0 +2.411795100e-04 -1.306097588e+02 -1.306097588e+02 -2.9222e+00 -1.2591e+00
237 0 +9.035484942e-05 -1.306099096e+02 -1.306099096e+02 -2.9222e+00 -1.2591e+00
252 0 +7.121992823e-05 -1.306099288e+02 -1.306099288e+02 -2.9222e+00 -1.2591e+00
253 0 +4.735601152e-05 -1.306099526e+02 -1.306099526e+02 -2.9222e+00 -1.2591e+00
257 0 +4.101010396e-05 -1.306099590e+02 -1.306099590e+02 -2.9222e+00 -1.2591e+00
261 0 +3.738767066e-05 -1.306099626e+02 -1.306099626e+02 -2.9222e+00 -1.2591e+00
268 0 +1.365619767e-05 -1.306099863e+02 -1.306099863e+02 -2.9222e+00 -1.2591e+00
269 0 +9.946300395e-06 -1.306099901e+02 -1.306099901e+02 -2.9222e+00 -1.2591e+00
280 0 +6.951395733e-06 -1.306099930e+02 -1.306099930e+02 -2.9222e+00 -1.2591e+00
281 0 +3.833012016e-06 -1.306099962e+02 -1.306099962e+02 -2.9222e+00 -1.2591e+00
294 0 +3.294314268e-06 -1.306099967e+02 -1.306099967e+02 -2.9222e+00 -1.2591e+00
300 0 +2.738489883e-06 -1.306099973e+02 -1.306099973e+02 -2.9222e+00 -1.2591e+00
301 0 +1.619541450e-06 -1.306099984e+02 -1.306099984e+02 -2.9222e+00 -1.2591e+00
305 0 +1.375691170e-06 -1.306099986e+02 -1.306099986e+02 -2.9222e+00 -1.2591e+00
313 0 +1.220638268e-06 -1.306099988e+02 -1.306099988e+02 -2.9222e+00 -1.2591e+00
320 0 +8.596710188e-07 -1.306099991e+02 -1.306099991e+02 -2.9222e+00 -1.2591e+00
321 0 +7.927603747e-07 -1.306099992e+02 -1.306099992e+02 -2.9222e+00 -1.2591e+00
328 0 +5.150530171e-07 -1.306099995e+02 -1.306099995e+02 -2.9222e+00 -1.2591e+00
329 0 +2.610591991e-07 -1.306099997e+02 -1.306099997e+02 -2.9222e+00 -1.2591e+00
333 0 +2.430354300e-07 -1.306099998e+02 -1.306099998e+02 -2.9222e+00 -1.2591e+00
348 0 +2.114670394e-07 -1.306099998e+02 -1.306099998e+02 -2.9222e+00 -1.2591e+00
349 0 +1.146594570e-07 -1.306099999e+02 -1.306099999e+02 -2.9222e+00 -1.2591e+00
353 0 +8.346398772e-08 -1.306099999e+02 -1.306099999e+02 -2.9222e+00 -1.2591e+00
361 0 +7.324811691e-08 -1.306099999e+02 -1.306099999e+02 -2.9222e+00 -1.2591e+00
368 0 +4.608295967e-08 -1.306100000e+02 -1.306100000e+02 -2.9222e+00 -1.2591e+00
369 0 +4.141156751e-08 -1.306100000e+02 -1.306100000e+02 -2.9222e+00 -1.2591e+00
373 0 +3.674142590e-08 -1.306100000e+02 -1.306100000e+02 -2.9222e+00 -1.2591e+00
380 0 +2.271610811e-08 -1.306100000e+02 -1.306100000e+02 -2.9222e+00 -1.2591e+00
381 0 +2.038041202e-08 -1.306100000e+02 -1.306100000e+02 -2.9222e+00 -1.2591e+00
385 0 +1.805091188e-08 -1.306100000e+02 -1.306100000e+02 -2.9222e+00 -1.2591e+00
392 0 +1.103765612e-08 -1.306100000e+02 -1.306100000e+02 -2.9222e+00 -1.2591e+00
393 0 +9.869808082e-09 -1.306100000e+02 -1.306100000e+02 -2.9222e+00 -1.2591e+00
967 0 +0.000000000e+00 -1.306100000e+02 -1.306100000e+02 -1.1162e+00 +3.0744e+00
20000 0 +0.000000000e+00 -1.306100000e+02 -1.306100000e+02 -1.1162e+00 +3.0744e+00
% f evaluations | g evaluations | best noise-free fitness - Fopt (-2.231200000000e+02) + sum g_i+ | measured fitness | best measured fitness or single-digit g-values | x1 | x2...
1 0 +5.548126590e+01 -1.676387341e+02 -1.676387341e+02 +0.0000e+00 +0.0000e+00
2 0 +5.226865545e+01 -1.708513446e+02 -1.708513446e+02 -2.9289e+00 +0.0000e+00
4 0 +4.575702831e+01 -1.773629717e+02 -1.773629717e+02 -5.4917e+00 -2.5628e+00
5 0 +1.833759999e+01 -2.047824000e+02 -2.047824000e+02 +2.9289e+00 +0.0000e+00
7 0 +8.706848771e+00 -2.144131512e+02 -2.144131512e+02 +3.6612e-01 -2.5628e+00
38 0 +4.635786245e+00 -2.184842138e+02 -2.184842138e+02 -3.0974e-01 +1.5390e+00
75 0 +4.022758196e+00 -2.190972418e+02 -2.190972418e+02 -3.1968e+00 +1.8459e+00
115 0 +3.158912368e+00 -2.199610876e+02 -2.199610876e+02 -3.1987e+00 +1.8459e+00
124 0 +2.717146502e+00 -2.204028535e+02 -2.204028535e+02 -3.1977e+00 +1.8459e+00
131 0 +2.485950774e+00 -2.206340492e+02 -2.206340492e+02 -3.1982e+00 +1.8459e+00
156 0 +2.207749170e+00 -2.209122508e+02 -2.209122508e+02 -3.1981e+00 +1.8459e+00
497 0 +1.606409394e+00 -2.215135906e+02 -2.215135906e+02 +6.1187e-01 +4.6559e+00
528 0 +1.550052074e+00 -2.215699479e+02 -2.215699479e+02 +6.1190e-01 +4.6559e+00
1921 0 +6.973768868e-01 -2.224226231e+02 -2.224226231e+02 -2.0080e+00 +2.3622e+00
1932 0 +3.869672412e-01 -2.227330328e+02 -2.227330328e+02 -2.0090e+00 +2.3622e+00
1941 0 +2.855723134e-01 -2.228344277e+02 -2.228344277e+02 -2.0085e+00 +2.3622e+00
1948 0 +1.854666834e-01 -2.229345333e+02 -2.229345333e+02 -2.0088e+00 +2.3622e+00
1957 0 +1.631842404e-01 -2.229568158e+02 -2.229568158e+02 -2.0086e+00 +2.3622e+00
1964 0 +1.236128519e-01 -2.229963871e+02 -2.229963871e+02 -2.0087e+00 +2.3622e+00
1977 0 +1.070333145e-01 -2.230129667e+02 -2.230129667e+02 -2.0087e+00 +2.3622e+00
20000 0 +1.053304261e-01 -2.230146696e+02 -2.230146696e+02 -2.0087e+00 +2.3622e+00
% f evaluations | g evaluations | best noise-free fitness - Fopt (-4.443000000000e+01) + sum g_i+ | measured fitness | best measured fitness or single-digit g-values | x1 | x2...
1 0 +6.617331483e+01 +2.174331483e+01 +2.174331483e+01 +0.0000e+00 +0.0000e+00
2 0 +5.692847476e+01 +1.249847476e+01 +1.249847476e+01 -2.9289e+00 +0.0000e+00
4 0 +1.966000271e+01 -2.476999729e+01 -2.476999729e+01 -5.4917e+00 -2.5628e+00
24 0 +1.390457042e+01 -3.052542958e+01 -3.052542958e+01 +4.7866e+00 +3.9808e+00
40 0 +6.508003473e+00 -3.792199653e+01 -3.792199653e+01 -2.8248e+00 -9.7612e-01
47 0 +5.428852796e+00 -3.900114720e+01 -3.900114720e+01 -7.3316e-01 +1.1156e+00
103 0 +3.279885369e+00 -4.115011463e+01 -4.115011463e+01 -1.8526e+00 +1.9982e-01
115 0 +2.322175400e+00 -4.210782460e+01 -4.210782460e+01 -1.8536e+00 +1.9982e-01
140 0 +2.206756158e+00 -4.222324384e+01 -4.222324384e+01 -1.8537e+00 +1.9982e-01
2370 0 +1.821355468e+00 -4.260864453e+01 -4.260864453e+01 -5.4506e-01 +1.1156e+00
2386 0 +1.649040264e+00 -4.278095974e+01 -4.278095974e+01 -5.4458e-01 +1.1156e+00
2402 0 +1.400122637e+00 -4.302987736e+01 -4.302987736e+01 -5.4470e-01 +1.1156e+00
6677 0 +9.751887310e-01 -4.345481127e+01 -4.345481127e+01 +1.5113e+00 +5.3833e-01
6695 0 +8.623208464e-01 -4.356767915e+01 -4.356767915e+01 +1.5108e+00 +5.3882e-01
6700 0 +7.296988251e-01 -4.370030117e+01 -4.370030117e+01 +1.5105e+00 +5.3882e-01
6709 0 +6.285010978e-01 -4.380149890e+01 -4.380149890e+01 +1.5107e+00 +5.3882e-01
9027 0 +4.029372071e-01 -4.402706279e+01 -4.402706279e+01 +1.3052e+00 +3.4612e+00
9036 0 +3.160025372e-01 -4.411399746e+01 -4.411399746e+01 +1.3052e+00 +3.4608e+00
9043 0 +1.970555603e-01 -4.423294444e+01 -4.423294444e+01 +1.3054e+00 +3.4608e+00
9070 0 +1.731938859e-01 -4.425680611e+01 -4.425680611e+01 +1.3054e+00 +3.4608e+00
20011 0 +1.683421926e-01 -4.426165781e+01 -4.426165781e+01 +1.3054e+00 +3.4608e+00
% f evaluations | g evaluations | best noise-free fitness - Fopt (-1.354800000000e+02) + sum g_i+ | measured fitness | best measured fitness or single-digit g-values | x1 | x2...
1 0 +7.144063303e+01 -6.403936697e+01 -6.403936697e+01 +0.0000e+00 +0.0000e+00
2 0 +5.169577001e+01 -8.378422999e+01 -8.378422999e+01 -2.9289e+00 +0.0000e+00
5 0 +3.669574180e+01 -9.878425820e+01 -9.878425820e+01 +2.9289e+00 +0.0000e+00
7 0 +2.054805537e+01 -1.149319446e+02 -1.149319446e+02 +3.6612e-01 -2.5628e+00
9 0 +1.801577817e+01 -1.174642218e+02 -1.174642218e+02 +2.5628e+00 -3.6612e-01
24 0 +9.390265631e+00 -1.260897344e+02 -1.260897344e+02 +1.8577e+00 +1.0519e+00
37 0 +3.286940264e+00 -1.321930597e+02 -1.321930597e+02 -1.3466e+00 -6.1345e-01
75 0 +1.711517024e+00 -1.337684830e+02 -1.337684830e+02 -1.7324e+00 -1.8065e+00
108 0 +5.164534587e-01 -1.349635465e+02 -1.349635465e+02 -1.7285e+00 -1.8065e+00
128 0 +3.110588979e-01 -1.351689411e+02 -1.351689411e+02 -1.7280e+00 -1.8060e+00
136 0 +2.617132018e-01 -1.352182868e+02 -1.352182868e+02 -1.7277e+00 -1.8060e+00
143 0 +2.484079093e-01 -1.352315921e+02 -1.352315921e+02 -1.7279e+00 -1.8060e+00
163 0 +2.201188236e-01 -1.352598812e+02 -1.352598812e+02 -1.7278e+00 -1.8060e+00
877 0 +1.342043380e-01 -1.353457957e+02 -1.353457957e+02 +3.6520e-01 -1.8148e+00
885 0 +3.878221084e-02 -1.354412178e+02 -1.354412178e+02 +3.6495e-01 -1.8148e+00
902 0 +3.232283602e-02 -1.354476772e+02 -1.354476772e+02 +3.6499e-01 -1.8148e+00
909 0 +2.923711641e-02 -1.354507629e+02 -1.354507629e+02 +3.6497e-01 -1.8148e+00
918 0 +2.710499429e-02 -1.354528950e+02 -1.354528950e+02 +3.6498e-01 -1.8148e+00
7956 0 +2.418758327e-02 -1.354558124e+02 -1.354558124e+02 +1.0141e+00 +2.7238e+00
7965 0 +1.553400189e-02 -1.354644660e+02 -1.354644660e+02 +1.0142e+00 +2.7238e+00
7974 0 +1.360035589e-02 -1.354663996e+02 -1.354663996e+02 +1.0142e+00 +2.7238e+00
7976 0 +4.172356108e-03 -1.354758276e+02 -1.354758276e+02 +1.0141e+00 +2.7238e+00
7984 0 +2.293116661e-03 -1.354777069e+02 -1.354777069e+02 +1.0141e+00 +2.7238e+00
7993 0 +1.431125912e-03 -1.354785689e+02 -1.354785689e+02 +1.0141e+00 +2.7238e+00
8000 0 +8.027364263e-04 -1.354791973e+02 -1.354791973e+02 +1.0141e+00 +2.7238e+00
8009 0 +6.488992896e-04 -1.354793511e+02 -1.354793511e+02 +1.0141e+00 +2.7238e+00
8016 0 +3.717915588e-04 -1.354796282e+02 -1.354796282e+02 +1.0141e+00 +2.7238e+00
8029 0 +3.220622515e-04 -1.354796779e+02 -1.354796779e+02 +1.0141e+00 +2.7238e+00
8036 0 +3.101786569e-04 -1.354796898e+02 -1.354796898e+02 +1.0141e+00 +2.7238e+00
20000 0 +2.822614456e-04 -1.354797177e+02 -1.354797177e+02 +1.0141e+00 +2.7238e+00
% f evaluations | g evaluations | best noise-free fitness - Fopt (-4.017900000000e+02) + sum g_i+ | measured fitness | best measured fitness or single-digit g-values | x1 | x2...
1 0 +4.935617076e+01 -3.524338292e+02 -3.524338292e+02 +0.0000e+00 +0.0000e+00
2 0 +4.431873415e+01 -3.574712659e+02 -3.574712659e+02 -2.9289e+00 +0.0000e+00
3 0 +8.422096096e+00 -3.933679039e+02 -3.933679039e+02 -3.6612e-01 +2.5628e+00
6 0 +7.398814973e+00 -3.943911850e+02 -3.943911850e+02 +5.4917e+00 +2.5628e+00
10 0 +3.422155216e+00 -3.983678448e+02 -3.983678448e+02 -2.5628e+00 -5.4917e+00
110 0 +7.773541445e-01 -4.010126459e+02 -4.010126459e+02 +4.0054e+00 -4.1560e-01
125 0 +6.344029689e-01 -4.011555970e+02 -4.011555970e+02 +4.0054e+00 -4.1657e-01
137 0 +5.853425578e-01 -4.012046574e+02 -4.012046574e+02 +4.0054e+00 -4.1682e-01
150 0 +5.589430071e-01 -4.012310570e+02 -4.012310570e+02 +4.0054e+00 -4.1676e-01
895 0 +4.516975603e-01 -4.013383024e+02 -4.013383024e+02 -3.3656e+00 -4.2146e-01
908 0 +3.798790189e-01 -4.014101210e+02 -4.014101210e+02 -3.3656e+00 -4.2097e-01
920 0 +3.381385227e-01 -4.014518615e+02 -4.014518615e+02 -3.3656e+00 -4.2085e-01
14042 0 +2.355908853e-01 -4.015544091e+02 -4.015544091e+02 -1.3442e+00 +6.9275e-01
14055 0 +2.014748142e-01 -4.015885252e+02 -4.015885252e+02 -1.3442e+00 +6.9299e-01
14070 0 +1.924035396e-01 -4.015975965e+02 -4.015975965e+02 -1.3442e+00 +6.9296e-01
20000 0 +1.872467260e-01 -4.016027533e+02 -4.016027533e+02 -1.3442e+00 +6.9298e-01
% f evaluations | g evaluations | best noise-free fitness - Fopt (-7.253000000000e+01) + sum g_i+ | measured fitness | best measured fitness or single-digit g-values | x1 | x2...
1 0 +5.165661652e+01 -2.087338348e+01 -2.087338348e+01 +0.0000e+00 +0.0000e+00
2 0 +4.649338213e+01 -2.603661787e+01 -2.603661787e+01 -2.9289e+00 +0.0000e+00
3 0 +2.533670359e+01 -4.719329641e+01 -4.719329641e+01 -3.6612e-01 +2.5628e+00
5 0 +1.909809000e+01 -5.343191000e+01 -5.343191000e+01 +2.9289e+00 +0.0000e+00
17 0 +7.826074539e+00 -6.470392546e+01 -6.470392546e+01 +5.0520e+00 +0.0000e+00
31 0 +3.734547539e+00 -6.879545246e+01 -6.879545246e+01 +9.9820e-01 -1.3466e+00
45 0 +1.261247587e+00 -7.126875241e+01 -7.126875241e+01 +1.7819e+00 +1.3995e+00
2360 0 +8.340135710e-01 -7.169598643e+01 -7.169598643e+01 -8.1007e-01 +1.3392e+00
2371 0 +4.454654582e-01 -7.208453454e+01 -7.208453454e+01 -8.1007e-01 +1.3372e+00
2380 0 +3.418660560e-01 -7.218813394e+01 -7.218813394e+01 -8.1007e-01 +1.3382e+00
2387 0 +2.651025506e-01 -7.226489745e+01 -7.226489745e+01 -8.1007e-01 +1.3377e+00
2396 0 +1.966999204e-01 -7.233330008e+01 -7.233330008e+01 -8.1007e-01 +1.3379e+00
2416 0 +1.752325308e-01 -7.235476747e+01 -7.235476747e+01 -8.1007e-01 +1.3379e+00
20000 0 +1.658291993e-01 -7.236417080e+01 -7.236417080e+01 -8.1007e-01 +1.3379e+00
% f evaluations | g evaluations | best noise-free fitness - Fopt (-2.466700000000e+02) + sum g_i+ | measured fitness | best measured fitness or single-digit g-values | x1 | x2...
1 0 +4.979304198e+00 -2.416906958e+02 -2.416906958e+02 +0.0000e+00 +0.0000e+00
42 0 +4.358846088e+00 -2.423111539e+02 -2.423111539e+02 +1.5076e+00 -1.9528e+00
89 0 +3.000421921e+00 -2.436695781e+02 -2.436695781e+02 +1.3546e+00 -3.2984e+00
119 0 +2.487975378e+00 -2.441820246e+02 -2.441820246e+02 +1.3556e+00 -3.2984e+00
849 0 +2.191767819e+00 -2.444782322e+02 -2.444782322e+02 -1.0302e+00 -6.0458e+00
858 0 +1.309611579e+00 -2.453603884e+02 -2.453603884e+02 -1.0282e+00 -6.0458e+00
881 0 +1.238693007e+00 -2.454313070e+02 -2.454313070e+02 -1.0286e+00 -6.0458e+00
2715 0 +4.399774147e-01 -2.462300226e+02 -2.462300226e+02 +2.4072e+00 -2.8664e+00
6862 0 +3.821239899e-01 -2.462878760e+02 -2.462878760e+02 -2.3075e+00 -4.4679e+00
20000 0 +3.766300690e-01 -2.462933699e+02 -2.462933699e+02 -2.3075e+00 -4.4679e+00
% f evaluations | g evaluations | best noise-free fitness - Fopt (1.000000000000e+03) + sum g_i+ | measured fitness | best measured fitness or single-digit g-values | x1 | x2...
1 0 +3.049087581e+00 +1.003049088e+03 +1.003049088e+03 +0.0000e+00 +0.0000e+00
116 0 +2.905215211e+00 +1.002905215e+03 +1.002905215e+03 +9.3713e-01 +1.0401e+00
123 0 +2.620071646e+00 +1.002620072e+03 +1.002620072e+03 +9.3664e-01 +1.0401e+00
152 0 +2.500231073e+00 +1.002500231e+03 +1.002500231e+03 +9.3673e-01 +1.0401e+00
484 0 +2.051138989e+00 +1.002051139e+03 +1.002051139e+03 +7.7738e-01 +8.4808e-01
505 0 +7.962272117e-01 +1.000796227e+03 +1.000796227e+03 +7.8129e-01 +8.4417e-01
512 0 +7.444324081e-01 +1.000744432e+03 +1.000744432e+03 +7.7933e-01 +8.4417e-01
521 0 +4.795126635e-01 +1.000479513e+03 +1.000479513e+03 +7.8031e-01 +8.4417e-01
528 0 +3.942490329e-01 +1.000394249e+03 +1.000394249e+03 +7.7982e-01 +8.4417e-01
538 0 +3.401069664e-01 +1.000340107e+03 +1.000340107e+03 +7.8006e-01 +8.4392e-01
541 0 +2.809138923e-01 +1.000280914e+03 +1.000280914e+03 +7.8031e-01 +8.4392e-01
548 0 +2.318131332e-01 +1.000231813e+03 +1.000231813e+03 +7.8019e-01 +8.4392e-01
562 0 +2.227613257e-01 +1.000222761e+03 +1.000222761e+03 +7.8022e-01 +8.4389e-01
576 0 +1.989924841e-01 +1.000198992e+03 +1.000198992e+03 +7.8026e-01 +8.4386e-01
1355 0 +6.051172082e-02 +1.000060512e+03 +1.000060512e+03 -4.9300e-01 +3.1597e+00
1370 0 +1.622850591e-02 +1.000016229e+03 +1.000016229e+03 -4.9306e-01 +3.1597e+00
1384 0 +1.186011345e-02 +1.000011860e+03 +1.000011860e+03 -4.9306e-01 +3.1596e+00
1387 0 +8.908947233e-03 +1.000008909e+03 +1.000008909e+03 -4.9304e-01 +3.1596e+00
1394 0 +3.262457647e-03 +1.000003262e+03 +1.000003262e+03 -4.9305e-01 +3.1596e+00
1415 0 +2.811267221e-03 +1.000002811e+03 +1.000002811e+03 -4.9305e-01 +3.1596e+00
1435 0 +2.417584274e-03 +1.000002418e+03 +1.000002418e+03 -4.9305e-01 +3.1596e+00
16228 0 +2.152184849e-03 +1.000002152e+03 +1.000002152e+03 +1.5319e+00 -5.6147e-01
16229 0 +1.598767692e-03 +1.000001599e+03 +1.000001599e+03 +1.5319e+00 -5.6148e-01
16232 0 +1.362208029e-03 +1.000001362e+03 +1.000001362e+03 +1.5319e+00 -5.6148e-01
16239 0 +1.473466020e-04 +1.000000147e+03 +1.000000147e+03 +1.5319e+00 -5.6148e-01
16264 0 +1.308009871e-04 +1.000000131e+03 +1.000000131e+03 +1.5319e+00 -5.6148e-01
16271 0 +1.177595659e-04 +1.000000118e+03 +1.000000118e+03 +1.5319e+00 -5.6148e-01
16292 0 +1.107320643e-04 +1.000000111e+03 +1.000000111e+03 +1.5319e+00 -5.6148e-01
20000 0 +1.067597062e-04 +1.000000107e+03 +1.000000107e+03 +1.5319e+00 -5.6148e-01
% f evaluations | g evaluations | best noise-free fitness - Fopt (-2.743700000000e+02) + sum g_i+ | measured fitness | best measured fitness or single-digit g-values | x1 | x2...
1 0 +6.360618207e+01 -2.107638179e+02 -2.107638179e+02 +0.0000e+00 +0.0000e+00
2 0 +1.662122989e+01 -2.577487701e+02 -2.577487701e+02 -2.9289e+00 +0.0000e+00
5 0 +1.191600609e+01 -2.624539939e+02 -2.624539939e+02 +2.9289e+00 +0.0000e+00
8 0 +6.337714075e+00 -2.680322859e+02 -2.680322859e+02 +0.0000e+00 -2.9289e+00
17 0 +2.410533342e+00 -2.719594667e+02 -2.719594667e+02 -8.0583e-01 +0.0000e+00
18 0 +9.380468311e-01 -2.734319532e+02 -2.734319532e+02 +1.0519e+00 +1.8577e+00
125 0 +8.493194553e-01 -2.735206805e+02 -2.735206805e+02 +4.1028e-01 -2.0956e+00
131 0 +7.611923208e-01 -2.736088077e+02 -2.736088077e+02 +4.0832e-01 -2.0956e+00
142 0 +1.175645025e-01 -2.742524355e+02 -2.742524355e+02 +4.0735e-01 -2.0946e+00
148 0 +1.115540586e-01 -2.742584459e+02 -2.742584459e+02 +4.0784e-01 -2.0946e+00
161 0 +2.868642925e-02 -2.743413136e+02 -2.743413136e+02 +4.0784e-01 -2.0947e+00
174 0 +1.429823193e-02 -2.743557018e+02 -2.743557018e+02 +4.0784e-01 -2.0947e+00
175 0 +1.406186529e-02 -2.743559381e+02 -2.743559381e+02 +4.0780e-01 -2.0947e+00
937 0 +1.185516489e-02 -2.743581448e+02 -2.743581448e+02 -9.9890e-01 -1.6462e+00
952 0 +1.095977918e-03 -2.743689040e+02 -2.743689040e+02 -9.9891e-01 -1.6462e+00
961 0 +4.320401423e-04 -2.743695680e+02 -2.743695680e+02 -9.9891e-01 -1.6462e+00
4001 0 +3.745436997e-04 -2.743696255e+02 -2.743696255e+02 +1.0149e-01 -1.5705e+00
4010 0 +2.115434126e-04 -2.743697885e+02 -2.743697885e+02 +1.0149e-01 -1.5705e+00
4028 0 +6.756784154e-05 -2.743699324e+02 -2.743699324e+02 +1.0149e-01 -1.5705e+00
8273 0 +1.661110474e-05 -2.743699834e+02 -2.743699834e+02 -1.8454e-01 -9.9950e-01
8304 0 +1.558109687e-05 -2.743699844e+02 -2.743699844e+02 -1.8454e-01 -9.9950e-01
20011 0 +1.552220448e-05 -2.743699845e+02 -2.743699845e+02 -1.8454e-01 -9.9950e-01
% f evaluations | g evaluations | best noise-free fitness - Fopt (-7.642000000000e+01) + sum g_i+ | measured fitness | best measured fitness or single-digit g-values | x1 | x2...
1 0 +5.582457155e+01 -2.059542845e+01 -2.059542845e+01 +0.0000e+00 +0.0000e+00
3 0 +4.623442064e+01 -3.018557936e+01 -3.018557936e+01 -3.6612e-01 +2.5628e+00
5 0 +5.601242532e+00 -7.081875747e+01 -7.081875747e+01 +2.9289e+00 +0.0000e+00
36 0 +1.829507030e+00 -7.459049297e+01 -7.459049297e+01 +1.3466e+00 +3.6914e+00
131 0 +6.004650915e-01 -7.581953491e+01 -7.581953491e+01 -3.5686e+00 +4.3461e+00
156 0 +5.203798346e-01 -7.589962017e+01 -7.589962017e+01 -3.5688e+00 +4.3461e+00
163 0 +4.728903978e-01 -7.594710960e+01 -7.594710960e+01 -3.5688e+00 +4.3461e+00
1255 0 +4.116370404e-01 -7.600836296e+01 -7.600836296e+01 +4.8870e-01 +1.4111e+00
1266 0 +3.880902197e-01 -7.603190978e+01 -7.603190978e+01 +4.8858e-01 +1.4111e+00
1275 0 +3.431378223e-01 -7.607686218e+01 -7.607686218e+01 +4.8864e-01 +1.4111e+00
4283 0 +2.948332169e-01 -7.612516678e+01 -7.612516678e+01 +1.4369e+00 +1.3543e+00
4290 0 +2.760707603e-01 -7.614392924e+01 -7.614392924e+01 +1.4369e+00 +1.3543e+00
20000 0 +2.609141229e-01 -7.615908588e+01 -7.615908588e+01 -1.5710e+00 +1.3831e+00
% f evaluations | g evaluations | best noise-free fitness - Fopt (-2.412500000000e+02) + sum g_i+ | measured fitness | best measured fitness or single-digit g-values | x1 | x2...
1 0 +8.679526471e+00 -2.325704735e+02 -2.325704735e+02 +0.0000e+00 +0.0000e+00
2 0 +1.966698658e+00 -2.392833013e+02 -2.392833013e+02 -2.9289e+00 +0.0000e+00
461 0 +9.474697250e-01 -2.403025303e+02 -2.403025303e+02 -1.4513e+00 -2.0764e-01
494 0 +8.424540091e-01 -2.404075460e+02 -2.404075460e+02 -1.4511e+00 -2.0800e-01
846 0 +7.445311611e-01 -2.405054688e+02 -2.405054688e+02 -2.4595e+00 +1.8956e-01
847 0 +6.349876709e-01 -2.406150123e+02 -2.406150123e+02 -2.4595e+00 +1.8932e-01
860 0 +6.160951832e-01 -2.406339048e+02 -2.406339048e+02 -2.4595e+00 +1.8938e-01
1955 0 +4.081109467e-01 -2.408418891e+02 -2.408418891e+02 -1.8562e+00 +3.2060e-01
1962 0 +2.661203023e-01 -2.409838797e+02 -2.409838797e+02 -1.8562e+00 +3.1963e-01
1971 0 +1.140129010e-01 -2.411359871e+02 -2.411359871e+02 -1.8562e+00 +3.2011e-01
1978 0 +9.513805143e-02 -2.411548619e+02 -2.411548619e+02 -1.8562e+00 +3.1987e-01
2006 0 +8.910921935e-02 -2.411608908e+02 -2.411608908e+02 -1.8562e+00 +3.1988e-01
4991 0 +5.332393056e-02 -2.411966761e+02 -2.411966761e+02 -3.6929e-01 -1.0107e+00
5000 0 +3.054963534e-02 -2.412194504e+02 -2.412194504e+02 -3.6935e-01 -1.0107e+00
5003 0 +2.757772619e-02 -2.412224223e+02 -2.412224223e+02 -3.6935e-01 -1.0106e+00
5011 0 +2.180906314e-02 -2.412281909e+02 -2.412281909e+02 -3.6938e-01 -1.0106e+00
5038 0 +1.908999457e-02 -2.412309100e+02 -2.412309100e+02 -3.6938e-01 -1.0106e+00
20000 0 +1.791563989e-02 -2.412320844e+02 -2.412320844e+02 -3.7887e+00 -7.7490e-01
% f evaluations | g evaluations | best noise-free fitness - Fopt (8.389000000000e+01) + sum g_i+ | measured fitness | best measured fitness or single-digit g-values | x1 | x2...
1 0 +6.172677664e+01 +1.456167766e+02 +1.456167766e+02 +0.0000e+00 +0.0000e+00
2 0 +4.649244106e+01 +1.303824411e+02 +1.303824411e+02 -2.9289e+00 +0.0000e+00
3 0 +1.384558608e+01 +9.773558608e+01 +9.773558608e+01 -3.6612e-01 +2.5628e+00
6 0 +5.189802954e+00 +8.907980295e+01 +8.907980295e+01 +5.4917e+00 +2.5628e+00
116 0 +4.290339558e+00 +8.818033956e+01 +8.818033956e+01 -7.7119e-01 +7.9019e-01
4536 0 +2.720825775e+00 +8.661082577e+01 +8.661082577e+01 +6.6889e-01 +2.6151e+00
4547 0 +9.872383160e-01 +8.487723832e+01 +8.487723832e+01 +6.6498e-01 +2.6151e+00
4556 0 +8.739831288e-01 +8.476398313e+01 +8.476398313e+01 +6.6694e-01 +2.6151e+00
6400 0 +5.196392029e-01 +8.440963920e+01 +8.440963920e+01 +2.9910e-01 -1.7338e+00
6424 0 +4.809502374e-01 +8.437095024e+01 +8.437095024e+01 +2.9886e-01 -1.7338e+00
20000 0 +4.507960248e-01 +8.434079602e+01 +8.434079602e+01 +2.9889e-01 -1.7338e+00
% f evaluations | g evaluations | best noise-free fitness - Fopt (1.292800000000e+02) + sum g_i+ | measured fitness | best measured fitness or single-digit g-values | x1 | x2...
1 0 +4.830112077e+01 +1.775811208e+02 +1.775811208e+02 +0.0000e+00 +0.0000e+00
3 0 +1.889811999e+01 +1.481781200e+02 +1.481781200e+02 -3.6612e-01 +2.5628e+00
4 0 +1.500253442e+01 +1.442825344e+02 +1.442825344e+02 -5.4917e+00 -2.5628e+00
8 0 +1.035425551e+01 +1.396342555e+02 +1.396342555e+02 +0.0000e+00 -2.9289e+00
17 0 +3.556642411e+00 +1.328366424e+02 +1.328366424e+02 -8.0583e-01 +0.0000e+00
86 0 +2.616667487e+00 +1.318966675e+02 +1.318966675e+02 -4.7313e+00 -4.1325e-01
125 0 +2.490285949e+00 +1.317702859e+02 +1.317702859e+02 -4.7313e+00 -4.1350e-01
494 0 +1.599083823e+00 +1.308790838e+02 +1.308790838e+02 -2.9142e+00 -6.0135e-01
502 0 +5.715387574e-01 +1.298515388e+02 +1.298515388e+02 -2.9162e+00 -6.0330e-01
511 0 +5.563191998e-01 +1.298363192e+02 +1.298363192e+02 -2.9162e+00 -6.0232e-01
517 0 +3.308777559e-01 +1.296108778e+02 +1.296108778e+02 -2.9157e+00 -6.0232e-01
519 0 +2.433826577e-01 +1.295233827e+02 +1.295233827e+02 -2.9157e+00 -6.0184e-01
530 0 +1.957532542e-01 +1.294757533e+02 +1.294757533e+02 -2.9157e+00 -6.0196e-01
539 0 +1.690076031e-01 +1.294490076e+02 +1.294490076e+02 -2.9157e+00 -6.0190e-01
20011 0 +1.600412305e-01 +1.294400412e+02 +1.294400412e+02 -2.9157e+00 -6.0191e-01
