% f evaluations | g evaluations | best noise-free fitness - Fopt (-5.235000000000e+01) + sum g_i+ | measured fitness | best measured fitness or single-digit g-values | x1 | x2...
1 0 +1.487914355e+00 -5.086208564e+01 -5.086208564e+01 +0.0000e+00 +0.0000e+00
22 0 +9.052781947e-01 -5.144472181e+01 -5.144472181e+01 -1.8577e+00 -1.0519e+00
115 0 +7.838292717e-01 -5.156617073e+01 -5.156617073e+01 -4.4409e-16 -1.4913e+00
119 0 +1.887781580e-01 -5.216122184e+01 -5.216122184e+01 -1.0006e+00 -1.4913e+00
130 0 +6.174879316e-02 -5.228825121e+01 -5.228825121e+01 -1.0006e+00 -9.9093e-01
144 0 +1.822876561e-02 -5.233177123e+01 -5.233177123e+01 -9.3811e-01 -9.9093e-01
145 0 +1.607966872e-02 -5.233392033e+01 -5.233392033e+01 -9.3811e-01 -1.0535e+00
154 0 +1.372155398e-02 -5.233627845e+01 -5.233627845e+01 -9.3811e-01 -1.0222e+00
164 0 +1.233116294e-02 -5.233766884e+01 -5.233766884e+01 -9.3029e-01 -1.0222e+00
165 0 +1.102373482e-02 -5.233897627e+01 -5.233897627e+01 -9.3029e-01 -1.0300e+00
173 0 +9.876347419e-03 -5.234012365e+01 -5.234012365e+01 -9.3029e-01 -1.0457e+00
177 0 +7.852694989e-03 -5.234214731e+01 -5.234214731e+01 -9.2247e-01 -1.0535e+00
181 0 +6.936186383e-03 -5.234306381e+01 -5.234306381e+01 -9.2247e-01 -1.0613e+00
192 0 +6.082291637e-03 -5.234391771e+01 -5.234391771e+01 -9.1856e-01 -1.0691e+00
197 0 +5.395294208e-03 -5.234460471e+01 -5.234460471e+01 -9.1856e-01 -1.0769e+00
205 0 +4.592119709e-03 -5.234540788e+01 -5.234540788e+01 -9.1466e-01 -1.0847e+00
209 0 +4.257180159e-03 -5.234574282e+01 -5.234574282e+01 -9.1466e-01 -1.0886e+00
220 0 +3.945314646e-03 -5.234605469e+01 -5.234605469e+01 -9.1270e-01 -1.0926e+00
233 0 +3.361035323e-03 -5.234663896e+01 -5.234663896e+01 -9.1075e-01 -1.1004e+00
248 0 +3.091839566e-03 -5.234690816e+01 -5.234690816e+01 -9.0977e-01 -1.1043e+00
265 0 +2.776248470e-03 -5.234722375e+01 -5.234722375e+01 -9.0879e-01 -1.1092e+00
292 0 +2.485062178e-03 -5.234751494e+01 -5.234751494e+01 -9.0733e-01 -1.1141e+00
329 0 +2.236171847e-03 -5.234776383e+01 -5.234776383e+01 -9.0635e-01 -1.1189e+00
365 0 +1.992452661e-03 -5.234800755e+01 -5.234800755e+01 -9.0488e-01 -1.1233e+00
408 0 +1.765390642e-03 -5.234823461e+01 -5.234823461e+01 -9.0342e-01 -1.1282e+00
441 0 +1.571797474e-03 -5.234842820e+01 -5.234842820e+01 -9.0244e-01 -1.1326e+00
509 0 +1.401657695e-03 -5.234859834e+01 -5.234859834e+01 -9.0122e-01 -1.1368e+00
573 0 +1.256502837e-03 -5.234874350e+01 -5.234874350e+01 -9.0024e-01 -1.1407e+00
641 0 +1.111123458e-03 -5.234888888e+01 -5.234888888e+01 -8.9902e-01 -1.1448e+00
737 0 +9.989208565e-04 -5.234900108e+01 -5.234900108e+01 -8.9817e-01 -1.1484e+00
857 0 +8.908826672e-04 -5.234910912e+01 -5.234910912e+01 -8.9719e-01 -1.1520e+00
969 0 +7.932853033e-04 -5.234920671e+01 -5.234920671e+01 -8.9621e-01 -1.1555e+00
1101 0 +7.069831743e-04 -5.234929302e+01 -5.234929302e+01 -8.9530e-01 -1.1588e+00
1316 0 +6.300621032e-04 -5.234936994e+01 -5.234936994e+01 -8.9438e-01 -1.1621e+00
1517 0 +5.620887865e-04 -5.234943791e+01 -5.234943791e+01 -8.9359e-01 -1.1652e+00
1716 0 +5.005972047e-04 -5.234949940e+01 -5.234949940e+01 -8.9273e-01 -1.1682e+00
1949 0 +4.462389218e-04 -5.234955376e+01 -5.234955376e+01 -8.9197e-01 -1.1710e+00
2313 0 +3.980285781e-04 -5.234960197e+01 -5.234960197e+01 -8.9123e-01 -1.1738e+00
2661 0 +3.546905763e-04 -5.234964531e+01 -5.234964531e+01 -8.9050e-01 -1.1765e+00
3025 0 +3.159903757e-04 -5.234968401e+01 -5.234968401e+01 -8.8980e-01 -1.1791e+00
3673 0 +2.816639153e-04 -5.234971834e+01 -5.234971834e+01 -8.8913e-01 -1.1815e+00
4297 0 +2.510240733e-04 -5.234974898e+01 -5.234974898e+01 -8.8849e-01 -1.1839e+00
4900 0 +2.238144426e-04 -5.234977619e+01 -5.234977619e+01 -8.8786e-01 -1.1862e+00
5745 0 +1.995046265e-04 -5.234980050e+01 -5.234980050e+01 -8.8727e-01 -1.1884e+00
6861 0 +1.778251634e-04 -5.234982217e+01 -5.234982217e+01 -8.8670e-01 -1.1905e+00
7929 0 +1.584541380e-04 -5.234984155e+01 -5.234984155e+01 -8.8614e-01 -1.1926e+00
8961 0 +1.411987533e-04 -5.234985880e+01 -5.234985880e+01 -8.8561e-01 -1.1945e+00
10880 0 +1.258664606e-04 -5.234987413e+01 -5.234987413e+01 -8.8510e-01 -1.1964e+00
12785 0 +1.121796368e-04 -5.234988782e+01 -5.234988782e+01 -8.8460e-01 -1.1982e+00
14621 0 +9.998509470e-05 -5.234990001e+01 -5.234990001e+01 -8.8413e-01 -1.2000e+00
17029 0 +8.912167637e-05 -5.234991088e+01 -5.234991088e+01 -8.8367e-01 -1.2017e+00
20000 0 +8.062403737e-05 -5.234991938e+01 -5.234991938e+01 -8.8329e-01 -1.2031e+00
% f evaluations | g evaluations | best noise-free fitness - Fopt (-1.795400000000e+02) + sum g_i+ | measured fitness | best measured fitness or single-digit g-values | x1 | x2...
1 0 +7.250272884e-01 -1.788149727e+02 -1.788149727e+02 +0.0000e+00 +0.0000e+00
39 0 +6.959267899e-01 -1.788440732e+02 -1.788440732e+02 +1.3995e+00 +1.7030e-01
67 0 +1.931346316e-01 -1.793468654e+02 -1.793468654e+02 +8.4526e-01 +1.9482e-01
78 0 +3.806031204e-02 -1.795019397e+02 -1.795019397e+02 +8.4526e-01 +6.9515e-01
89 0 +1.994246204e-02 -1.795200575e+02 -1.795200575e+02 +8.4526e-01 +5.7007e-01
98 0 +9.059291153e-03 -1.795309407e+02 -1.795309407e+02 +8.4526e-01 +6.3261e-01
105 0 +5.669441186e-03 -1.795343306e+02 -1.795343306e+02 +8.4526e-01 +6.0134e-01
114 0 +2.231538517e-03 -1.795377685e+02 -1.795377685e+02 +8.4526e-01 +6.1697e-01
125 0 +1.419750403e-03 -1.795385802e+02 -1.795385802e+02 +8.4526e-01 +6.1306e-01
143 0 +1.404008141e-03 -1.795385960e+02 -1.795385960e+02 +8.4501e-01 +6.1306e-01
261 0 +1.255317411e-03 -1.795387447e+02 -1.795387447e+02 +8.4318e-01 +6.0940e-01
377 0 +1.121215376e-03 -1.795388788e+02 -1.795388788e+02 +8.4135e-01 +6.0586e-01
493 0 +9.970315564e-04 -1.795390030e+02 -1.795390030e+02 +8.3952e-01 +6.0231e-01
693 0 +8.911871425e-04 -1.795391088e+02 -1.795391088e+02 +8.3781e-01 +5.9908e-01
905 0 +7.941073809e-04 -1.795392059e+02 -1.795392059e+02 +8.3616e-01 +5.9584e-01
1111 0 +7.070088245e-04 -1.795392930e+02 -1.795392930e+02 +8.3451e-01 +5.9273e-01
1457 0 +6.307735049e-04 -1.795393692e+02 -1.795393692e+02 +8.3301e-01 +5.8976e-01
1833 0 +5.619025445e-04 -1.795394381e+02 -1.795394381e+02 +8.3152e-01 +5.8689e-01
2195 0 +5.010101750e-04 -1.795394990e+02 -1.795394990e+02 +8.3008e-01 +5.8414e-01
2617 0 +4.465567778e-04 -1.795395534e+02 -1.795395534e+02 +8.2872e-01 +5.8149e-01
3287 0 +3.980495062e-04 -1.795396020e+02 -1.795396020e+02 +8.2739e-01 +5.7894e-01
3929 0 +3.547951717e-04 -1.795396452e+02 -1.795396452e+02 +8.2613e-01 +5.7648e-01
4553 0 +3.161676729e-04 -1.795396838e+02 -1.795396838e+02 +8.2490e-01 +5.7410e-01
5469 0 +2.817705112e-04 -1.795397182e+02 -1.795397182e+02 +8.2372e-01 +5.7183e-01
6617 0 +2.511756279e-04 -1.795397488e+02 -1.795397488e+02 +8.2259e-01 +5.6964e-01
7725 0 +2.238438975e-04 -1.795397762e+02 -1.795397762e+02 +8.2150e-01 +5.6752e-01
8787 0 +1.995207693e-04 -1.795398005e+02 -1.795398005e+02 +8.2045e-01 +5.6550e-01
10703 0 +1.778244973e-04 -1.795398222e+02 -1.795398222e+02 +8.1943e-01 +5.6355e-01
12673 0 +1.584775392e-04 -1.795398415e+02 -1.795398415e+02 +8.1846e-01 +5.6166e-01
14571 0 +1.412404975e-04 -1.795398588e+02 -1.795398588e+02 +8.1753e-01 +5.5986e-01
16993 0 +1.258847630e-04 -1.795398741e+02 -1.795398741e+02 +8.1663e-01 +5.5811e-01
20000 0 +1.141148850e-04 -1.795398859e+02 -1.795398859e+02 +8.1588e-01 +5.5668e-01
% f evaluations | g evaluations | best noise-free fitness - Fopt (7.731000000000e+01) + sum g_i+ | measured fitness | best measured fitness or single-digit g-values | x1 | x2...
1 0 +9.434104222e-01 +7.825341042e+01 +7.825341042e+01 +0.0000e+00 +0.0000e+00
116 0 +9.003046086e-01 +7.821030461e+01 +7.821030461e+01 +4.4409e-16 -4.9060e-01
120 0 +9.884519392e-02 +7.740884519e+01 +7.740884519e+01 +1.0006e+00 -4.9060e-01
135 0 +2.611089715e-02 +7.733611090e+01 +7.733611090e+01 +8.7557e-01 -4.9060e-01
137 0 +1.917921607e-02 +7.732917922e+01 +7.732917922e+01 +8.7557e-01 -6.1569e-01
141 0 +1.252415739e-02 +7.732252416e+01 +7.732252416e+01 +8.7557e-01 -7.4077e-01
164 0 +6.696592450e-03 +7.731669659e+01 +7.731669659e+01 +8.9120e-01 -7.7204e-01
166 0 +5.303837899e-03 +7.731530384e+01 +7.731530384e+01 +8.9120e-01 -7.5640e-01
170 0 +4.059959227e-03 +7.731405996e+01 +7.731405996e+01 +8.9120e-01 -7.4077e-01
174 0 +2.936248494e-03 +7.731293625e+01 +7.731293625e+01 +8.9120e-01 -7.2513e-01
178 0 +1.908876773e-03 +7.731190888e+01 +7.731190888e+01 +8.9120e-01 -7.0950e-01
182 0 +9.713986466e-04 +7.731097140e+01 +7.731097140e+01 +8.9120e-01 -6.9386e-01
186 0 +3.699401408e-04 +7.731036994e+01 +7.731036994e+01 +8.9120e-01 -6.7823e-01
226 0 +3.537726919e-04 +7.731035377e+01 +7.731035377e+01 +8.9133e-01 -6.7859e-01
314 0 +3.146947413e-04 +7.731031469e+01 +7.731031469e+01 +8.9145e-01 -6.7591e-01
398 0 +2.816985518e-04 +7.731028170e+01 +7.731028170e+01 +8.9157e-01 -6.7334e-01
492 0 +2.471431798e-04 +7.731024714e+01 +7.731024714e+01 +8.9175e-01 -6.7065e-01
626 0 +2.237438962e-04 +7.731022374e+01 +7.731022374e+01 +8.9187e-01 -6.6858e-01
778 0 +1.987800251e-04 +7.731019878e+01 +7.731019878e+01 +8.9200e-01 -6.6626e-01
922 0 +1.771999617e-04 +7.731017720e+01 +7.731017720e+01 +8.9212e-01 -6.6406e-01
1158 0 +1.584729808e-04 +7.731015847e+01 +7.731015847e+01 +8.9221e-01 -6.6195e-01
1414 0 +1.412151428e-04 +7.731014122e+01 +7.731014122e+01 +8.9233e-01 -6.6000e-01
1678 0 +1.258379876e-04 +7.731012584e+01 +7.731012584e+01 +8.9246e-01 -6.5798e-01
2030 0 +1.121294396e-04 +7.731011213e+01 +7.731011213e+01 +8.9255e-01 -6.5615e-01
2514 0 +9.988298702e-05 +7.731009988e+01 +7.731009988e+01 +8.9265e-01 -6.5430e-01
2962 0 +8.912257185e-05 +7.731008912e+01 +7.731008912e+01 +8.9275e-01 -6.5259e-01
3402 0 +7.940626291e-05 +7.731007941e+01 +7.731007941e+01 +8.9284e-01 -6.5091e-01
4062 0 +7.078655003e-05 +7.731007079e+01 +7.731007079e+01 +8.9292e-01 -6.4929e-01
4878 0 +6.308495907e-05 +7.731006308e+01 +7.731006308e+01 +8.9301e-01 -6.4773e-01
5672 0 +5.620715470e-05 +7.731005621e+01 +7.731005621e+01 +8.9310e-01 -6.4622e-01
6514 0 +5.010043266e-05 +7.731005010e+01 +7.731005010e+01 +8.9317e-01 -6.4480e-01
7966 0 +4.465625999e-05 +7.731004466e+01 +7.731004466e+01 +8.9325e-01 -6.4342e-01
9358 0 +3.980315540e-05 +7.731003980e+01 +7.731003980e+01 +8.9332e-01 -6.4209e-01
10710 0 +3.548077427e-05 +7.731003548e+01 +7.731003548e+01 +8.9339e-01 -6.4080e-01
12478 0 +3.162207148e-05 +7.731003162e+01 +7.731003162e+01 +8.9346e-01 -6.3957e-01
14974 0 +2.818366451e-05 +7.731002818e+01 +7.731002818e+01 +8.9353e-01 -6.3838e-01
17374 0 +2.511391293e-05 +7.731002511e+01 +7.731002511e+01 +8.9359e-01 -6.3724e-01
19686 0 +2.238699658e-05 +7.731002239e+01 +7.731002239e+01 +8.9365e-01 -6.3613e-01
20000 0 +2.215966269e-05 +7.731002216e+01 +7.731002216e+01 +8.9365e-01 -6.3604e-01
% f evaluations | g evaluations | best noise-free fitness - Fopt (3.992000000000e+01) + sum g_i+ | measured fitness | best measured fitness or single-digit g-values | x1 | x2...
1 0 +9.795359042e+00 +4.971535904e+01 +4.971535904e+01 +0.0000e+00 +0.0000e+00
4 0 +9.587533526e+00 +4.950753353e+01 +4.950753353e+01 -5.4917e+00 -2.5628e+00
5 0 +2.327053807e+00 +4.224705381e+01 +4.224705381e+01 +2.9289e+00 +0.0000e+00
9 0 +1.630637149e+00 +4.155063715e+01 +4.155063715e+01 +2.5628e+00 -3.6612e-01
103 0 +9.584401586e-01 +4.087844016e+01 +4.087844016e+01 +5.0032e+00 -1.4913e+00
107 0 +9.728039477e-02 +4.001728039e+01 +4.001728039e+01 +4.0026e+00 -1.4913e+00
118 0 +7.140228987e-02 +3.999140229e+01 +3.999140229e+01 +4.0026e+00 -9.9093e-01
125 0 +7.147087898e-03 +3.992714709e+01 +3.992714709e+01 +4.0026e+00 -1.2411e+00
147 0 +6.458265767e-03 +3.992645827e+01 +3.992645827e+01 +3.9948e+00 -1.2411e+00
150 0 +5.020733290e-03 +3.992502073e+01 +3.992502073e+01 +3.9948e+00 -1.2333e+00
154 0 +4.350482391e-03 +3.992435048e+01 +3.992435048e+01 +3.9948e+00 -1.2255e+00
170 0 +3.926939196e-03 +3.992392694e+01 +3.992392694e+01 +3.9928e+00 -1.2215e+00
182 0 +3.491268828e-03 +3.992349127e+01 +3.992349127e+01 +3.9909e+00 -1.2157e+00
198 0 +3.154609834e-03 +3.992315461e+01 +3.992315461e+01 +3.9899e+00 -1.2108e+00
222 0 +2.775756604e-03 +3.992277576e+01 +3.992277576e+01 +3.9879e+00 -1.2049e+00
242 0 +2.494156050e-03 +3.992249416e+01 +3.992249416e+01 +3.9870e+00 -1.2000e+00
270 0 +2.218151886e-03 +3.992221815e+01 +3.992221815e+01 +3.9855e+00 -1.1952e+00
307 0 +1.992959997e-03 +3.992199296e+01 +3.992199296e+01 +3.9840e+00 -1.1908e+00
346 0 +1.777329439e-03 +3.992177733e+01 +3.992177733e+01 +3.9831e+00 -1.1859e+00
390 0 +1.577650254e-03 +3.992157765e+01 +3.992157765e+01 +3.9816e+00 -1.1817e+00
459 0 +1.412443419e-03 +3.992141244e+01 +3.992141244e+01 +3.9804e+00 -1.1776e+00
526 0 +1.253416961e-03 +3.992125342e+01 +3.992125342e+01 +3.9794e+00 -1.1734e+00
591 0 +1.117800071e-03 +3.992111780e+01 +3.992111780e+01 +3.9782e+00 -1.1695e+00
675 0 +9.978001247e-04 +3.992099780e+01 +3.992099780e+01 +3.9772e+00 -1.1658e+00
794 0 +8.879170682e-04 +3.992088792e+01 +3.992088792e+01 +3.9762e+00 -1.1622e+00
906 0 +7.930644384e-04 +3.992079306e+01 +3.992079306e+01 +3.9752e+00 -1.1588e+00
1050 0 +7.067644530e-04 +3.992070676e+01 +3.992070676e+01 +3.9743e+00 -1.1554e+00
1262 0 +6.297375680e-04 +3.992062974e+01 +3.992062974e+01 +3.9734e+00 -1.1522e+00
1466 0 +5.611351858e-04 +3.992056114e+01 +3.992056114e+01 +3.9725e+00 -1.1491e+00
1663 0 +5.002660382e-04 +3.992050027e+01 +3.992050027e+01 +3.9717e+00 -1.1461e+00
1970 0 +4.465439942e-04 +3.992044654e+01 +3.992044654e+01 +3.9709e+00 -1.1432e+00
2335 0 +3.977766439e-04 +3.992039778e+01 +3.992039778e+01 +3.9701e+00 -1.1404e+00
2682 0 +3.546260336e-04 +3.992035463e+01 +3.992035463e+01 +3.9694e+00 -1.1378e+00
3150 0 +3.161016420e-04 +3.992031610e+01 +3.992031610e+01 +3.9687e+00 -1.1352e+00
3798 0 +2.816754034e-04 +3.992028168e+01 +3.992028168e+01 +3.9680e+00 -1.1327e+00
4418 0 +2.511832999e-04 +3.992025118e+01 +3.992025118e+01 +3.9673e+00 -1.1304e+00
5018 0 +2.238393395e-04 +3.992022384e+01 +3.992022384e+01 +3.9667e+00 -1.1281e+00
5926 0 +1.994708942e-04 +3.992019947e+01 +3.992019947e+01 +3.9661e+00 -1.1259e+00
7035 0 +1.778273148e-04 +3.992017783e+01 +3.992017783e+01 +3.9655e+00 -1.1238e+00
8102 0 +1.584747705e-04 +3.992015847e+01 +3.992015847e+01 +3.9649e+00 -1.1217e+00
9222 0 +1.412482716e-04 +3.992014125e+01 +3.992014125e+01 +3.9644e+00 -1.1198e+00
11202 0 +1.258811860e-04 +3.992012588e+01 +3.992012588e+01 +3.9639e+00 -1.1179e+00
13106 0 +1.121962922e-04 +3.992011220e+01 +3.992011220e+01 +3.9633e+00 -1.1161e+00
14943 0 +9.997819595e-05 +3.992009998e+01 +3.992009998e+01 +3.9629e+00 -1.1143e+00
17670 0 +8.911313049e-05 +3.992008911e+01 +3.992008911e+01 +3.9624e+00 -1.1126e+00
20000 0 +8.238924885e-05 +3.992008239e+01 +3.992008239e+01 +3.9621e+00 -1.1115e+00
% f evaluations | g evaluations | best noise-free fitness - Fopt (-5.661000000000e+01) + sum g_i+ | measured fitness | best measured fitness or single-digit g-values | x1 | x2...
1 0 +2.106482508e+01 -3.554517492e+01 -3.554517492e+01 +0.0000e+00 +0.0000e+00
3 0 +1.239890835e+01 -4.421109165e+01 -4.421109165e+01 -3.6612e-01 +2.5628e+00
5 0 +3.080977449e+00 -5.352902255e+01 -5.352902255e+01 +2.9289e+00 +0.0000e+00
18 0 +1.811171863e+00 -5.479882814e+01 -5.479882814e+01 +1.0519e+00 +1.8577e+00
101 0 +1.169928692e+00 -5.544007131e+01 -5.544007131e+01 +1.4913e+00 +4.0026e+00
104 0 +1.056013010e+00 -5.555398699e+01 -5.555398699e+01 +2.4919e+00 +4.0026e+00
105 0 +1.816101923e-01 -5.642838981e+01 -5.642838981e+01 +2.4919e+00 +3.0019e+00
111 0 +6.371836541e-02 -5.654628163e+01 -5.654628163e+01 +1.9916e+00 +3.0019e+00
120 0 +3.064617245e-02 -5.657935383e+01 -5.657935383e+01 +2.2417e+00 +3.0019e+00
127 0 +2.585261635e-02 -5.658414738e+01 -5.658414738e+01 +2.1167e+00 +3.0019e+00
136 0 +1.538948219e-02 -5.659461052e+01 -5.659461052e+01 +2.1792e+00 +3.0019e+00
153 0 +1.260595778e-02 -5.659739404e+01 -5.659739404e+01 +2.1714e+00 +2.9941e+00
155 0 +1.185417828e-02 -5.659814582e+01 -5.659814582e+01 +2.1636e+00 +2.9941e+00
159 0 +1.014348450e-02 -5.659985652e+01 -5.659985652e+01 +2.1557e+00 +2.9863e+00
163 0 +9.000302013e-03 -5.660099970e+01 -5.660099970e+01 +2.1479e+00 +2.9863e+00
167 0 +8.594287538e-03 -5.660140571e+01 -5.660140571e+01 +2.1401e+00 +2.9863e+00
177 0 +7.938216953e-03 -5.660206178e+01 -5.660206178e+01 +2.1401e+00 +2.9824e+00
187 0 +6.574188859e-03 -5.660342581e+01 -5.660342581e+01 +2.1284e+00 +2.9785e+00
191 0 +6.155192656e-03 -5.660384481e+01 -5.660384481e+01 +2.1245e+00 +2.9785e+00
207 0 +5.552166053e-03 -5.660444783e+01 -5.660444783e+01 +2.1186e+00 +2.9765e+00
219 0 +4.989645159e-03 -5.660501035e+01 -5.660501035e+01 +2.1128e+00 +2.9746e+00
231 0 +4.466252208e-03 -5.660553375e+01 -5.660553375e+01 +2.1069e+00 +2.9726e+00
243 0 +3.980628128e-03 -5.660601937e+01 -5.660601937e+01 +2.1010e+00 +2.9707e+00
271 0 +3.531440289e-03 -5.660646856e+01 -5.660646856e+01 +2.0952e+00 +2.9687e+00
295 0 +3.117393604e-03 -5.660688261e+01 -5.660688261e+01 +2.0893e+00 +2.9668e+00
323 0 +2.808762843e-03 -5.660719124e+01 -5.660719124e+01 +2.0844e+00 +2.9653e+00
365 0 +2.503071325e-03 -5.660749693e+01 -5.660749693e+01 +2.0795e+00 +2.9633e+00
403 0 +2.228069624e-03 -5.660777193e+01 -5.660777193e+01 +2.0746e+00 +2.9619e+00
443 0 +1.978993257e-03 -5.660802101e+01 -5.660802101e+01 +2.0698e+00 +2.9604e+00
479 0 +1.766707502e-03 -5.660823329e+01 -5.660823329e+01 +2.0654e+00 +2.9590e+00
551 0 +1.581108562e-03 -5.660841889e+01 -5.660841889e+01 +2.0612e+00 +2.9575e+00
619 0 +1.411507489e-03 -5.660858849e+01 -5.660858849e+01 +2.0571e+00 +2.9563e+00
687 0 +1.251779152e-03 -5.660874822e+01 -5.660874822e+01 +2.0529e+00 +2.9548e+00
807 0 +1.120461693e-03 -5.660887954e+01 -5.660887954e+01 +2.0491e+00 +2.9537e+00
927 0 +9.987991310e-04 -5.660900120e+01 -5.660900120e+01 +2.0454e+00 +2.9525e+00
1045 0 +8.905132559e-04 -5.660910949e+01 -5.660910949e+01 +2.0419e+00 +2.9513e+00
1155 0 +7.942187476e-04 -5.660920578e+01 -5.660920578e+01 +2.0385e+00 +2.9502e+00
1363 0 +7.074640206e-04 -5.660929254e+01 -5.660929254e+01 +2.0351e+00 +2.9491e+00
1571 0 +6.306439728e-04 -5.660936936e+01 -5.660936936e+01 +2.0319e+00 +2.9481e+00
1775 0 +5.606643954e-04 -5.660943934e+01 -5.660943934e+01 +2.0288e+00 +2.9470e+00
2091 0 +5.011736740e-04 -5.660949883e+01 -5.660949883e+01 +2.0259e+00 +2.9461e+00
2463 0 +4.463533462e-04 -5.660955365e+01 -5.660955365e+01 +2.0231e+00 +2.9452e+00
2823 0 +3.976114798e-04 -5.660960239e+01 -5.660960239e+01 +2.0203e+00 +2.9443e+00
3167 0 +3.544825703e-04 -5.660964552e+01 -5.660964552e+01 +2.0177e+00 +2.9434e+00
3775 0 +3.162155481e-04 -5.660968378e+01 -5.660968378e+01 +2.0152e+00 +2.9426e+00
4415 0 +2.817665555e-04 -5.660971823e+01 -5.660971823e+01 +2.0128e+00 +2.9418e+00
5031 0 +2.510748422e-04 -5.660974893e+01 -5.660974893e+01 +2.0104e+00 +2.9411e+00
5867 0 +2.238307185e-04 -5.660977617e+01 -5.660977617e+01 +2.0082e+00 +2.9403e+00
7009 0 +1.994816174e-04 -5.660980052e+01 -5.660980052e+01 +2.0060e+00 +2.9396e+00
8105 0 +1.778109496e-04 -5.660982219e+01 -5.660982219e+01 +2.0039e+00 +2.9389e+00
9159 0 +1.584390787e-04 -5.660984156e+01 -5.660984156e+01 +2.0019e+00 +2.9383e+00
11175 0 +1.412250751e-04 -5.660985877e+01 -5.660985877e+01 +1.9999e+00 +2.9377e+00
13127 0 +1.258850917e-04 -5.660987411e+01 -5.660987411e+01 +1.9981e+00 +2.9371e+00
15011 0 +1.121710641e-04 -5.660988783e+01 -5.660988783e+01 +1.9963e+00 +2.9365e+00
17363 0 +9.999755583e-05 -5.660990000e+01 -5.660990000e+01 +1.9945e+00 +2.9359e+00
20000 0 +9.170090495e-05 -5.660990830e+01 -5.660990830e+01 +1.9933e+00 +2.9355e+00
% f evaluations | g evaluations | best noise-free fitness - Fopt (-8.901000000000e+01) + sum g_i+ | measured fitness | best measured fitness or single-digit g-values | x1 | x2...
1 0 +9.624227050e+01 +7.232270498e+00 +7.232270498e+00 +0.0000e+00 +0.0000e+00
2 0 +1.798710087e+01 -7.102289913e+01 -7.102289913e+01 -2.9289e+00 +0.0000e+00
4 0 +1.562231783e+00 -8.744776822e+01 -8.744776822e+01 -5.4917e+00 -2.5628e+00
89 0 +7.610662195e-01 -8.824893378e+01 -8.824893378e+01 -2.9572e+00 -2.5366e+00
91 0 +7.724142123e-02 -8.893275858e+01 -8.893275858e+01 -3.9579e+00 -2.5366e+00
108 0 +1.571643704e-02 -8.899428356e+01 -8.899428356e+01 -3.8328e+00 -2.5366e+00
119 0 +7.756507004e-03 -8.900224349e+01 -8.900224349e+01 -3.8641e+00 -2.5366e+00
128 0 +4.322395132e-03 -8.900567760e+01 -8.900567760e+01 -3.8484e+00 -2.5366e+00
135 0 +2.390059315e-03 -8.900760994e+01 -8.900760994e+01 -3.8562e+00 -2.5366e+00
144 0 +1.941224287e-03 -8.900805878e+01 -8.900805878e+01 -3.8523e+00 -2.5366e+00
151 0 +1.622725550e-03 -8.900837727e+01 -8.900837727e+01 -3.8543e+00 -2.5366e+00
161 0 +1.567264559e-03 -8.900843274e+01 -8.900843274e+01 -3.8543e+00 -2.5376e+00
195 0 +1.407835996e-03 -8.900859216e+01 -8.900859216e+01 -3.8570e+00 -2.5400e+00
287 0 +1.257795521e-03 -8.900874220e+01 -8.900874220e+01 -3.8597e+00 -2.5431e+00
425 0 +1.120416804e-03 -8.900887958e+01 -8.900887958e+01 -3.8624e+00 -2.5462e+00
615 0 +9.991272349e-04 -8.900900087e+01 -8.900900087e+01 -3.8650e+00 -2.5490e+00
797 0 +8.906000146e-04 -8.900910940e+01 -8.900910940e+01 -3.8675e+00 -2.5518e+00
973 0 +7.933850461e-04 -8.900920661e+01 -8.900920661e+01 -3.8699e+00 -2.5545e+00
1269 0 +7.077195012e-04 -8.900929228e+01 -8.900929228e+01 -3.8722e+00 -2.5571e+00
1597 0 +6.303855632e-04 -8.900936961e+01 -8.900936961e+01 -3.8745e+00 -2.5596e+00
1911 0 +5.619711393e-04 -8.900943803e+01 -8.900943803e+01 -3.8767e+00 -2.5620e+00
2321 0 +5.009141254e-04 -8.900949909e+01 -8.900949909e+01 -3.8787e+00 -2.5643e+00
2901 0 +4.465524142e-04 -8.900955345e+01 -8.900955345e+01 -3.8807e+00 -2.5665e+00
3461 0 +3.980786571e-04 -8.900960192e+01 -8.900960192e+01 -3.8827e+00 -2.5686e+00
3999 0 +3.547880848e-04 -8.900964521e+01 -8.900964521e+01 -3.8845e+00 -2.5707e+00
4971 0 +3.162113659e-04 -8.900968379e+01 -8.900968379e+01 -3.8863e+00 -2.5727e+00
5969 0 +2.817871203e-04 -8.900971821e+01 -8.900971821e+01 -3.8880e+00 -2.5746e+00
6929 0 +2.511183862e-04 -8.900974888e+01 -8.900974888e+01 -3.8897e+00 -2.5764e+00
8099 0 +2.238672372e-04 -8.900977613e+01 -8.900977613e+01 -3.8913e+00 -2.5782e+00
9877 0 +1.995182125e-04 -8.900980048e+01 -8.900980048e+01 -3.8928e+00 -2.5798e+00
11587 0 +1.778219031e-04 -8.900982218e+01 -8.900982218e+01 -3.8943e+00 -2.5815e+00
13235 0 +1.584641176e-04 -8.900984154e+01 -8.900984154e+01 -3.8957e+00 -2.5831e+00
15955 0 +1.412508319e-04 -8.900985875e+01 -8.900985875e+01 -3.8971e+00 -2.5846e+00
19005 0 +1.258786621e-04 -8.900987412e+01 -8.900987412e+01 -3.8984e+00 -2.5860e+00
20000 0 +1.211279583e-04 -8.900987887e+01 -8.900987887e+01 -3.8988e+00 -2.5865e+00
% f evaluations | g evaluations | best noise-free fitness - Fopt (-3.352100000000e+02) + sum g_i+ | measured fitness | best measured fitness or single-digit g-values | x1 | x2...
1 0 +3.949961926e-01 -3.348150038e+02 -3.348150038e+02 +0.0000e+00 +0.0000e+00
17 0 +1.368905670e-01 -3.350731094e+02 -3.350731094e+02 -8.0583e-01 +0.0000e+00
55 0 +1.091959221e-01 -3.351008041e+02 -3.351008041e+02 -7.0475e-01 -2.8415e-01
82 0 +4.284230691e-02 -3.351671577e+02 -3.351671577e+02 -3.0550e-01 -2.6015e-01
83 0 +1.445666988e-02 -3.351955433e+02 -3.351955433e+02 -4.3058e-01 -2.6015e-01
96 0 +1.407976659e-02 -3.351959202e+02 -3.351959202e+02 -3.9931e-01 -2.6015e-01
114 0 +1.110731028e-02 -3.351988927e+02 -3.351988927e+02 -4.1495e-01 -2.5233e-01
119 0 +9.674276046e-03 -3.352003257e+02 -3.352003257e+02 -4.3058e-01 -2.5233e-01
123 0 +8.001003017e-03 -3.352019990e+02 -3.352019990e+02 -4.3840e-01 -2.4452e-01
127 0 +6.948867924e-03 -3.352030511e+02 -3.352030511e+02 -4.4622e-01 -2.4452e-01
142 0 +6.180526985e-03 -3.352038195e+02 -3.352038195e+02 -4.5404e-01 -2.4061e-01
147 0 +5.394467028e-03 -3.352046055e+02 -3.352046055e+02 -4.6185e-01 -2.4061e-01
155 0 +4.643083571e-03 -3.352053569e+02 -3.352053569e+02 -4.6967e-01 -2.3670e-01
159 0 +4.285487675e-03 -3.352057145e+02 -3.352057145e+02 -4.7358e-01 -2.3670e-01
186 0 +3.977286406e-03 -3.352060227e+02 -3.352060227e+02 -4.7749e-01 -2.3474e-01
207 0 +3.521836874e-03 -3.352064782e+02 -3.352064782e+02 -4.8335e-01 -2.3377e-01
231 0 +3.109457712e-03 -3.352068905e+02 -3.352068905e+02 -4.8921e-01 -2.3181e-01
251 0 +2.814101460e-03 -3.352071859e+02 -3.352071859e+02 -4.9410e-01 -2.3083e-01
283 0 +2.477649889e-03 -3.352075224e+02 -3.352075224e+02 -4.9948e-01 -2.2888e-01
323 0 +2.227115410e-03 -3.352077729e+02 -3.352077729e+02 -5.0436e-01 -2.2790e-01
359 0 +1.984714427e-03 -3.352080153e+02 -3.352080153e+02 -5.0876e-01 -2.2644e-01
399 0 +1.752028826e-03 -3.352082480e+02 -3.352082480e+02 -5.1364e-01 -2.2497e-01
450 0 +1.584075343e-03 -3.352084159e+02 -3.352084159e+02 -5.1755e-01 -2.2375e-01
519 0 +1.410700743e-03 -3.352085893e+02 -3.352085893e+02 -5.2195e-01 -2.2277e-01
583 0 +1.255634290e-03 -3.352087444e+02 -3.352087444e+02 -5.2586e-01 -2.2155e-01
655 0 +1.119707465e-03 -3.352088803e+02 -3.352088803e+02 -5.2977e-01 -2.2045e-01
775 0 +9.994620803e-04 -3.352090005e+02 -3.352090005e+02 -5.3343e-01 -2.1935e-01
898 0 +8.910776946e-04 -3.352091089e+02 -3.352091089e+02 -5.3710e-01 -2.1825e-01
1011 0 +7.915712025e-04 -3.352092084e+02 -3.352092084e+02 -5.4064e-01 -2.1728e-01
1207 0 +7.064275999e-04 -3.352092936e+02 -3.352092936e+02 -5.4394e-01 -2.1636e-01
1419 0 +6.293231818e-04 -3.352093707e+02 -3.352093707e+02 -5.4717e-01 -2.1544e-01
1619 0 +5.620597497e-04 -3.352094379e+02 -3.352094379e+02 -5.5023e-01 -2.1459e-01
1815 0 +5.008004430e-04 -3.352094992e+02 -3.352094992e+02 -5.5322e-01 -2.1373e-01
2014 0 +4.463814468e-04 -3.352095536e+02 -3.352095536e+02 -5.5609e-01 -2.1291e-01
2375 0 +3.976682742e-04 -3.352096023e+02 -3.352096023e+02 -5.5887e-01 -2.1212e-01
2726 0 +3.546958407e-04 -3.352096453e+02 -3.352096453e+02 -5.6153e-01 -2.1135e-01
3090 0 +3.161706406e-04 -3.352096838e+02 -3.352096838e+02 -5.6408e-01 -2.1063e-01
3738 0 +2.816914243e-04 -3.352097183e+02 -3.352097183e+02 -5.6655e-01 -2.0993e-01
4355 0 +2.511374321e-04 -3.352097489e+02 -3.352097489e+02 -5.6892e-01 -2.0926e-01
4958 0 +2.238702041e-04 -3.352097761e+02 -3.352097761e+02 -5.7121e-01 -2.0860e-01
6082 0 +1.995157534e-04 -3.352098005e+02 -3.352098005e+02 -5.7340e-01 -2.0799e-01
7191 0 +1.778176421e-04 -3.352098222e+02 -3.352098222e+02 -5.7552e-01 -2.0739e-01
8255 0 +1.584837576e-04 -3.352098415e+02 -3.352098415e+02 -5.7755e-01 -2.0681e-01
9342 0 +1.412441633e-04 -3.352098588e+02 -3.352098588e+02 -5.7951e-01 -2.0625e-01
11315 0 +1.258829516e-04 -3.352098741e+02 -3.352098741e+02 -5.8140e-01 -2.0571e-01
13219 0 +1.121975779e-04 -3.352098878e+02 -3.352098878e+02 -5.8321e-01 -2.0520e-01
15051 0 +9.996612692e-05 -3.352099000e+02 -3.352099000e+02 -5.8496e-01 -2.0470e-01
17803 0 +8.911341416e-05 -3.352099109e+02 -3.352099109e+02 -5.8664e-01 -2.0422e-01
20000 0 +8.275018132e-05 -3.352099172e+02 -3.352099172e+02 -5.8769e-01 -2.0392e-01
% f evaluations | g evaluations | best noise-free fitness - Fopt (-1.172200000000e+02) + sum g_i+ | measured fitness | best measured fitness or single-digit g-values | x1 | x2...
1 0 +7.443853412e+00 -1.097761466e+02 -1.097761466e+02 +0.0000e+00 +0.0000e+00
3 0 +3.003702282e+00 -1.142162977e+02 -1.142162977e+02 -3.6612e-01 +2.5628e+00
5 0 +1.156750501e+00 -1.160632495e+02 -1.160632495e+02 +2.9289e+00 +0.0000e+00
24 0 +3.156579735e-01 -1.169043420e+02 -1.169043420e+02 +1.8577e+00 +1.0519e+00
70 0 +6.818594640e-02 -1.171518141e+02 -1.171518141e+02 +2.3865e+00 +1.1955e+00
83 0 +6.117032211e-02 -1.171588297e+02 -1.171588297e+02 +2.2614e+00 +1.1955e+00
85 0 +1.423260967e-02 -1.172057674e+02 -1.172057674e+02 +2.2614e+00 +1.0704e+00
98 0 +1.089104393e-02 -1.172091090e+02 -1.172091090e+02 +2.2614e+00 +1.1017e+00
105 0 +9.137913328e-03 -1.172108621e+02 -1.172108621e+02 +2.2614e+00 +1.0860e+00
111 0 +8.102306331e-03 -1.172118977e+02 -1.172118977e+02 +2.2536e+00 +1.0860e+00
113 0 +7.168862690e-03 -1.172128311e+02 -1.172128311e+02 +2.2536e+00 +1.0782e+00
119 0 +6.899301240e-03 -1.172131007e+02 -1.172131007e+02 +2.2497e+00 +1.0782e+00
129 0 +6.106076744e-03 -1.172138939e+02 -1.172138939e+02 +2.2478e+00 +1.0723e+00
141 0 +5.426992292e-03 -1.172145730e+02 -1.172145730e+02 +2.2439e+00 +1.0665e+00
155 0 +5.001714486e-03 -1.172149983e+02 -1.172149983e+02 +2.2409e+00 +1.0626e+00
177 0 +4.453662006e-03 -1.172155463e+02 -1.172155463e+02 +2.2380e+00 +1.0567e+00
199 0 +3.960323453e-03 -1.172160397e+02 -1.172160397e+02 +2.2341e+00 +1.0518e+00
217 0 +3.541168084e-03 -1.172164588e+02 -1.172164588e+02 +2.2312e+00 +1.0469e+00
255 0 +3.150171608e-03 -1.172168498e+02 -1.172168498e+02 +2.2277e+00 +1.0421e+00
293 0 +2.789338108e-03 -1.172172107e+02 -1.172172107e+02 +2.2248e+00 +1.0372e+00
331 0 +2.487996007e-03 -1.172175120e+02 -1.172175120e+02 +2.2219e+00 +1.0328e+00
365 0 +2.237385289e-03 -1.172177626e+02 -1.172177626e+02 +2.2194e+00 +1.0284e+00
429 0 +1.993173058e-03 -1.172180068e+02 -1.172180068e+02 +2.2167e+00 +1.0245e+00
493 0 +1.771010943e-03 -1.172182290e+02 -1.172182290e+02 +2.2141e+00 +1.0206e+00
553 0 +1.584250135e-03 -1.172184157e+02 -1.172184157e+02 +2.2116e+00 +1.0169e+00
673 0 +1.407539252e-03 -1.172185925e+02 -1.172185925e+02 +2.2092e+00 +1.0131e+00
789 0 +1.253903335e-03 -1.172187461e+02 -1.172187461e+02 +2.2068e+00 +1.0096e+00
909 0 +1.121752600e-03 -1.172188782e+02 -1.172188782e+02 +2.2047e+00 +1.0063e+00
1125 0 +9.993105922e-04 -1.172190007e+02 -1.172190007e+02 +2.2026e+00 +1.0030e+00
1333 0 +8.897256329e-04 -1.172191103e+02 -1.172191103e+02 +2.2005e+00 +9.9979e-01
1529 0 +7.941467908e-04 -1.172192059e+02 -1.172192059e+02 +2.1985e+00 +9.9680e-01
1793 0 +7.079042185e-04 -1.172192921e+02 -1.172192921e+02 +2.1966e+00 +9.9386e-01
2161 0 +6.309370907e-04 -1.172193691e+02 -1.172193691e+02 +2.1948e+00 +9.9105e-01
2517 0 +5.620311357e-04 -1.172194380e+02 -1.172194380e+02 +2.1930e+00 +9.8834e-01
2857 0 +5.007271853e-04 -1.172194993e+02 -1.172194993e+02 +2.1913e+00 +9.8574e-01
3425 0 +4.466353125e-04 -1.172195534e+02 -1.172195534e+02 +2.1897e+00 +9.8325e-01
4057 0 +3.980358838e-04 -1.172196020e+02 -1.172196020e+02 +2.1881e+00 +9.8084e-01
4665 0 +3.547472819e-04 -1.172196453e+02 -1.172196453e+02 +2.1866e+00 +9.7852e-01
5329 0 +3.161776950e-04 -1.172196838e+02 -1.172196838e+02 +2.1852e+00 +9.7628e-01
6455 0 +2.817921541e-04 -1.172197182e+02 -1.172197182e+02 +2.1838e+00 +9.7414e-01
7537 0 +2.511545691e-04 -1.172197488e+02 -1.172197488e+02 +2.1824e+00 +9.7207e-01
8581 0 +2.238134439e-04 -1.172197762e+02 -1.172197762e+02 +2.1811e+00 +9.7008e-01
10281 0 +1.995227546e-04 -1.172198005e+02 -1.172198005e+02 +2.1799e+00 +9.6816e-01
12213 0 +1.778085776e-04 -1.172198222e+02 -1.172198222e+02 +2.1787e+00 +9.6632e-01
14073 0 +1.584594361e-04 -1.172198415e+02 -1.172198415e+02 +2.1775e+00 +9.6454e-01
16269 0 +1.412379079e-04 -1.172198588e+02 -1.172198588e+02 +2.1764e+00 +9.6284e-01
19711 0 +1.258923851e-04 -1.172198741e+02 -1.172198741e+02 +2.1754e+00 +9.6120e-01
20000 0 +1.246608202e-04 -1.172198753e+02 -1.172198753e+02 +2.1753e+00 +9.6106e-01
% f evaluations | g evaluations | best noise-free fitness - Fopt (5.460000000000e+00) + sum g_i+ | measured fitness | best measured fitness or single-digit g-values | x1 | x2...
1 0 +4.701525784e+01 +5.247525784e+01 +5.247525784e+01 +0.0000e+00 +0.0000e+00
2 0 +1.020998941e+01 +1.566998941e+01 +1.566998941e+01 -2.9289e+00 +0.0000e+00
3 0 +3.608619660e+00 +9.068619660e+00 +9.068619660e+00 -3.6612e-01 +2.5628e+00
87 0 +2.212852299e+00 +7.672852299e+00 +7.672852299e+00 -4.0756e+00 +4.1759e-01
90 0 +6.174517124e-01 +6.077451712e+00 +6.077451712e+00 -4.0756e+00 +1.4182e+00
94 0 +1.765418676e-01 +5.636541868e+00 +5.636541868e+00 -4.0756e+00 +2.4189e+00
104 0 +1.085460267e-01 +5.568546027e+00 +5.568546027e+00 -3.8254e+00 +2.4189e+00
105 0 +2.908761250e-02 +5.489087612e+00 +5.489087612e+00 -3.8254e+00 +2.1687e+00
116 0 +2.577295610e-02 +5.485772956e+00 +5.485772956e+00 -3.7629e+00 +2.1687e+00
117 0 +5.058959321e-03 +5.465058959e+00 +5.465058959e+00 -3.7629e+00 +2.1062e+00
130 0 +2.730486397e-03 +5.462730486e+00 +5.462730486e+00 -3.7629e+00 +2.1218e+00
137 0 +1.321104631e-03 +5.461321105e+00 +5.461321105e+00 -3.7629e+00 +2.1140e+00
146 0 +9.509679369e-04 +5.460950968e+00 +5.460950968e+00 -3.7629e+00 +2.1179e+00
153 0 +6.332346038e-04 +5.460633235e+00 +5.460633235e+00 -3.7629e+00 +2.1160e+00
164 0 +6.093115184e-04 +5.460609312e+00 +5.460609312e+00 -3.7624e+00 +2.1160e+00
221 0 +5.620112264e-04 +5.460562011e+00 +5.460562011e+00 -3.7621e+00 +2.1151e+00
573 0 +5.011036663e-04 +5.460501104e+00 +5.460501104e+00 -3.7606e+00 +2.1124e+00
1025 0 +4.465935141e-04 +5.460446594e+00 +5.460446594e+00 -3.7592e+00 +2.1098e+00
1681 0 +3.979645962e-04 +5.460397965e+00 +5.460397965e+00 -3.7577e+00 +2.1073e+00
2313 0 +3.546962925e-04 +5.460354696e+00 +5.460354696e+00 -3.7564e+00 +2.1049e+00
2924 0 +3.161075940e-04 +5.460316108e+00 +5.460316108e+00 -3.7551e+00 +2.1025e+00
4033 0 +2.818358135e-04 +5.460281836e+00 +5.460281836e+00 -3.7538e+00 +2.1003e+00
5161 0 +2.511540950e-04 +5.460251154e+00 +5.460251154e+00 -3.7526e+00 +2.0982e+00
6245 0 +2.238289396e-04 +5.460223829e+00 +5.460223829e+00 -3.7514e+00 +2.0961e+00
7609 0 +1.995097762e-04 +5.460199510e+00 +5.460199510e+00 -3.7503e+00 +2.0941e+00
9617 0 +1.778178316e-04 +5.460177818e+00 +5.460177818e+00 -3.7492e+00 +2.0922e+00
11552 0 +1.584720687e-04 +5.460158472e+00 +5.460158472e+00 -3.7482e+00 +2.0903e+00
13409 0 +1.412371313e-04 +5.460141237e+00 +5.460141237e+00 -3.7472e+00 +2.0886e+00
16536 0 +1.258919503e-04 +5.460125892e+00 +5.460125892e+00 -3.7462e+00 +2.0869e+00
19980 0 +1.122016675e-04 +5.460112202e+00 +5.460112202e+00 -3.7453e+00 +2.0852e+00
20000 0 +1.121253642e-04 +5.460112125e+00 +5.460112125e+00 -3.7453e+00 +2.0852e+00
% f evaluations | g evaluations | best noise-free fitness - Fopt (5.212000000000e+01) + sum g_i+ | measured fitness | best measured fitness or single-digit g-values | x1 | x2...
1 0 +2.412032692e+00 +5.453203269e+01 +5.453203269e+01 +0.0000e+00 +0.0000e+00
17 0 +1.996434725e+00 +5.411643473e+01 +5.411643473e+01 -8.0583e-01 +0.0000e+00
19 0 +7.413688172e-01 +5.286136882e+01 +5.286136882e+01 -2.6635e+00 -1.8577e+00
29 0 +6.665447845e-01 +5.278654478e+01 +5.278654478e+01 -1.3899e+00 -2.1231e+00
42 0 +2.796818600e-01 +5.239968186e+01 +5.239968186e+01 -2.3762e+00 -1.1470e+00
79 0 +1.776725762e-01 +5.229767258e+01 +5.229767258e+01 -2.2732e+00 -1.1225e+00
88 0 +8.251267869e-02 +5.220251268e+01 +5.220251268e+01 -2.0231e+00 -1.1225e+00
89 0 +6.696866636e-03 +5.212669687e+01 +5.212669687e+01 -2.0231e+00 -1.3726e+00
105 0 +1.822278284e-03 +5.212182228e+01 +5.212182228e+01 -2.0231e+00 -1.4039e+00
118 0 +4.158654353e-04 +5.212041587e+01 +5.212041587e+01 -2.0231e+00 -1.3961e+00
129 0 +3.405915111e-04 +5.212034059e+01 +5.212034059e+01 -2.0231e+00 -1.3980e+00
138 0 +2.722516100e-04 +5.212027225e+01 +5.212027225e+01 -2.0231e+00 -1.3970e+00
497 0 +2.511449110e-04 +5.212025114e+01 +5.212025114e+01 -2.0227e+00 -1.3985e+00
1096 0 +2.238556301e-04 +5.212022386e+01 +5.212022386e+01 -2.0220e+00 -1.4008e+00
2137 0 +1.994745584e-04 +5.212019947e+01 +5.212019947e+01 -2.0214e+00 -1.4030e+00
3245 0 +1.778090188e-04 +5.212017781e+01 +5.212017781e+01 -2.0208e+00 -1.4051e+00
4313 0 +1.584873179e-04 +5.212015849e+01 +5.212015849e+01 -2.0203e+00 -1.4071e+00
5501 0 +1.412537055e-04 +5.212014125e+01 +5.212014125e+01 -2.0197e+00 -1.4091e+00
7481 0 +1.258901825e-04 +5.212012589e+01 +5.212012589e+01 -2.0192e+00 -1.4110e+00
9385 0 +1.121975736e-04 +5.212011220e+01 +5.212011220e+01 -2.0187e+00 -1.4128e+00
11217 0 +9.999230753e-05 +5.212009999e+01 +5.212009999e+01 -2.0182e+00 -1.4145e+00
13948 0 +8.912310599e-05 +5.212008912e+01 +5.212008912e+01 -2.0177e+00 -1.4162e+00
17341 0 +7.942834282e-05 +5.212007943e+01 +5.212007943e+01 -2.0172e+00 -1.4178e+00
20000 0 +7.234789619e-05 +5.212007235e+01 +5.212007235e+01 -2.0169e+00 -1.4191e+00
% f evaluations | g evaluations | best noise-free fitness - Fopt (4.120000000000e+00) + sum g_i+ | measured fitness | best measured fitness or single-digit g-values | x1 | x2...
1 0 +1.783154867e+01 +2.195154867e+01 +2.195154867e+01 +0.0000e+00 +0.0000e+00
3 0 +5.171358844e+00 +9.291358844e+00 +9.291358844e+00 -3.6612e-01 +2.5628e+00
5 0 +2.195261525e+00 +6.315261525e+00 +6.315261525e+00 +2.9289e+00 +0.0000e+00
18 0 +6.055931806e-01 +4.725593181e+00 +4.725593181e+00 +1.0519e+00 +1.8577e+00
105 0 +2.540739978e-01 +4.374073998e+00 +4.374073998e+00 +1.4913e+00 +2.0013e+00
112 0 +1.017776797e-02 +4.130177768e+00 +4.130177768e+00 +1.9916e+00 +2.0013e+00
132 0 +5.282704021e-03 +4.125282704e+00 +4.125282704e+00 +2.0228e+00 +2.0013e+00
139 0 +2.946810858e-03 +4.122946811e+00 +4.122946811e+00 +2.0072e+00 +2.0013e+00
148 0 +2.000438735e-03 +4.122000439e+00 +4.122000439e+00 +2.0150e+00 +2.0013e+00
155 0 +1.665292019e-03 +4.121665292e+00 +4.121665292e+00 +2.0111e+00 +2.0013e+00
164 0 +1.579442216e-03 +4.121579442e+00 +4.121579442e+00 +2.0131e+00 +2.0013e+00
271 0 +1.411723103e-03 +4.121411723e+00 +4.121411723e+00 +2.0095e+00 +1.9996e+00
395 0 +1.254871115e-03 +4.121254871e+00 +4.121254871e+00 +2.0057e+00 +1.9975e+00
511 0 +1.118948395e-03 +4.121118948e+00 +4.121118948e+00 +2.0022e+00 +1.9956e+00
659 0 +9.996812404e-04 +4.120999681e+00 +4.120999681e+00 +1.9988e+00 +1.9937e+00
877 0 +8.909419184e-04 +4.120890942e+00 +4.120890942e+00 +1.9955e+00 +1.9919e+00
1087 0 +7.938993593e-04 +4.120793899e+00 +4.120793899e+00 +1.9923e+00 +1.9902e+00
1285 0 +7.078293297e-04 +4.120707829e+00 +4.120707829e+00 +1.9893e+00 +1.9885e+00
1663 0 +6.306853580e-04 +4.120630685e+00 +4.120630685e+00 +1.9864e+00 +1.9869e+00
2031 0 +5.622731355e-04 +4.120562273e+00 +4.120562273e+00 +1.9835e+00 +1.9853e+00
2391 0 +5.008867160e-04 +4.120500887e+00 +4.120500887e+00 +1.9808e+00 +1.9838e+00
2809 0 +4.466308143e-04 +4.120446631e+00 +4.120446631e+00 +1.9782e+00 +1.9824e+00
3471 0 +3.979474484e-04 +4.120397947e+00 +4.120397947e+00 +1.9757e+00 +1.9810e+00
4107 0 +3.548083872e-04 +4.120354808e+00 +4.120354808e+00 +1.9732e+00 +1.9797e+00
4721 0 +3.159900367e-04 +4.120315990e+00 +4.120315990e+00 +1.9709e+00 +1.9784e+00
5731 0 +2.818378574e-04 +4.120281838e+00 +4.120281838e+00 +1.9687e+00 +1.9772e+00
6867 0 +2.511242080e-04 +4.120251124e+00 +4.120251124e+00 +1.9665e+00 +1.9760e+00
7957 0 +2.238480996e-04 +4.120223848e+00 +4.120223848e+00 +1.9644e+00 +1.9748e+00
9363 0 +1.995036820e-04 +4.120199504e+00 +4.120199504e+00 +1.9624e+00 +1.9737e+00
11383 0 +1.778199186e-04 +4.120177820e+00 +4.120177820e+00 +1.9605e+00 +1.9727e+00
13327 0 +1.584859589e-04 +4.120158486e+00 +4.120158486e+00 +1.9586e+00 +1.9716e+00
15199 0 +1.412458137e-04 +4.120141246e+00 +4.120141246e+00 +1.9568e+00 +1.9707e+00
18003 0 +1.258864435e-04 +4.120125886e+00 +4.120125886e+00 +1.9551e+00 +1.9697e+00
20000 0 +1.178757000e-04 +4.120117876e+00 +4.120117876e+00 +1.9542e+00 +1.9692e+00
% f evaluations | g evaluations | best noise-free fitness - Fopt (-2.150000000000e+01) + sum g_i+ | measured fitness | best measured fitness or single-digit g-values | x1 | x2...
1 0 +1.868642378e+00 -1.963135762e+01 -1.963135762e+01 +0.0000e+00 +0.0000e+00
3 0 +7.141425469e-01 -2.078585745e+01 -2.078585745e+01 -3.6612e-01 +2.5628e+00
114 0 +1.921425699e-01 -2.130785743e+01 -2.130785743e+01 -4.9060e-01 +2.0013e+00
124 0 +1.608167296e-01 -2.133918327e+01 -2.133918327e+01 -2.4044e-01 +2.0013e+00
125 0 +1.262187742e-01 -2.137378123e+01 -2.137378123e+01 -2.4044e-01 +1.7511e+00
127 0 +5.100835558e-02 -2.144899164e+01 -2.144899164e+01 -4.9060e-01 +1.7511e+00
131 0 +9.263530409e-03 -2.149073647e+01 -2.149073647e+01 -7.4077e-01 +1.7511e+00
144 0 +5.806195358e-03 -2.149419380e+01 -2.149419380e+01 -6.7823e-01 +1.7511e+00
151 0 +1.729467142e-03 -2.149827053e+01 -2.149827053e+01 -7.0950e-01 +1.7511e+00
164 0 +2.449007228e-04 -2.149975510e+01 -2.149975510e+01 -7.0168e-01 +1.7511e+00
179 0 +1.975962962e-04 -2.149980240e+01 -2.149980240e+01 -7.0266e-01 +1.7511e+00
448 0 +1.778215311e-04 -2.149982218e+01 -2.149982218e+01 -7.0178e-01 +1.7513e+00
1524 0 +1.584469915e-04 -2.149984155e+01 -2.149984155e+01 -6.9972e-01 +1.7518e+00
2560 0 +1.412355344e-04 -2.149985876e+01 -2.149985876e+01 -6.9775e-01 +1.7523e+00
3924 0 +1.258686991e-04 -2.149987413e+01 -2.149987413e+01 -6.9585e-01 +1.7528e+00
5844 0 +1.121759414e-04 -2.149988782e+01 -2.149988782e+01 -6.9401e-01 +1.7532e+00
7688 0 +9.999506140e-05 -2.149990000e+01 -2.149990000e+01 -6.9225e-01 +1.7536e+00
9468 0 +8.910957573e-05 -2.149991089e+01 -2.149991089e+01 -6.9056e-01 +1.7541e+00
12528 0 +7.942977711e-05 -2.149992057e+01 -2.149992057e+01 -6.8893e-01 +1.7545e+00
15824 0 +7.078270704e-05 -2.149992922e+01 -2.149992922e+01 -6.8735e-01 +1.7549e+00
18992 0 +6.308566696e-05 -2.149993691e+01 -2.149993691e+01 -6.8584e-01 +1.7552e+00
20000 0 +6.076385717e-05 -2.149993924e+01 -2.149993924e+01 -6.8536e-01 +1.7554e+00
% f evaluations | g evaluations | best noise-free fitness - Fopt (1.415000000000e+01) + sum g_i+ | measured fitness | best measured fitness or single-digit g-values | x1 | x2...
1 0 +4.617373590e+01 +6.032373590e+01 +6.032373590e+01 +0.0000e+00 +0.0000e+00
5 0 +7.852185875e-01 +1.493521859e+01 +1.493521859e+01 +2.9289e+00 +0.0000e+00
133 0 +6.998025339e-01 +1.484980253e+01 +1.484980253e+01 +3.4926e+00 -1.3323e-15
137 0 +2.994852519e-01 +1.444948525e+01 +1.444948525e+01 +3.4926e+00 -1.0006e+00
146 0 +2.001786161e-01 +1.435017862e+01 +1.435017862e+01 +3.4926e+00 -5.0032e-01
148 0 +1.815416543e-01 +1.433154165e+01 +1.433154165e+01 +3.9929e+00 -5.0032e-01
157 0 +8.924797461e-02 +1.423924797e+01 +1.423924797e+01 +3.9929e+00 -7.5049e-01
159 0 +6.280954158e-02 +1.421280954e+01 +1.421280954e+01 +3.7427e+00 -7.5049e-01
163 0 +4.972065531e-02 +1.419972066e+01 +1.419972066e+01 +3.4926e+00 -7.5049e-01
182 0 +2.625455417e-02 +1.417625455e+01 +1.417625455e+01 +3.3675e+00 -6.8795e-01
184 0 +1.787833518e-02 +1.416787834e+01 +1.416787834e+01 +3.4300e+00 -6.8795e-01
188 0 +1.304841128e-02 +1.416304841e+01 +1.416304841e+01 +3.4926e+00 -6.8795e-01
192 0 +9.527648072e-03 +1.415952765e+01 +1.415952765e+01 +3.5551e+00 -6.8795e-01
196 0 +6.232769466e-03 +1.415623277e+01 +1.415623277e+01 +3.6176e+00 -6.8795e-01
200 0 +2.949241143e-03 +1.415294924e+01 +1.415294924e+01 +3.6802e+00 -6.8795e-01
204 0 +1.522264385e-03 +1.415152226e+01 +1.415152226e+01 +3.7427e+00 -6.8795e-01
220 0 +1.068341955e-03 +1.415106834e+01 +1.415106834e+01 +3.7271e+00 -6.8795e-01
243 0 +9.788663911e-04 +1.415097887e+01 +1.415097887e+01 +3.7251e+00 -6.8892e-01
255 0 +8.516152103e-04 +1.415085162e+01 +1.415085162e+01 +3.7222e+00 -6.8892e-01
263 0 +7.793693520e-04 +1.415077937e+01 +1.415077937e+01 +3.7202e+00 -6.8892e-01
275 0 +6.964795736e-04 +1.415069648e+01 +1.415069648e+01 +3.7173e+00 -6.8892e-01
303 0 +6.241851029e-04 +1.415062419e+01 +1.415062419e+01 +3.7124e+00 -6.8941e-01
319 0 +5.577255996e-04 +1.415055773e+01 +1.415055773e+01 +3.7105e+00 -6.8941e-01
339 0 +4.996753214e-04 +1.415049968e+01 +1.415049968e+01 +3.7080e+00 -6.8941e-01
379 0 +4.454282185e-04 +1.415044543e+01 +1.415044543e+01 +3.7048e+00 -6.8966e-01
445 0 +3.866916035e-04 +1.415038669e+01 +1.415038669e+01 +3.7015e+00 -6.8978e-01
515 0 +3.528741764e-04 +1.415035287e+01 +1.415035287e+01 +3.6994e+00 -6.8990e-01
599 0 +3.155453191e-04 +1.415031555e+01 +1.415031555e+01 +3.6968e+00 -6.9002e-01
683 0 +2.814297128e-04 +1.415028143e+01 +1.415028143e+01 +3.6942e+00 -6.9014e-01
767 0 +2.506299257e-04 +1.415025063e+01 +1.415025063e+01 +3.6917e+00 -6.9027e-01
919 0 +2.236374697e-04 +1.415022364e+01 +1.415022364e+01 +3.6892e+00 -6.9039e-01
1067 0 +1.994916033e-04 +1.415019949e+01 +1.415019949e+01 +3.6870e+00 -6.9051e-01
1203 0 +1.777383839e-04 +1.415017774e+01 +1.415017774e+01 +3.6849e+00 -6.9063e-01
1387 0 +1.583892381e-04 +1.415015839e+01 +1.415015839e+01 +3.6828e+00 -6.9076e-01
1663 0 +1.409482313e-04 +1.415014095e+01 +1.415014095e+01 +3.6807e+00 -6.9088e-01
1911 0 +1.257677483e-04 +1.415012577e+01 +1.415012577e+01 +3.6788e+00 -6.9097e-01
2159 0 +1.121478893e-04 +1.415011215e+01 +1.415011215e+01 +3.6769e+00 -6.9106e-01
2547 0 +9.994844310e-05 +1.415009995e+01 +1.415009995e+01 +3.6751e+00 -6.9117e-01
3007 0 +8.899755881e-05 +1.415008900e+01 +1.415008900e+01 +3.6734e+00 -6.9126e-01
3455 0 +7.928452407e-05 +1.415007928e+01 +1.415007928e+01 +3.6717e+00 -6.9135e-01
4051 0 +7.076859946e-05 +1.415007077e+01 +1.415007077e+01 +3.6701e+00 -6.9143e-01
4871 0 +6.307881214e-05 +1.415006308e+01 +1.415006308e+01 +3.6685e+00 -6.9151e-01
5651 0 +5.620195062e-05 +1.415005620e+01 +1.415005620e+01 +3.6671e+00 -6.9159e-01
6407 0 +5.008838919e-05 +1.415005009e+01 +1.415005009e+01 +3.6656e+00 -6.9166e-01
7735 0 +4.465489907e-05 +1.415004465e+01 +1.415004465e+01 +3.6642e+00 -6.9174e-01
9127 0 +3.980717606e-05 +1.415003981e+01 +1.415003981e+01 +3.6629e+00 -6.9181e-01
10475 0 +3.547950621e-05 +1.415003548e+01 +1.415003548e+01 +3.6616e+00 -6.9187e-01
11875 0 +3.162249226e-05 +1.415003162e+01 +1.415003162e+01 +3.6604e+00 -6.9194e-01
14371 0 +2.818202869e-05 +1.415002818e+01 +1.415002818e+01 +3.6592e+00 -6.9200e-01
16763 0 +2.511348691e-05 +1.415002511e+01 +1.415002511e+01 +3.6580e+00 -6.9206e-01
19075 0 +2.238551121e-05 +1.415002239e+01 +1.415002239e+01 +3.6569e+00 -6.9212e-01
20000 0 +2.155399808e-05 +1.415002155e+01 +1.415002155e+01 +3.6566e+00 -6.9214e-01
% f evaluations | g evaluations | best noise-free fitness - Fopt (-1.348000000000e+01) + sum g_i+ | measured fitness | best measured fitness or single-digit g-values | x1 | x2...
1 0 +9.598115358e+00 -3.881884642e+00 -3.881884642e+00 +0.0000e+00 +0.0000e+00
3 0 +6.890580571e-01 -1.279094194e+01 -1.279094194e+01 -3.6612e-01 +2.5628e+00
11 0 +5.585126381e-01 -1.292148736e+01 -1.292148736e+01 +0.0000e+00 +2.9289e+00
111 0 +3.362037444e-01 -1.314379626e+01 -1.314379626e+01 -4.4409e-16 +2.4919e+00
120 0 +1.006725783e-01 -1.337932742e+01 -1.337932742e+01 +5.0032e-01 +2.4919e+00
131 0 +1.577188467e-02 -1.346422812e+01 -1.346422812e+01 +3.7524e-01 +2.4919e+00
145 0 +9.251605271e-03 -1.347074839e+01 -1.347074839e+01 +3.7524e-01 +2.4606e+00
155 0 +7.680742080e-03 -1.347231926e+01 -1.347231926e+01 +3.6743e-01 +2.4606e+00
157 0 +6.961734342e-03 -1.347303827e+01 -1.347303827e+01 +3.6743e-01 +2.4528e+00
165 0 +6.151988203e-03 -1.347384801e+01 -1.347384801e+01 +3.6352e-01 +2.4489e+00
181 0 +5.451630763e-03 -1.347454837e+01 -1.347454837e+01 +3.5961e-01 +2.4430e+00
197 0 +4.939762251e-03 -1.347506024e+01 -1.347506024e+01 +3.5668e-01 +2.4382e+00
219 0 +4.463959259e-03 -1.347553604e+01 -1.347553604e+01 +3.5375e-01 +2.4333e+00
241 0 +3.952984844e-03 -1.347604702e+01 -1.347604702e+01 +3.5081e-01 +2.4274e+00
261 0 +3.537703424e-03 -1.347646230e+01 -1.347646230e+01 +3.4788e-01 +2.4225e+00
297 0 +3.155132894e-03 -1.347684487e+01 -1.347684487e+01 +3.4495e-01 +2.4176e+00
339 0 +2.805424681e-03 -1.347719458e+01 -1.347719458e+01 +3.4202e-01 +2.4127e+00
377 0 +2.493835125e-03 -1.347750616e+01 -1.347750616e+01 +3.3958e-01 +2.4079e+00
429 0 +2.235160302e-03 -1.347776484e+01 -1.347776484e+01 +3.3713e-01 +2.4037e+00
499 0 +1.994896073e-03 -1.347800510e+01 -1.347800510e+01 +3.3445e-01 +2.3996e+00
565 0 +1.774229107e-03 -1.347822577e+01 -1.347822577e+01 +3.3225e-01 +2.3954e+00
629 0 +1.584824227e-03 -1.347841518e+01 -1.347841518e+01 +3.3005e-01 +2.3915e+00
729 0 +1.412502077e-03 -1.347858750e+01 -1.347858750e+01 +3.2785e-01 +2.3877e+00
851 0 +1.258721385e-03 -1.347874128e+01 -1.347874128e+01 +3.2565e-01 +2.3840e+00
965 0 +1.120966208e-03 -1.347887903e+01 -1.347887903e+01 +3.2370e-01 +2.3805e+00
1101 0 +9.982633507e-04 -1.347900174e+01 -1.347900174e+01 +3.2174e-01 +2.3771e+00
1315 0 +8.902705679e-04 -1.347910973e+01 -1.347910973e+01 +3.1985e-01 +2.3738e+00
1517 0 +7.942492235e-04 -1.347920575e+01 -1.347920575e+01 +3.1808e-01 +2.3707e+00
1719 0 +7.072235743e-04 -1.347929278e+01 -1.347929278e+01 +3.1631e-01 +2.3677e+00
2089 0 +6.308349862e-04 -1.347936917e+01 -1.347936917e+01 +3.1469e-01 +2.3648e+00
2457 0 +5.618677454e-04 -1.347943813e+01 -1.347943813e+01 +3.1307e-01 +2.3620e+00
2811 0 +5.007184313e-04 -1.347949928e+01 -1.347949928e+01 +3.1151e-01 +2.3593e+00
3251 0 +4.465269400e-04 -1.347955347e+01 -1.347955347e+01 +3.1003e-01 +2.3567e+00
3905 0 +3.980538511e-04 -1.347960195e+01 -1.347960195e+01 +3.0861e-01 +2.3542e+00
4535 0 +3.546418922e-04 -1.347964536e+01 -1.347964536e+01 +3.0722e-01 +2.3518e+00
5149 0 +3.161777531e-04 -1.347968382e+01 -1.347968382e+01 +3.0590e-01 +2.3495e+00
6317 0 +2.817660109e-04 -1.347971823e+01 -1.347971823e+01 +3.0463e-01 +2.3473e+00
7437 0 +2.511408835e-04 -1.347974886e+01 -1.347974886e+01 +3.0340e-01 +2.3451e+00
8517 0 +2.238137066e-04 -1.347977619e+01 -1.347977619e+01 +3.0221e-01 +2.3431e+00
9793 0 +1.995205896e-04 -1.347980048e+01 -1.347980048e+01 +3.0108e-01 +2.3411e+00
11793 0 +1.778136086e-04 -1.347982219e+01 -1.347982219e+01 +2.9998e-01 +2.3392e+00
13717 0 +1.584789887e-04 -1.347984152e+01 -1.347984152e+01 +2.9893e-01 +2.3373e+00
15569 0 +1.412307440e-04 -1.347985877e+01 -1.347985877e+01 +2.9792e-01 +2.3356e+00
18797 0 +1.258865407e-04 -1.347987411e+01 -1.347987411e+01 +2.9694e-01 +2.3339e+00
20000 0 +1.209780296e-04 -1.347987902e+01 -1.347987902e+01 +2.9661e-01 +2.3333e+00
% f evaluations | g evaluations | best noise-free fitness - Fopt (-4.813000000000e+01) + sum g_i+ | measured fitness | best measured fitness or single-digit g-values | x1 | x2...
1 0 +4.784748566e+01 -2.825143365e-01 -2.825143365e-01 +0.0000e+00 +0.0000e+00
4 0 +1.277807481e+01 -3.535192519e+01 -3.535192519e+01 -5.4917e+00 -2.5628e+00
7 0 +1.847065775e+00 -4.628293423e+01 -4.628293423e+01 +3.6612e-01 -2.5628e+00
8 0 +1.106754398e+00 -4.702324560e+01 -4.702324560e+01 +0.0000e+00 -2.9289e+00
131 0 +8.904473106e-01 -4.723955269e+01 -4.723955269e+01 -1.3323e-15 -3.4926e+00
135 0 +3.423355975e-01 -4.778766440e+01 -4.778766440e+01 -1.0006e+00 -4.4932e+00
138 0 +1.179525210e-01 -4.801204748e+01 -4.801204748e+01 -1.0006e+00 -3.4926e+00
152 0 +7.406493806e-02 -4.805593506e+01 -4.805593506e+01 -8.7557e-01 -3.4926e+00
153 0 +2.358295223e-02 -4.810641705e+01 -4.810641705e+01 -8.7557e-01 -3.6176e+00
157 0 +1.876329092e-02 -4.811123671e+01 -4.811123671e+01 -8.7557e-01 -3.7427e+00
166 0 +1.172148005e-02 -4.811827852e+01 -4.811827852e+01 -8.7557e-01 -3.6802e+00
180 0 +1.065754534e-02 -4.811934245e+01 -4.811934245e+01 -8.6775e-01 -3.6802e+00
181 0 +9.334891694e-03 -4.812066511e+01 -4.812066511e+01 -8.6775e-01 -3.6880e+00
185 0 +8.344821505e-03 -4.812165518e+01 -4.812165518e+01 -8.6775e-01 -3.6958e+00
189 0 +7.784600885e-03 -4.812221540e+01 -4.812221540e+01 -8.6775e-01 -3.7036e+00
197 0 +5.957865114e-03 -4.812404213e+01 -4.812404213e+01 -8.5993e-01 -3.7193e+00
201 0 +4.950650366e-03 -4.812504935e+01 -4.812504935e+01 -8.5993e-01 -3.7271e+00
216 0 +4.305573976e-03 -4.812569443e+01 -4.812569443e+01 -8.5798e-01 -3.7349e+00
225 0 +3.907787474e-03 -4.812609221e+01 -4.812609221e+01 -8.5798e-01 -3.7408e+00
237 0 +3.404506582e-03 -4.812659549e+01 -4.812659549e+01 -8.5602e-01 -3.7466e+00
252 0 +3.138132908e-03 -4.812686187e+01 -4.812686187e+01 -8.5505e-01 -3.7505e+00
273 0 +2.781255038e-03 -4.812721874e+01 -4.812721874e+01 -8.5407e-01 -3.7564e+00
293 0 +2.507077739e-03 -4.812749292e+01 -4.812749292e+01 -8.5309e-01 -3.7613e+00
320 0 +2.190759873e-03 -4.812780924e+01 -4.812780924e+01 -8.5114e-01 -3.7671e+00
337 0 +1.940680472e-03 -4.812805932e+01 -4.812805932e+01 -8.5016e-01 -3.7720e+00
357 0 +1.767506579e-03 -4.812823249e+01 -4.812823249e+01 -8.4967e-01 -3.7755e+00
393 0 +1.577534518e-03 -4.812842247e+01 -4.812842247e+01 -8.4870e-01 -3.7798e+00
441 0 +1.402118187e-03 -4.812859788e+01 -4.812859788e+01 -8.4772e-01 -3.7842e+00
505 0 +1.258417462e-03 -4.812874158e+01 -4.812874158e+01 -8.4698e-01 -3.7882e+00
573 0 +1.113817865e-03 -4.812888618e+01 -4.812888618e+01 -8.4601e-01 -3.7923e+00
633 0 +9.988258059e-04 -4.812900117e+01 -4.812900117e+01 -8.4527e-01 -3.7960e+00
700 0 +8.891203189e-04 -4.812911088e+01 -4.812911088e+01 -8.4442e-01 -3.7996e+00
813 0 +7.930076319e-04 -4.812920699e+01 -4.812920699e+01 -8.4369e-01 -3.8032e+00
925 0 +7.070653596e-04 -4.812929293e+01 -4.812929293e+01 -8.4295e-01 -3.8066e+00
1065 0 +6.300312563e-04 -4.812936997e+01 -4.812936997e+01 -8.4222e-01 -3.8098e+00
1273 0 +5.617991270e-04 -4.812943820e+01 -4.812943820e+01 -8.4155e-01 -3.8130e+00
1469 0 +5.008270959e-04 -4.812949917e+01 -4.812949917e+01 -8.4088e-01 -3.8160e+00
1665 0 +4.451255037e-04 -4.812955487e+01 -4.812955487e+01 -8.4021e-01 -3.8190e+00
1925 0 +3.976447880e-04 -4.812960236e+01 -4.812960236e+01 -8.3963e-01 -3.8217e+00
2277 0 +3.547663502e-04 -4.812964523e+01 -4.812964523e+01 -8.3905e-01 -3.8244e+00
2621 0 +3.157600483e-04 -4.812968424e+01 -4.812968424e+01 -8.3847e-01 -3.8271e+00
2949 0 +2.814851274e-04 -4.812971851e+01 -4.812971851e+01 -8.3792e-01 -3.8296e+00
3569 0 +2.510222704e-04 -4.812974898e+01 -4.812974898e+01 -8.3740e-01 -3.8320e+00
4177 0 +2.237201540e-04 -4.812977628e+01 -4.812977628e+01 -8.3689e-01 -3.8343e+00
4765 0 +1.992898153e-04 -4.812980071e+01 -4.812980071e+01 -8.3640e-01 -3.8365e+00
5577 0 +1.777761625e-04 -4.812982222e+01 -4.812982222e+01 -8.3595e-01 -3.8387e+00
6661 0 +1.584378695e-04 -4.812984156e+01 -4.812984156e+01 -8.3550e-01 -3.8407e+00
7705 0 +1.411994457e-04 -4.812985880e+01 -4.812985880e+01 -8.3506e-01 -3.8427e+00
8709 0 +1.258633747e-04 -4.812987414e+01 -4.812987414e+01 -8.3465e-01 -3.8446e+00
10565 0 +1.121919060e-04 -4.812988781e+01 -4.812988781e+01 -8.3425e-01 -3.8465e+00
12425 0 +9.999662726e-05 -4.812990000e+01 -4.812990000e+01 -8.3386e-01 -3.8482e+00
14213 0 +8.911247716e-05 -4.812991089e+01 -4.812991089e+01 -8.3349e-01 -3.8500e+00
16433 0 +7.942760319e-05 -4.812992057e+01 -4.812992057e+01 -8.3313e-01 -3.8516e+00
19748 0 +7.078883141e-05 -4.812992921e+01 -4.812992921e+01 -8.3279e-01 -3.8532e+00
20000 0 +7.016006457e-05 -4.812992984e+01 -4.812992984e+01 -8.3276e-01 -3.8533e+00
