% f evaluations | g evaluations | best noise-free fitness - Fopt (-5.235000000000e+01) + sum g_i+ | measured fitness | best measured fitness or single-digit g-values | x1 | x2...
1 0 +3.680316576e+01 -1.554683424e+01 -1.554683424e+01
19 0 +3.173390918e+01 -2.061609082e+01 -2.061609082e+01
44 0 +3.108198333e+01 -2.126801667e+01 -2.126801667e+01
113 0 +2.516238851e+01 -2.718761149e+01 -2.718761149e+01
115 0 +2.457196086e+01 -2.777803914e+01 -2.777803914e+01
139 0 +2.192287119e+01 -3.042712881e+01 -3.042712881e+01
175 0 +1.984693470e+01 -3.250306530e+01 -3.250306530e+01
629 0 +1.769687172e+01 -3.465312828e+01 -3.465312828e+01
640 0 +1.555790988e+01 -3.679209012e+01 -3.679209012e+01
641 0 +1.277862175e+01 -3.957137825e+01 -3.957137825e+01
645 0 +1.207702424e+01 -4.027297576e+01 -4.027297576e+01
651 0 +1.086772352e+01 -4.148227648e+01 -4.148227648e+01
655 0 +9.648248195e+00 -4.270175180e+01 -4.270175180e+01
660 0 +8.528059738e+00 -4.382194026e+01 -4.382194026e+01
668 0 +7.482166591e+00 -4.486783341e+01 -4.486783341e+01
678 0 +6.640148647e+00 -4.570985135e+01 -4.570985135e+01
680 0 +6.111524345e+00 -4.623847565e+01 -4.623847565e+01
681 0 +5.254095127e+00 -4.709590487e+01 -4.709590487e+01
688 0 +5.003007049e+00 -4.734699295e+01 -4.734699295e+01
694 0 +4.397631087e+00 -4.795236891e+01 -4.795236891e+01
695 0 +3.781900543e+00 -4.856809946e+01 -4.856809946e+01
708 0 +3.168924094e+00 -4.918107591e+01 -4.918107591e+01
714 0 +3.038471028e+00 -4.931152897e+01 -4.931152897e+01
715 0 +2.733735260e+00 -4.961626474e+01 -4.961626474e+01
718 0 +2.499177385e+00 -4.985082262e+01 -4.985082262e+01
721 0 +1.620118525e+00 -5.072988147e+01 -5.072988147e+01
726 0 +1.490470950e+00 -5.085952905e+01 -5.085952905e+01
734 0 +1.350868429e+00 -5.099913157e+01 -5.099913157e+01
735 0 +1.109347226e+00 -5.124065277e+01 -5.124065277e+01
740 0 +9.825757168e-01 -5.136742428e+01 -5.136742428e+01
751 0 +6.992855412e-01 -5.165071446e+01 -5.165071446e+01
761 0 +6.004609177e-01 -5.174953908e+01 -5.174953908e+01
809 0 +5.482376671e-01 -5.180176233e+01 -5.180176233e+01
811 0 +4.919283864e-01 -5.185807161e+01 -5.185807161e+01
826 0 +3.503174608e-01 -5.199968254e+01 -5.199968254e+01
845 0 +3.072359398e-01 -5.204276406e+01 -5.204276406e+01
868 0 +2.160463514e-01 -5.213395365e+01 -5.213395365e+01
933 0 +1.876944131e-01 -5.216230559e+01 -5.216230559e+01
940 0 +1.762951221e-01 -5.217370488e+01 -5.217370488e+01
942 0 +1.574919653e-01 -5.219250803e+01 -5.219250803e+01
948 0 +1.158023175e-01 -5.223419768e+01 -5.223419768e+01
954 0 +1.046521043e-01 -5.224534790e+01 -5.224534790e+01
958 0 +8.890785865e-02 -5.226109214e+01 -5.226109214e+01
987 0 +6.619893849e-02 -5.228380106e+01 -5.228380106e+01
1050 0 +6.247635479e-02 -5.228752365e+01 -5.228752365e+01
1056 0 +5.380056345e-02 -5.229619944e+01 -5.229619944e+01
1073 0 +4.898764710e-02 -5.230101235e+01 -5.230101235e+01
1115 0 +4.390518545e-02 -5.230609481e+01 -5.230609481e+01
1166 0 +3.629626740e-02 -5.231370373e+01 -5.231370373e+01
1171 0 +2.756815528e-02 -5.232243184e+01 -5.232243184e+01
1255 0 +2.290074002e-02 -5.232709926e+01 -5.232709926e+01
1260 0 +2.198641303e-02 -5.232801359e+01 -5.232801359e+01
1290 0 +1.686797954e-02 -5.233313202e+01 -5.233313202e+01
1407 0 +1.537471004e-02 -5.233462529e+01 -5.233462529e+01
1452 0 +1.374563936e-02 -5.233625436e+01 -5.233625436e+01
1492 0 +1.207448439e-02 -5.233792552e+01 -5.233792552e+01
1514 0 +1.109041773e-02 -5.233890958e+01 -5.233890958e+01
1517 0 +9.589798102e-03 -5.234041020e+01 -5.234041020e+01
1572 0 +8.566004233e-03 -5.234143400e+01 -5.234143400e+01
1581 0 +7.752543032e-03 -5.234224746e+01 -5.234224746e+01
1693 0 +7.038595416e-03 -5.234296140e+01 -5.234296140e+01
1806 0 +6.304713830e-03 -5.234369529e+01 -5.234369529e+01
1882 0 +5.613940132e-03 -5.234438606e+01 -5.234438606e+01
2019 0 +5.009709510e-03 -5.234499029e+01 -5.234499029e+01
2332 0 +4.461146634e-03 -5.234553885e+01 -5.234553885e+01
2566 0 +3.976873104e-03 -5.234602313e+01 -5.234602313e+01
3086 0 +3.512541054e-03 -5.234648746e+01 -5.234648746e+01
3332 0 +3.161134975e-03 -5.234683887e+01 -5.234683887e+01
3814 0 +2.817254793e-03 -5.234718275e+01 -5.234718275e+01
4563 0 +2.511587555e-03 -5.234748841e+01 -5.234748841e+01
4969 0 +2.236061125e-03 -5.234776394e+01 -5.234776394e+01
5607 0 +1.992304617e-03 -5.234800770e+01 -5.234800770e+01
6369 0 +1.777208973e-03 -5.234822279e+01 -5.234822279e+01
7206 0 +1.584434803e-03 -5.234841557e+01 -5.234841557e+01
7883 0 +1.412302901e-03 -5.234858770e+01 -5.234858770e+01
8577 0 +1.258210929e-03 -5.234874179e+01 -5.234874179e+01
9243 0 +1.120121091e-03 -5.234887988e+01 -5.234887988e+01
10123 0 +9.996917402e-04 -5.234900031e+01 -5.234900031e+01
11603 0 +8.903988420e-04 -5.234910960e+01 -5.234910960e+01
13116 0 +7.942911057e-04 -5.234920571e+01 -5.234920571e+01
15249 0 +7.079061333e-04 -5.234929209e+01 -5.234929209e+01
17996 0 +6.309241213e-04 -5.234936908e+01 -5.234936908e+01
22014 0 +5.622988258e-04 -5.234943770e+01 -5.234943770e+01
27337 0 +5.011298691e-04 -5.234949887e+01 -5.234949887e+01
32686 0 +4.466495722e-04 -5.234955335e+01 -5.234955335e+01
40145 0 +3.980952907e-04 -5.234960190e+01 -5.234960190e+01
46182 0 +3.548004474e-04 -5.234964520e+01 -5.234964520e+01
52526 0 +3.161038170e-04 -5.234968390e+01 -5.234968390e+01
61323 0 +2.818246402e-04 -5.234971818e+01 -5.234971818e+01
71163 0 +2.511510395e-04 -5.234974885e+01 -5.234974885e+01
80003 0 +2.238359703e-04 -5.234977616e+01 -5.234977616e+01
92051 0 +1.995239653e-04 -5.234980048e+01 -5.234980048e+01
111846 0 +1.778115375e-04 -5.234982219e+01 -5.234982219e+01
126646 0 +1.584831115e-04 -5.234984152e+01 -5.234984152e+01
142614 0 +1.412536822e-04 -5.234985875e+01 -5.234985875e+01
163246 0 +1.258706986e-04 -5.234987413e+01 -5.234987413e+01
194025 0 +1.121981247e-04 -5.234988780e+01 -5.234988780e+01
200000 0 +1.090539671e-04 -5.234989095e+01 -5.234989095e+01
% f evaluations | g evaluations | best noise-free fitness - Fopt (-1.795400000000e+02) + sum g_i+ | measured fitness | best measured fitness or single-digit g-values | x1 | x2...
1 0 +5.080463025e+01 -1.287353697e+02 -1.287353697e+02
3 0 +3.326472471e+01 -1.462752753e+02 -1.462752753e+02
15 0 +2.786930009e+01 -1.516706999e+02 -1.516706999e+02
108 0 +2.328221365e+01 -1.562577864e+02 -1.562577864e+02
150 0 +2.192644021e+01 -1.576135598e+02 -1.576135598e+02
642 0 +1.932214485e+01 -1.602178551e+02 -1.602178551e+02
650 0 +1.716309725e+01 -1.623769027e+02 -1.623769027e+02
652 0 +1.495281593e+01 -1.645871841e+02 -1.645871841e+02
656 0 +1.304211850e+01 -1.664978815e+02 -1.664978815e+02
658 0 +1.237816774e+01 -1.671618323e+02 -1.671618323e+02
662 0 +1.087531508e+01 -1.686646849e+02 -1.686646849e+02
675 0 +9.417382959e+00 -1.701226170e+02 -1.701226170e+02
678 0 +8.481514627e+00 -1.710584854e+02 -1.710584854e+02
681 0 +7.448067217e+00 -1.720919328e+02 -1.720919328e+02
685 0 +6.940154577e+00 -1.725998454e+02 -1.725998454e+02
690 0 +6.216714655e+00 -1.733232853e+02 -1.733232853e+02
692 0 +5.550006945e+00 -1.739899931e+02 -1.739899931e+02
700 0 +4.700350900e+00 -1.748396491e+02 -1.748396491e+02
702 0 +4.166713970e+00 -1.753732860e+02 -1.753732860e+02
714 0 +3.976285080e+00 -1.755637149e+02 -1.755637149e+02
718 0 +2.978020228e+00 -1.765619798e+02 -1.765619798e+02
720 0 +2.637108987e+00 -1.769028910e+02 -1.769028910e+02
721 0 +2.305376462e+00 -1.772346235e+02 -1.772346235e+02
732 0 +2.085541615e+00 -1.774544584e+02 -1.774544584e+02
738 0 +1.464449162e+00 -1.780755508e+02 -1.780755508e+02
742 0 +1.265351307e+00 -1.782746487e+02 -1.782746487e+02
744 0 +1.246566664e+00 -1.782934333e+02 -1.782934333e+02
748 0 +1.070516400e+00 -1.784694836e+02 -1.784694836e+02
758 0 +8.345305371e-01 -1.787054695e+02 -1.787054695e+02
783 0 +6.898681138e-01 -1.788501319e+02 -1.788501319e+02
817 0 +6.023464720e-01 -1.789376535e+02 -1.789376535e+02
893 0 +4.936860336e-01 -1.790463140e+02 -1.790463140e+02
925 0 +4.443822885e-01 -1.790956177e+02 -1.790956177e+02
927 0 +3.853919441e-01 -1.791546081e+02 -1.791546081e+02
935 0 +3.544310735e-01 -1.791855689e+02 -1.791855689e+02
955 0 +2.867660189e-01 -1.792532340e+02 -1.792532340e+02
977 0 +2.713013681e-01 -1.792686986e+02 -1.792686986e+02
1058 0 +2.399129328e-01 -1.793000871e+02 -1.793000871e+02
1065 0 +2.154134474e-01 -1.793245866e+02 -1.793245866e+02
1067 0 +1.511215996e-01 -1.793888784e+02 -1.793888784e+02
1089 0 +1.409041029e-01 -1.793990959e+02 -1.793990959e+02
1104 0 +1.187416594e-01 -1.794212583e+02 -1.794212583e+02
1124 0 +1.030868446e-01 -1.794369132e+02 -1.794369132e+02
1203 0 +9.515606066e-02 -1.794448439e+02 -1.794448439e+02
1216 0 +8.560665321e-02 -1.794543933e+02 -1.794543933e+02
1247 0 +7.449177448e-02 -1.794655082e+02 -1.794655082e+02
1262 0 +6.542361421e-02 -1.794745764e+02 -1.794745764e+02
1272 0 +6.193658569e-02 -1.794780634e+02 -1.794780634e+02
1372 0 +5.499753727e-02 -1.794850025e+02 -1.794850025e+02
1383 0 +4.952155139e-02 -1.794904784e+02 -1.794904784e+02
1397 0 +4.385628789e-02 -1.794961437e+02 -1.794961437e+02
1484 0 +3.963825791e-02 -1.795003617e+02 -1.795003617e+02
1492 0 +3.373805491e-02 -1.795062619e+02 -1.795062619e+02
1498 0 +2.926394265e-02 -1.795107361e+02 -1.795107361e+02
1538 0 +2.766605587e-02 -1.795123339e+02 -1.795123339e+02
1576 0 +2.468345224e-02 -1.795153165e+02 -1.795153165e+02
1578 0 +2.022065291e-02 -1.795197793e+02 -1.795197793e+02
1652 0 +1.967459579e-02 -1.795203254e+02 -1.795203254e+02
1692 0 +1.775611835e-02 -1.795222439e+02 -1.795222439e+02
1744 0 +1.517021585e-02 -1.795248298e+02 -1.795248298e+02
1865 0 +1.410423576e-02 -1.795258958e+02 -1.795258958e+02
1907 0 +1.252988539e-02 -1.795274701e+02 -1.795274701e+02
1992 0 +1.118946516e-02 -1.795288105e+02 -1.795288105e+02
2064 0 +9.552962427e-03 -1.795304470e+02 -1.795304470e+02
2104 0 +8.771663270e-03 -1.795312283e+02 -1.795312283e+02
2149 0 +7.874232719e-03 -1.795321258e+02 -1.795321258e+02
2224 0 +6.907261741e-03 -1.795330927e+02 -1.795330927e+02
2332 0 +6.101420195e-03 -1.795338986e+02 -1.795338986e+02
2372 0 +5.585416490e-03 -1.795344146e+02 -1.795344146e+02
2452 0 +4.860996732e-03 -1.795351390e+02 -1.795351390e+02
2515 0 +4.461732110e-03 -1.795355383e+02 -1.795355383e+02
2744 0 +3.941594267e-03 -1.795360584e+02 -1.795360584e+02
2854 0 +3.543867505e-03 -1.795364561e+02 -1.795364561e+02
2974 0 +3.159673139e-03 -1.795368403e+02 -1.795368403e+02
3096 0 +2.816066024e-03 -1.795371839e+02 -1.795371839e+02
3426 0 +2.502254742e-03 -1.795374977e+02 -1.795374977e+02
3725 0 +2.235499310e-03 -1.795377645e+02 -1.795377645e+02
3938 0 +1.992302368e-03 -1.795380077e+02 -1.795380077e+02
4174 0 +1.755522245e-03 -1.795382445e+02 -1.795382445e+02
4492 0 +1.581015450e-03 -1.795384190e+02 -1.795384190e+02
4867 0 +1.411964640e-03 -1.795385880e+02 -1.795385880e+02
5252 0 +1.256063602e-03 -1.795387439e+02 -1.795387439e+02
5652 0 +1.117641483e-03 -1.795388824e+02 -1.795388824e+02
6300 0 +9.998718299e-04 -1.795390001e+02 -1.795390001e+02
6932 0 +8.910228098e-04 -1.795391090e+02 -1.795391090e+02
7513 0 +7.939676599e-04 -1.795392060e+02 -1.795392060e+02
8193 0 +7.076528120e-04 -1.795392923e+02 -1.795392923e+02
9528 0 +6.300699840e-04 -1.795393699e+02 -1.795393699e+02
10550 0 +5.620748109e-04 -1.795394379e+02 -1.795394379e+02
11626 0 +5.011057114e-04 -1.795394989e+02 -1.795394989e+02
13544 0 +4.465482953e-04 -1.795395535e+02 -1.795395535e+02
15125 0 +3.980747611e-04 -1.795396019e+02 -1.795396019e+02
16968 0 +3.547433768e-04 -1.795396453e+02 -1.795396453e+02
18913 0 +3.161934489e-04 -1.795396838e+02 -1.795396838e+02
22340 0 +2.818195327e-04 -1.795397182e+02 -1.795397182e+02
25498 0 +2.511685128e-04 -1.795397488e+02 -1.795397488e+02
28768 0 +2.238245168e-04 -1.795397762e+02 -1.795397762e+02
35328 0 +1.994785094e-04 -1.795398005e+02 -1.795398005e+02
41292 0 +1.777973446e-04 -1.795398222e+02 -1.795398222e+02
47272 0 +1.584892155e-04 -1.795398415e+02 -1.795398415e+02
56792 0 +1.412480026e-04 -1.795398588e+02 -1.795398588e+02
66993 0 +1.258915076e-04 -1.795398741e+02 -1.795398741e+02
76812 0 +1.121991100e-04 -1.795398878e+02 -1.795398878e+02
88146 0 +9.999846682e-05 -1.795399000e+02 -1.795399000e+02
106753 0 +8.912499800e-05 -1.795399109e+02 -1.795399109e+02
124224 0 +7.942998670e-05 -1.795399206e+02 -1.795399206e+02
140290 0 +7.079362172e-05 -1.795399292e+02 -1.795399292e+02
156134 0 +6.308734507e-05 -1.795399369e+02 -1.795399369e+02
187507 0 +5.623335881e-05 -1.795399438e+02 -1.795399438e+02
200000 0 +5.354606515e-05 -1.795399465e+02 -1.795399465e+02
% f evaluations | g evaluations | best noise-free fitness - Fopt (7.731000000000e+01) + sum g_i+ | measured fitness | best measured fitness or single-digit g-values | x1 | x2...
1 0 +2.420831801e+01 +1.015183180e+02 +1.015183180e+02
3 0 +2.346800010e+01 +1.007780001e+02 +1.007780001e+02
5 0 +2.173756538e+01 +9.904756538e+01 +9.904756538e+01
6 0 +1.950417427e+01 +9.681417427e+01 +9.681417427e+01
9 0 +1.525617642e+01 +9.256617642e+01 +9.256617642e+01
96 0 +1.344119114e+01 +9.075119114e+01 +9.075119114e+01
634 0 +1.225072935e+01 +8.956072935e+01 +8.956072935e+01
640 0 +1.009903318e+01 +8.740903318e+01 +8.740903318e+01
642 0 +9.640740879e+00 +8.695074088e+01 +8.695074088e+01
649 0 +8.153214470e+00 +8.546321447e+01 +8.546321447e+01
653 0 +7.712239168e+00 +8.502223917e+01 +8.502223917e+01
657 0 +6.650454117e+00 +8.396045412e+01 +8.396045412e+01
660 0 +6.303784005e+00 +8.361378401e+01 +8.361378401e+01
662 0 +5.438210754e+00 +8.274821075e+01 +8.274821075e+01
674 0 +4.513676225e+00 +8.182367623e+01 +8.182367623e+01
675 0 +4.352956160e+00 +8.166295616e+01 +8.166295616e+01
680 0 +3.671627046e+00 +8.098162705e+01 +8.098162705e+01
682 0 +3.442360485e+00 +8.075236048e+01 +8.075236048e+01
697 0 +2.512830864e+00 +7.982283086e+01 +7.982283086e+01
700 0 +2.493333959e+00 +7.980333396e+01 +7.980333396e+01
714 0 +1.800453774e+00 +7.911045377e+01 +7.911045377e+01
720 0 +1.446797681e+00 +7.875679768e+01 +7.875679768e+01
725 0 +1.359594987e+00 +7.866959499e+01 +7.866959499e+01
729 0 +1.219832805e+00 +7.852983280e+01 +7.852983280e+01
737 0 +1.026998333e+00 +7.833699833e+01 +7.833699833e+01
751 0 +9.761017810e-01 +7.828610178e+01 +7.828610178e+01
754 0 +7.966212012e-01 +7.810662120e+01 +7.810662120e+01
776 0 +6.540630331e-01 +7.796406303e+01 +7.796406303e+01
779 0 +5.701620036e-01 +7.788016200e+01 +7.788016200e+01
847 0 +5.178789483e-01 +7.782787895e+01 +7.782787895e+01
855 0 +4.923939856e-01 +7.780239399e+01 +7.780239399e+01
860 0 +4.171274860e-01 +7.772712749e+01 +7.772712749e+01
872 0 +3.648270566e-01 +7.767482706e+01 +7.767482706e+01
886 0 +3.389107046e-01 +7.764891070e+01 +7.764891070e+01
910 0 +2.969961540e-01 +7.760699615e+01 +7.760699615e+01
928 0 +2.749988109e-01 +7.758499881e+01 +7.758499881e+01
933 0 +2.108224900e-01 +7.752082249e+01 +7.752082249e+01
945 0 +1.764069352e-01 +7.748640694e+01 +7.748640694e+01
1010 0 +1.559862953e-01 +7.746598630e+01 +7.746598630e+01
1040 0 +1.206687827e-01 +7.743066878e+01 +7.743066878e+01
1096 0 +1.077834880e-01 +7.741778349e+01 +7.741778349e+01
1129 0 +8.896484864e-02 +7.739896485e+01 +7.739896485e+01
1224 0 +7.485425032e-02 +7.738485425e+01 +7.738485425e+01
1250 0 +6.485154240e-02 +7.737485154e+01 +7.737485154e+01
1285 0 +6.309179602e-02 +7.737309180e+01 +7.737309180e+01
1290 0 +5.149051969e-02 +7.736149052e+01 +7.736149052e+01
1298 0 +4.560317682e-02 +7.735560318e+01 +7.735560318e+01
1367 0 +4.416536639e-02 +7.735416537e+01 +7.735416537e+01
1379 0 +3.885466781e-02 +7.734885467e+01 +7.734885467e+01
1399 0 +3.469567456e-02 +7.734469567e+01 +7.734469567e+01
1436 0 +2.863020861e-02 +7.733863021e+01 +7.733863021e+01
1437 0 +2.787233645e-02 +7.733787234e+01 +7.733787234e+01
1463 0 +2.405928816e-02 +7.733405929e+01 +7.733405929e+01
1479 0 +2.201497857e-02 +7.733201498e+01 +7.733201498e+01
1498 0 +1.852463833e-02 +7.732852464e+01 +7.732852464e+01
1567 0 +1.709312073e-02 +7.732709312e+01 +7.732709312e+01
1584 0 +1.531437341e-02 +7.732531437e+01 +7.732531437e+01
1664 0 +1.404508137e-02 +7.732404508e+01 +7.732404508e+01
1688 0 +1.244775185e-02 +7.732244775e+01 +7.732244775e+01
1717 0 +1.074542154e-02 +7.732074542e+01 +7.732074542e+01
1739 0 +9.748877734e-03 +7.731974888e+01 +7.731974888e+01
1757 0 +8.733744621e-03 +7.731873374e+01 +7.731873374e+01
1797 0 +7.096332519e-03 +7.731709633e+01 +7.731709633e+01
1799 0 +6.615895314e-03 +7.731661590e+01 +7.731661590e+01
1821 0 +6.269357127e-03 +7.731626936e+01 +7.731626936e+01
1871 0 +5.461884685e-03 +7.731546188e+01 +7.731546188e+01
1915 0 +4.963020378e-03 +7.731496302e+01 +7.731496302e+01
1999 0 +4.349105890e-03 +7.731434911e+01 +7.731434911e+01
2116 0 +3.909644438e-03 +7.731390964e+01 +7.731390964e+01
2277 0 +3.528621349e-03 +7.731352862e+01 +7.731352862e+01
2376 0 +3.156346847e-03 +7.731315635e+01 +7.731315635e+01
2489 0 +2.800395901e-03 +7.731280040e+01 +7.731280040e+01
2597 0 +2.500854430e-03 +7.731250085e+01 +7.731250085e+01
2753 0 +2.237763540e-03 +7.731223776e+01 +7.731223776e+01
2905 0 +1.990447372e-03 +7.731199045e+01 +7.731199045e+01
3059 0 +1.766369363e-03 +7.731176637e+01 +7.731176637e+01
3271 0 +1.581937839e-03 +7.731158194e+01 +7.731158194e+01
3431 0 +1.403569213e-03 +7.731140357e+01 +7.731140357e+01
3631 0 +1.256179604e-03 +7.731125618e+01 +7.731125618e+01
3821 0 +1.121709093e-03 +7.731112171e+01 +7.731112171e+01
4271 0 +9.936129124e-04 +7.731099361e+01 +7.731099361e+01
4782 0 +8.902593344e-04 +7.731089026e+01 +7.731089026e+01
5266 0 +7.911211460e-04 +7.731079112e+01 +7.731079112e+01
5761 0 +7.071942294e-04 +7.731070719e+01 +7.731070719e+01
6417 0 +6.308919127e-04 +7.731063089e+01 +7.731063089e+01
7216 0 +5.615859677e-04 +7.731056159e+01 +7.731056159e+01
8094 0 +5.009829162e-04 +7.731050098e+01 +7.731050098e+01
9249 0 +4.466690002e-04 +7.731044667e+01 +7.731044667e+01
10357 0 +3.978973498e-04 +7.731039790e+01 +7.731039790e+01
11676 0 +3.547718792e-04 +7.731035477e+01 +7.731035477e+01
13538 0 +3.159205901e-04 +7.731031592e+01 +7.731031592e+01
15216 0 +2.817661864e-04 +7.731028177e+01 +7.731028177e+01
17196 0 +2.511777196e-04 +7.731025118e+01 +7.731025118e+01
19231 0 +2.238334975e-04 +7.731022383e+01 +7.731022383e+01
22169 0 +1.994565393e-04 +7.731019946e+01 +7.731019946e+01
25216 0 +1.777626983e-04 +7.731017776e+01 +7.731017776e+01
28785 0 +1.584775464e-04 +7.731015848e+01 +7.731015848e+01
34049 0 +1.412155001e-04 +7.731014122e+01 +7.731014122e+01
39929 0 +1.258312929e-04 +7.731012583e+01 +7.731012583e+01
48193 0 +1.121949156e-04 +7.731011219e+01 +7.731011219e+01
54008 0 +9.998862149e-05 +7.731009999e+01 +7.731009999e+01
61313 0 +8.912329064e-05 +7.731008912e+01 +7.731008912e+01
76307 0 +7.943246626e-05 +7.731007943e+01 +7.731007943e+01
83489 0 +7.079299279e-05 +7.731007079e+01 +7.731007079e+01
91849 0 +6.309288021e-05 +7.731006309e+01 +7.731006309e+01
105329 0 +5.622977930e-05 +7.731005623e+01 +7.731005623e+01
120606 0 +5.011637421e-05 +7.731005012e+01 +7.731005012e+01
132649 0 +4.466080730e-05 +7.731004466e+01 +7.731004466e+01
145649 0 +3.980652639e-05 +7.731003981e+01 +7.731003981e+01
165689 0 +3.547613410e-05 +7.731003548e+01 +7.731003548e+01
197606 0 +3.161877208e-05 +7.731003162e+01 +7.731003162e+01
200000 0 +3.144206001e-05 +7.731003144e+01 +7.731003144e+01
% f evaluations | g evaluations | best noise-free fitness - Fopt (3.992000000000e+01) + sum g_i+ | measured fitness | best measured fitness or single-digit g-values | x1 | x2...
1 0 +7.115444340e+01 +1.110744434e+02 +1.110744434e+02
5 0 +4.759698281e+01 +8.751698281e+01 +8.751698281e+01
7 0 +4.217548946e+01 +8.209548946e+01 +8.209548946e+01
609 0 +3.854688063e+01 +7.846688063e+01 +7.846688063e+01
611 0 +3.234380650e+01 +7.226380650e+01 +7.226380650e+01
613 0 +2.954444258e+01 +6.946444258e+01 +6.946444258e+01
616 0 +2.699282284e+01 +6.691282284e+01 +6.691282284e+01
620 0 +2.324285273e+01 +6.316285273e+01 +6.316285273e+01
622 0 +2.193846731e+01 +6.185846731e+01 +6.185846731e+01
626 0 +1.973370362e+01 +5.965370362e+01 +5.965370362e+01
631 0 +1.731284131e+01 +5.723284131e+01 +5.723284131e+01
641 0 +1.435939619e+01 +5.427939619e+01 +5.427939619e+01
644 0 +1.267732515e+01 +5.259732515e+01 +5.259732515e+01
648 0 +1.217083963e+01 +5.209083963e+01 +5.209083963e+01
651 0 +1.067208776e+01 +5.059208776e+01 +5.059208776e+01
658 0 +9.968268725e+00 +4.988826873e+01 +4.988826873e+01
662 0 +8.357059800e+00 +4.827705980e+01 +4.827705980e+01
671 0 +7.857132068e+00 +4.777713207e+01 +4.777713207e+01
678 0 +6.948279269e+00 +4.686827927e+01 +4.686827927e+01
681 0 +6.208179703e+00 +4.612817970e+01 +4.612817970e+01
685 0 +4.753943650e+00 +4.467394365e+01 +4.467394365e+01
694 0 +4.119154977e+00 +4.403915498e+01 +4.403915498e+01
696 0 +3.889863139e+00 +4.380986314e+01 +4.380986314e+01
702 0 +3.491797137e+00 +4.341179714e+01 +4.341179714e+01
721 0 +2.955155920e+00 +4.287515592e+01 +4.287515592e+01
724 0 +2.587558131e+00 +4.250755813e+01 +4.250755813e+01
725 0 +1.709653537e+00 +4.162965354e+01 +4.162965354e+01
734 0 +1.410488573e+00 +4.133048857e+01 +4.133048857e+01
751 0 +1.204398213e+00 +4.112439821e+01 +4.112439821e+01
765 0 +8.618215070e-01 +4.078182151e+01 +4.078182151e+01
769 0 +6.885089345e-01 +4.060850893e+01 +4.060850893e+01
854 0 +6.021805207e-01 +4.052218052e+01 +4.052218052e+01
857 0 +5.451467308e-01 +4.046514673e+01 +4.046514673e+01
862 0 +4.552102096e-01 +4.037521021e+01 +4.037521021e+01
863 0 +3.330706160e-01 +4.025307062e+01 +4.025307062e+01
876 0 +2.906683602e-01 +4.021066836e+01 +4.021066836e+01
881 0 +2.500351592e-01 +4.017003516e+01 +4.017003516e+01
913 0 +1.924455797e-01 +4.011244558e+01 +4.011244558e+01
987 0 +1.777866646e-01 +4.009778666e+01 +4.009778666e+01
995 0 +1.456843431e-01 +4.006568434e+01 +4.006568434e+01
1008 0 +1.151144232e-01 +4.003511442e+01 +4.003511442e+01
1045 0 +1.052770324e-01 +4.002527703e+01 +4.002527703e+01
1070 0 +9.814383537e-02 +4.001814384e+01 +4.001814384e+01
1130 0 +8.736952611e-02 +4.000736953e+01 +4.000736953e+01
1145 0 +6.330490353e-02 +3.998330490e+01 +3.998330490e+01
1153 0 +6.289841792e-02 +3.998289842e+01 +3.998289842e+01
1176 0 +4.003593952e-02 +3.996003594e+01 +3.996003594e+01
1244 0 +3.785416698e-02 +3.995785417e+01 +3.995785417e+01
1248 0 +3.217686247e-02 +3.995217686e+01 +3.995217686e+01
1254 0 +3.115844899e-02 +3.995115845e+01 +3.995115845e+01
1377 0 +2.812180309e-02 +3.994812180e+01 +3.994812180e+01
1398 0 +2.457532589e-02 +3.994457533e+01 +3.994457533e+01
1413 0 +2.223654934e-02 +3.994223655e+01 +3.994223655e+01
1435 0 +1.981030787e-02 +3.993981031e+01 +3.993981031e+01
1506 0 +1.733898915e-02 +3.993733899e+01 +3.993733899e+01
1584 0 +1.539322385e-02 +3.993539322e+01 +3.993539322e+01
1641 0 +1.402803679e-02 +3.993402804e+01 +3.993402804e+01
1744 0 +1.225705116e-02 +3.993225705e+01 +3.993225705e+01
1792 0 +1.121217798e-02 +3.993121218e+01 +3.993121218e+01
1906 0 +9.932013117e-03 +3.992993201e+01 +3.992993201e+01
1964 0 +8.775512685e-03 +3.992877551e+01 +3.992877551e+01
2128 0 +7.831708680e-03 +3.992783171e+01 +3.992783171e+01
2233 0 +7.066698064e-03 +3.992706670e+01 +3.992706670e+01
2429 0 +6.280624045e-03 +3.992628062e+01 +3.992628062e+01
2620 0 +5.620652062e-03 +3.992562065e+01 +3.992562065e+01
2886 0 +5.005373908e-03 +3.992500537e+01 +3.992500537e+01
3173 0 +4.466328030e-03 +3.992446633e+01 +3.992446633e+01
3604 0 +3.976472259e-03 +3.992397647e+01 +3.992397647e+01
4001 0 +3.546292080e-03 +3.992354629e+01 +3.992354629e+01
4352 0 +3.162198489e-03 +3.992316220e+01 +3.992316220e+01
4653 0 +2.814523985e-03 +3.992281452e+01 +3.992281452e+01
5006 0 +2.511886223e-03 +3.992251189e+01 +3.992251189e+01
5444 0 +2.221480771e-03 +3.992222148e+01 +3.992222148e+01
6006 0 +1.989136690e-03 +3.992198914e+01 +3.992198914e+01
6813 0 +1.775992218e-03 +3.992177599e+01 +3.992177599e+01
7638 0 +1.583886705e-03 +3.992158389e+01 +3.992158389e+01
9308 0 +1.409257571e-03 +3.992140926e+01 +3.992140926e+01
10293 0 +1.258539491e-03 +3.992125854e+01 +3.992125854e+01
11511 0 +1.121282116e-03 +3.992112128e+01 +3.992112128e+01
13093 0 +9.994685624e-04 +3.992099947e+01 +3.992099947e+01
14536 0 +8.909488395e-04 +3.992089095e+01 +3.992089095e+01
16708 0 +7.939133083e-04 +3.992079391e+01 +3.992079391e+01
18948 0 +7.074067053e-04 +3.992070741e+01 +3.992070741e+01
22148 0 +6.297284164e-04 +3.992062973e+01 +3.992062973e+01
26741 0 +5.620429340e-04 +3.992056204e+01 +3.992056204e+01
28908 0 +5.008158792e-04 +3.992050082e+01 +3.992050082e+01
33144 0 +4.466806482e-04 +3.992044668e+01 +3.992044668e+01
38646 0 +3.979372927e-04 +3.992039794e+01 +3.992039794e+01
45628 0 +3.546014429e-04 +3.992035460e+01 +3.992035460e+01
50225 0 +3.162274088e-04 +3.992031623e+01 +3.992031623e+01
58164 0 +2.817694139e-04 +3.992028177e+01 +3.992028177e+01
66686 0 +2.511510077e-04 +3.992025115e+01 +3.992025115e+01
77828 0 +2.238212680e-04 +3.992022382e+01 +3.992022382e+01
86544 0 +1.995144452e-04 +3.992019951e+01 +3.992019951e+01
98950 0 +1.778254803e-04 +3.992017783e+01 +3.992017783e+01
110006 0 +1.584813197e-04 +3.992015848e+01 +3.992015848e+01
122337 0 +1.412517973e-04 +3.992014125e+01 +3.992014125e+01
138025 0 +1.258924069e-04 +3.992012589e+01 +3.992012589e+01
149352 0 +1.122016857e-04 +3.992011220e+01 +3.992011220e+01
166685 0 +9.999634927e-05 +3.992010000e+01 +3.992010000e+01
191108 0 +8.911681113e-05 +3.992008912e+01 +3.992008912e+01
200000 0 +8.353619258e-05 +3.992008354e+01 +3.992008354e+01
% f evaluations | g evaluations | best noise-free fitness - Fopt (-5.661000000000e+01) + sum g_i+ | measured fitness | best measured fitness or single-digit g-values | x1 | x2...
1 0 +3.349009678e+01 -2.311990322e+01 -2.311990322e+01
17 0 +2.812982968e+01 -2.848017032e+01 -2.848017032e+01
50 0 +2.241818876e+01 -3.419181124e+01 -3.419181124e+01
123 0 +2.134899633e+01 -3.526100367e+01 -3.526100367e+01
137 0 +1.852083140e+01 -3.808916860e+01 -3.808916860e+01
628 0 +1.733853497e+01 -3.927146503e+01 -3.927146503e+01
635 0 +1.531390643e+01 -4.129609357e+01 -4.129609357e+01
648 0 +1.366400682e+01 -4.294599318e+01 -4.294599318e+01
653 0 +1.226080855e+01 -4.434919145e+01 -4.434919145e+01
659 0 +1.035435011e+01 -4.625564989e+01 -4.625564989e+01
671 0 +9.749782889e+00 -4.686021711e+01 -4.686021711e+01
681 0 +8.652446836e+00 -4.795755316e+01 -4.795755316e+01
688 0 +7.898946891e+00 -4.871105311e+01 -4.871105311e+01
696 0 +6.928298094e+00 -4.968170191e+01 -4.968170191e+01
699 0 +6.307837910e+00 -5.030216209e+01 -5.030216209e+01
711 0 +5.600274651e+00 -5.100972535e+01 -5.100972535e+01
721 0 +4.471349400e+00 -5.213865060e+01 -5.213865060e+01
724 0 +4.132766383e+00 -5.247723362e+01 -5.247723362e+01
729 0 +3.962017696e+00 -5.264798230e+01 -5.264798230e+01
734 0 +3.239015507e+00 -5.337098449e+01 -5.337098449e+01
737 0 +2.918121641e+00 -5.369187836e+01 -5.369187836e+01
739 0 +2.741602529e+00 -5.386839747e+01 -5.386839747e+01
750 0 +2.484117597e+00 -5.412588240e+01 -5.412588240e+01
751 0 +2.182956219e+00 -5.442704378e+01 -5.442704378e+01
761 0 +1.592599854e+00 -5.501740015e+01 -5.501740015e+01
764 0 +1.242513585e+00 -5.536748641e+01 -5.536748641e+01
774 0 +6.815285776e-01 -5.592847142e+01 -5.592847142e+01
801 0 +5.697734198e-01 -5.604022658e+01 -5.604022658e+01
849 0 +5.190051191e-01 -5.609099488e+01 -5.609099488e+01
855 0 +4.989662642e-01 -5.611103374e+01 -5.611103374e+01
866 0 +3.553270674e-01 -5.625467293e+01 -5.625467293e+01
869 0 +2.822115576e-01 -5.632778844e+01 -5.632778844e+01
873 0 +2.509491543e-01 -5.635905085e+01 -5.635905085e+01
942 0 +2.126735840e-01 -5.639732642e+01 -5.639732642e+01
956 0 +1.949116735e-01 -5.641508833e+01 -5.641508833e+01
970 0 +1.599441953e-01 -5.645005580e+01 -5.645005580e+01
980 0 +1.552733101e-01 -5.645472669e+01 -5.645472669e+01
1057 0 +1.200908126e-01 -5.648990919e+01 -5.648990919e+01
1077 0 +1.062546418e-01 -5.650374536e+01 -5.650374536e+01
1082 0 +8.727685952e-02 -5.652272314e+01 -5.652272314e+01
1091 0 +7.448591983e-02 -5.653551408e+01 -5.653551408e+01
1108 0 +6.776807654e-02 -5.654223192e+01 -5.654223192e+01
1162 0 +5.432589594e-02 -5.655567410e+01 -5.655567410e+01
1245 0 +4.952923064e-02 -5.656047077e+01 -5.656047077e+01
1257 0 +4.438425254e-02 -5.656561575e+01 -5.656561575e+01
1271 0 +3.231325930e-02 -5.657768674e+01 -5.657768674e+01
1286 0 +3.145524817e-02 -5.657854475e+01 -5.657854475e+01
1290 0 +2.754088368e-02 -5.658245912e+01 -5.658245912e+01
1311 0 +2.415500459e-02 -5.658584500e+01 -5.658584500e+01
1320 0 +2.143540355e-02 -5.658856460e+01 -5.658856460e+01
1335 0 +1.968340690e-02 -5.659031659e+01 -5.659031659e+01
1431 0 +1.662130718e-02 -5.659337869e+01 -5.659337869e+01
1471 0 +1.576488926e-02 -5.659423511e+01 -5.659423511e+01
1577 0 +1.340354303e-02 -5.659659646e+01 -5.659659646e+01
1584 0 +1.242592202e-02 -5.659757408e+01 -5.659757408e+01
1617 0 +1.114007767e-02 -5.659885992e+01 -5.659885992e+01
1659 0 +9.817797773e-03 -5.660018220e+01 -5.660018220e+01
1702 0 +8.629906038e-03 -5.660137009e+01 -5.660137009e+01
1830 0 +7.808137833e-03 -5.660219186e+01 -5.660219186e+01
1870 0 +6.975233111e-03 -5.660302477e+01 -5.660302477e+01
2056 0 +6.304973531e-03 -5.660369503e+01 -5.660369503e+01
2094 0 +5.606349563e-03 -5.660439365e+01 -5.660439365e+01
2154 0 +4.978705836e-03 -5.660502129e+01 -5.660502129e+01
2208 0 +4.459987115e-03 -5.660554001e+01 -5.660554001e+01
2268 0 +3.855619263e-03 -5.660614438e+01 -5.660614438e+01
2466 0 +3.539587769e-03 -5.660646041e+01 -5.660646041e+01
2646 0 +3.159028538e-03 -5.660684097e+01 -5.660684097e+01
2729 0 +2.811892753e-03 -5.660718811e+01 -5.660718811e+01
2826 0 +2.466945734e-03 -5.660753305e+01 -5.660753305e+01
2995 0 +2.233717835e-03 -5.660776628e+01 -5.660776628e+01
3288 0 +1.991395015e-03 -5.660800860e+01 -5.660800860e+01
3593 0 +1.777039821e-03 -5.660822296e+01 -5.660822296e+01
3946 0 +1.574816713e-03 -5.660842518e+01 -5.660842518e+01
4502 0 +1.412004135e-03 -5.660858800e+01 -5.660858800e+01
4986 0 +1.255900827e-03 -5.660874410e+01 -5.660874410e+01
5906 0 +1.120843642e-03 -5.660887916e+01 -5.660887916e+01
6600 0 +9.995642414e-04 -5.660900044e+01 -5.660900044e+01
7506 0 +8.911147187e-04 -5.660910889e+01 -5.660910889e+01
8541 0 +7.937283822e-04 -5.660920627e+01 -5.660920627e+01
10300 0 +7.079270490e-04 -5.660929207e+01 -5.660929207e+01
12094 0 +6.303602980e-04 -5.660936964e+01 -5.660936964e+01
13861 0 +5.621661743e-04 -5.660943783e+01 -5.660943783e+01
15901 0 +5.008137613e-04 -5.660949919e+01 -5.660949919e+01
18817 0 +4.466714847e-04 -5.660955333e+01 -5.660955333e+01
21377 0 +3.976213889e-04 -5.660960238e+01 -5.660960238e+01
24526 0 +3.547797946e-04 -5.660964522e+01 -5.660964522e+01
29082 0 +3.162003417e-04 -5.660968380e+01 -5.660968380e+01
32186 0 +2.818290409e-04 -5.660971817e+01 -5.660971817e+01
35817 0 +2.510371642e-04 -5.660974896e+01 -5.660974896e+01
41659 0 +2.238677999e-04 -5.660977613e+01 -5.660977613e+01
50132 0 +1.995096839e-04 -5.660980049e+01 -5.660980049e+01
55337 0 +1.778135554e-04 -5.660982219e+01 -5.660982219e+01
64482 0 +1.584824120e-04 -5.660984152e+01 -5.660984152e+01
78435 0 +1.412510374e-04 -5.660985875e+01 -5.660985875e+01
92842 0 +1.258884719e-04 -5.660987411e+01 -5.660987411e+01
116741 0 +1.121913452e-04 -5.660988781e+01 -5.660988781e+01
145835 0 +9.999318903e-05 -5.660990001e+01 -5.660990001e+01
173743 0 +8.912062099e-05 -5.660991088e+01 -5.660991088e+01
198682 0 +7.943253127e-05 -5.660992057e+01 -5.660992057e+01
200000 0 +7.890658266e-05 -5.660992109e+01 -5.660992109e+01
% f evaluations | g evaluations | best noise-free fitness - Fopt (-8.901000000000e+01) + sum g_i+ | measured fitness | best measured fitness or single-digit g-values | x1 | x2...
1 0 +1.154219789e+02 +2.641197886e+01 +2.641197886e+01
2 0 +9.437915969e+01 +5.369159694e+00 +5.369159694e+00
53 0 +5.483399924e+01 -3.417600076e+01 -3.417600076e+01
59 0 +4.822219156e+01 -4.078780844e+01 -4.078780844e+01
703 0 +4.370872820e+01 -4.530127180e+01 -4.530127180e+01
708 0 +3.969187215e+01 -4.931812785e+01 -4.931812785e+01
718 0 +3.443478242e+01 -5.457521758e+01 -5.457521758e+01
736 0 +3.045620781e+01 -5.855379219e+01 -5.855379219e+01
740 0 +2.431272412e+01 -6.469727588e+01 -6.469727588e+01
742 0 +2.052221348e+01 -6.848778652e+01 -6.848778652e+01
745 0 +1.983172198e+01 -6.917827802e+01 -6.917827802e+01
765 0 +1.752427885e+01 -7.148572115e+01 -7.148572115e+01
776 0 +1.526772881e+01 -7.374227119e+01 -7.374227119e+01
780 0 +1.320668595e+01 -7.580331405e+01 -7.580331405e+01
782 0 +1.248977727e+01 -7.652022273e+01 -7.652022273e+01
792 0 +1.088148820e+01 -7.812851180e+01 -7.812851180e+01
808 0 +9.296374813e+00 -7.971362519e+01 -7.971362519e+01
809 0 +8.647485332e+00 -8.036251467e+01 -8.036251467e+01
820 0 +7.464820637e+00 -8.154517936e+01 -8.154517936e+01
824 0 +6.582461635e+00 -8.242753837e+01 -8.242753837e+01
830 0 +6.170930611e+00 -8.283906939e+01 -8.283906939e+01
845 0 +5.091340962e+00 -8.391865904e+01 -8.391865904e+01
848 0 +4.545292849e+00 -8.446470715e+01 -8.446470715e+01
849 0 +4.003956108e+00 -8.500604389e+01 -8.500604389e+01
852 0 +3.724862359e+00 -8.528513764e+01 -8.528513764e+01
856 0 +3.530198499e+00 -8.547980150e+01 -8.547980150e+01
860 0 +3.137305499e+00 -8.587269450e+01 -8.587269450e+01
864 0 +2.361301045e+00 -8.664869895e+01 -8.664869895e+01
870 0 +2.120673192e+00 -8.688932681e+01 -8.688932681e+01
885 0 +1.410952073e+00 -8.759904793e+01 -8.759904793e+01
888 0 +1.250492389e+00 -8.775950761e+01 -8.775950761e+01
889 0 +1.024080711e+00 -8.798591929e+01 -8.798591929e+01
933 0 +8.829996818e-01 -8.812700032e+01 -8.812700032e+01
1065 0 +7.483274677e-01 -8.826167253e+01 -8.826167253e+01
1068 0 +5.905122907e-01 -8.841948771e+01 -8.841948771e+01
1074 0 +5.145703778e-01 -8.849542962e+01 -8.849542962e+01
1086 0 +4.698582408e-01 -8.854014176e+01 -8.854014176e+01
1094 0 +4.380978074e-01 -8.857190219e+01 -8.857190219e+01
1097 0 +2.950303309e-01 -8.871496967e+01 -8.871496967e+01
1100 0 +2.482312268e-01 -8.876176877e+01 -8.876176877e+01
1133 0 +1.483692802e-01 -8.886163072e+01 -8.886163072e+01
1205 0 +1.309140932e-01 -8.887908591e+01 -8.887908591e+01
1219 0 +1.181765254e-01 -8.889182347e+01 -8.889182347e+01
1232 0 +9.013993373e-02 -8.891986007e+01 -8.891986007e+01
1294 0 +8.464232681e-02 -8.892535767e+01 -8.892535767e+01
1304 0 +7.194197932e-02 -8.893805802e+01 -8.893805802e+01
1318 0 +6.994186613e-02 -8.894005813e+01 -8.894005813e+01
1348 0 +5.851765189e-02 -8.895148235e+01 -8.895148235e+01
1417 0 +5.612478922e-02 -8.895387521e+01 -8.895387521e+01
1432 0 +4.783659736e-02 -8.896216340e+01 -8.896216340e+01
1437 0 +4.387606831e-02 -8.896612393e+01 -8.896612393e+01
1447 0 +3.758226962e-02 -8.897241773e+01 -8.897241773e+01
1452 0 +3.486211787e-02 -8.897513788e+01 -8.897513788e+01
1510 0 +3.132190381e-02 -8.897867810e+01 -8.897867810e+01
1550 0 +2.798318772e-02 -8.898201681e+01 -8.898201681e+01
1560 0 +2.350573674e-02 -8.898649426e+01 -8.898649426e+01
1574 0 +2.046975656e-02 -8.898953024e+01 -8.898953024e+01
1597 0 +1.985626934e-02 -8.899014373e+01 -8.899014373e+01
1631 0 +1.747415738e-02 -8.899252584e+01 -8.899252584e+01
1657 0 +1.473069233e-02 -8.899526931e+01 -8.899526931e+01
1758 0 +1.384944824e-02 -8.899615055e+01 -8.899615055e+01
1792 0 +1.230991893e-02 -8.899769008e+01 -8.899769008e+01
1913 0 +1.111868234e-02 -8.899888132e+01 -8.899888132e+01
1957 0 +9.978234706e-03 -8.900002177e+01 -8.900002177e+01
1966 0 +8.895060735e-03 -8.900110494e+01 -8.900110494e+01
2080 0 +7.892787271e-03 -8.900210721e+01 -8.900210721e+01
2102 0 +7.010661979e-03 -8.900298934e+01 -8.900298934e+01
2164 0 +6.022077359e-03 -8.900397792e+01 -8.900397792e+01
2282 0 +5.597959737e-03 -8.900440204e+01 -8.900440204e+01
2360 0 +4.971023655e-03 -8.900502898e+01 -8.900502898e+01
2410 0 +4.423859796e-03 -8.900557614e+01 -8.900557614e+01
2606 0 +3.972041760e-03 -8.900602796e+01 -8.900602796e+01
2724 0 +3.537069923e-03 -8.900646293e+01 -8.900646293e+01
2842 0 +3.123235445e-03 -8.900687676e+01 -8.900687676e+01
3047 0 +2.810793749e-03 -8.900718921e+01 -8.900718921e+01
3402 0 +2.503937901e-03 -8.900749606e+01 -8.900749606e+01
3642 0 +2.229856832e-03 -8.900777014e+01 -8.900777014e+01
4044 0 +1.983883181e-03 -8.900801612e+01 -8.900801612e+01
4450 0 +1.774416661e-03 -8.900822558e+01 -8.900822558e+01
4819 0 +1.584480580e-03 -8.900841552e+01 -8.900841552e+01
5298 0 +1.411045167e-03 -8.900858895e+01 -8.900858895e+01
5911 0 +1.257631132e-03 -8.900874237e+01 -8.900874237e+01
6531 0 +1.118618516e-03 -8.900888138e+01 -8.900888138e+01
7377 0 +9.983126033e-04 -8.900900169e+01 -8.900900169e+01
8724 0 +8.892680519e-04 -8.900911073e+01 -8.900911073e+01
10150 0 +7.938004032e-04 -8.900920620e+01 -8.900920620e+01
11512 0 +7.069464682e-04 -8.900929305e+01 -8.900929305e+01
13030 0 +6.306049429e-04 -8.900936940e+01 -8.900936940e+01
14470 0 +5.621325309e-04 -8.900943787e+01 -8.900943787e+01
16014 0 +5.007290603e-04 -8.900949927e+01 -8.900949927e+01
18014 0 +4.466631942e-04 -8.900955334e+01 -8.900955334e+01
20350 0 +3.976822387e-04 -8.900960232e+01 -8.900960232e+01
23694 0 +3.548039042e-04 -8.900964520e+01 -8.900964520e+01
27611 0 +3.160655533e-04 -8.900968393e+01 -8.900968393e+01
32054 0 +2.818011800e-04 -8.900971820e+01 -8.900971820e+01
36162 0 +2.510610394e-04 -8.900974894e+01 -8.900974894e+01
42127 0 +2.238595127e-04 -8.900977614e+01 -8.900977614e+01
49894 0 +1.994856994e-04 -8.900980051e+01 -8.900980051e+01
57327 0 +1.777982228e-04 -8.900982220e+01 -8.900982220e+01
66193 0 +1.584798654e-04 -8.900984152e+01 -8.900984152e+01
77080 0 +1.412459303e-04 -8.900985875e+01 -8.900985875e+01
87816 0 +1.258916045e-04 -8.900987411e+01 -8.900987411e+01
99983 0 +1.121986257e-04 -8.900988780e+01 -8.900988780e+01
112494 0 +9.999643891e-05 -8.900990000e+01 -8.900990000e+01
127524 0 +8.912234483e-05 -8.900991088e+01 -8.900991088e+01
142992 0 +7.942616365e-05 -8.900992057e+01 -8.900992057e+01
161319 0 +7.079087820e-05 -8.900992921e+01 -8.900992921e+01
180543 0 +6.309470140e-05 -8.900993691e+01 -8.900993691e+01
200000 0 +5.729473079e-05 -8.900994271e+01 -8.900994271e+01
% f evaluations | g evaluations | best noise-free fitness - Fopt (-3.352100000000e+02) + sum g_i+ | measured fitness | best measured fitness or single-digit g-values | x1 | x2...
1 0 +5.136489268e+01 -2.838451073e+02 -2.838451073e+02
4 0 +4.648503637e+01 -2.887249636e+02 -2.887249636e+02
7 0 +4.255457718e+01 -2.926554228e+02 -2.926554228e+02
13 0 +3.936649159e+01 -2.958435084e+02 -2.958435084e+02
14 0 +2.816021097e+01 -3.070497890e+02 -3.070497890e+02
16 0 +2.253730570e+01 -3.126726943e+02 -3.126726943e+02
127 0 +2.136912286e+01 -3.138408771e+02 -3.138408771e+02
136 0 +1.806322341e+01 -3.171467766e+02 -3.171467766e+02
149 0 +1.718635969e+01 -3.180236403e+02 -3.180236403e+02
151 0 +1.553965240e+01 -3.196703476e+02 -3.196703476e+02
647 0 +1.223430762e+01 -3.229756924e+02 -3.229756924e+02
652 0 +9.873420947e+00 -3.253365791e+02 -3.253365791e+02
657 0 +8.206166287e+00 -3.270038337e+02 -3.270038337e+02
668 0 +7.901317507e+00 -3.273086825e+02 -3.273086825e+02
669 0 +6.979935555e+00 -3.282300644e+02 -3.282300644e+02
687 0 +6.104842511e+00 -3.291051575e+02 -3.291051575e+02
695 0 +5.170919094e+00 -3.300390809e+02 -3.300390809e+02
702 0 +4.095437412e+00 -3.311145626e+02 -3.311145626e+02
706 0 +3.826286404e+00 -3.313837136e+02 -3.313837136e+02
709 0 +3.213270848e+00 -3.319967292e+02 -3.319967292e+02
711 0 +2.884766364e+00 -3.323252336e+02 -3.323252336e+02
722 0 +2.695121603e+00 -3.325148784e+02 -3.325148784e+02
735 0 +2.348954408e+00 -3.328610456e+02 -3.328610456e+02
740 0 +2.090892868e+00 -3.331191071e+02 -3.331191071e+02
742 0 +1.524663911e+00 -3.336853361e+02 -3.336853361e+02
749 0 +1.156067819e+00 -3.340539322e+02 -3.340539322e+02
767 0 +1.048111654e+00 -3.341618883e+02 -3.341618883e+02
770 0 +9.259076959e-01 -3.342840923e+02 -3.342840923e+02
782 0 +7.745221808e-01 -3.344354778e+02 -3.344354778e+02
794 0 +7.042750756e-01 -3.345057249e+02 -3.345057249e+02
809 0 +6.302795588e-01 -3.345797204e+02 -3.345797204e+02
891 0 +5.578453508e-01 -3.346521546e+02 -3.346521546e+02
896 0 +4.561830771e-01 -3.347538169e+02 -3.347538169e+02
898 0 +3.760300783e-01 -3.348339699e+02 -3.348339699e+02
908 0 +2.962140613e-01 -3.349137859e+02 -3.349137859e+02
924 0 +2.508897410e-01 -3.349591103e+02 -3.349591103e+02
1003 0 +2.069032999e-01 -3.350030967e+02 -3.350030967e+02
1007 0 +1.606397977e-01 -3.350493602e+02 -3.350493602e+02
1014 0 +1.538318116e-01 -3.350561682e+02 -3.350561682e+02
1052 0 +1.310359359e-01 -3.350789641e+02 -3.350789641e+02
1061 0 +1.051815773e-01 -3.351048184e+02 -3.351048184e+02
1103 0 +8.578961846e-02 -3.351242104e+02 -3.351242104e+02
1172 0 +7.876446200e-02 -3.351312355e+02 -3.351312355e+02
1185 0 +6.940833189e-02 -3.351405917e+02 -3.351405917e+02
1235 0 +5.250928246e-02 -3.351574907e+02 -3.351574907e+02
1351 0 +4.930601800e-02 -3.351606940e+02 -3.351606940e+02
1404 0 +3.795078286e-02 -3.351720492e+02 -3.351720492e+02
1464 0 +3.532337128e-02 -3.351746766e+02 -3.351746766e+02
1564 0 +3.147436673e-02 -3.351785256e+02 -3.351785256e+02
1572 0 +2.800045483e-02 -3.351819995e+02 -3.351819995e+02
1644 0 +2.427240703e-02 -3.351857276e+02 -3.351857276e+02
1758 0 +2.154325693e-02 -3.351884567e+02 -3.351884567e+02
1798 0 +1.859297925e-02 -3.351914070e+02 -3.351914070e+02
1813 0 +1.766746020e-02 -3.351923325e+02 -3.351923325e+02
1878 0 +1.556686577e-02 -3.351944331e+02 -3.351944331e+02
1965 0 +1.391424131e-02 -3.351960858e+02 -3.351960858e+02
2088 0 +1.256184944e-02 -3.351974382e+02 -3.351974382e+02
2158 0 +1.104816541e-02 -3.351989518e+02 -3.351989518e+02
2313 0 +9.989449024e-03 -3.352000106e+02 -3.352000106e+02
2392 0 +8.757184835e-03 -3.352012428e+02 -3.352012428e+02
2627 0 +7.768930639e-03 -3.352022311e+02 -3.352022311e+02
2798 0 +7.069473393e-03 -3.352029305e+02 -3.352029305e+02
3003 0 +6.290706747e-03 -3.352037093e+02 -3.352037093e+02
3318 0 +5.613976328e-03 -3.352043860e+02 -3.352043860e+02
3561 0 +5.006460789e-03 -3.352049935e+02 -3.352049935e+02
3827 0 +4.464744739e-03 -3.352055353e+02 -3.352055353e+02
4120 0 +3.976198019e-03 -3.352060238e+02 -3.352060238e+02
4387 0 +3.539715191e-03 -3.352064603e+02 -3.352064603e+02
4747 0 +3.159106886e-03 -3.352068409e+02 -3.352068409e+02
5139 0 +2.818074360e-03 -3.352071819e+02 -3.352071819e+02
5801 0 +2.511708289e-03 -3.352074883e+02 -3.352074883e+02
6319 0 +2.236332873e-03 -3.352077637e+02 -3.352077637e+02
7067 0 +1.988350363e-03 -3.352080116e+02 -3.352080116e+02
7805 0 +1.776086966e-03 -3.352082239e+02 -3.352082239e+02
8639 0 +1.584460879e-03 -3.352084155e+02 -3.352084155e+02
9580 0 +1.412444573e-03 -3.352085876e+02 -3.352085876e+02
10744 0 +1.258767834e-03 -3.352087412e+02 -3.352087412e+02
12359 0 +1.121622216e-03 -3.352088784e+02 -3.352088784e+02
13787 0 +9.989171029e-04 -3.352090011e+02 -3.352090011e+02
15499 0 +8.908692641e-04 -3.352091091e+02 -3.352091091e+02
17319 0 +7.939959058e-04 -3.352092060e+02 -3.352092060e+02
19058 0 +7.078564473e-04 -3.352092921e+02 -3.352092921e+02
20866 0 +6.306830509e-04 -3.352093693e+02 -3.352093693e+02
22867 0 +5.621550099e-04 -3.352094378e+02 -3.352094378e+02
24531 0 +5.011846904e-04 -3.352094988e+02 -3.352094988e+02
26352 0 +4.466827715e-04 -3.352095533e+02 -3.352095533e+02
28620 0 +3.981029092e-04 -3.352096019e+02 -3.352096019e+02
31236 0 +3.547508954e-04 -3.352096452e+02 -3.352096452e+02
34627 0 +3.162042313e-04 -3.352096838e+02 -3.352096838e+02
38556 0 +2.818059945e-04 -3.352097182e+02 -3.352097182e+02
42292 0 +2.511864610e-04 -3.352097488e+02 -3.352097488e+02
46965 0 +2.238714213e-04 -3.352097761e+02 -3.352097761e+02
52509 0 +1.995183745e-04 -3.352098005e+02 -3.352098005e+02
57983 0 +1.778263891e-04 -3.352098222e+02 -3.352098222e+02
64550 0 +1.584726875e-04 -3.352098415e+02 -3.352098415e+02
72039 0 +1.412476555e-04 -3.352098588e+02 -3.352098588e+02
80607 0 +1.258801071e-04 -3.352098741e+02 -3.352098741e+02
88963 0 +1.121989083e-04 -3.352098878e+02 -3.352098878e+02
98756 0 +9.999483052e-05 -3.352099000e+02 -3.352099000e+02
110590 0 +8.912300069e-05 -3.352099109e+02 -3.352099109e+02
124358 0 +7.943187569e-05 -3.352099206e+02 -3.352099206e+02
140849 0 +7.079331510e-05 -3.352099292e+02 -3.352099292e+02
159387 0 +6.309491323e-05 -3.352099369e+02 -3.352099369e+02
181887 0 +5.622616203e-05 -3.352099438e+02 -3.352099438e+02
200000 0 +5.109783643e-05 -3.352099489e+02 -3.352099489e+02
% f evaluations | g evaluations | best noise-free fitness - Fopt (-1.172200000000e+02) + sum g_i+ | measured fitness | best measured fitness or single-digit g-values | x1 | x2...
1 0 +4.927502589e+01 -6.794497411e+01 -6.794497411e+01
5 0 +4.500891994e+01 -7.221108006e+01 -7.221108006e+01
14 0 +3.975629968e+01 -7.746370032e+01 -7.746370032e+01
56 0 +2.813855473e+01 -8.908144527e+01 -8.908144527e+01
176 0 +2.433255040e+01 -9.288744960e+01 -9.288744960e+01
215 0 +2.175849983e+01 -9.546150017e+01 -9.546150017e+01
639 0 +1.961146041e+01 -9.760853959e+01 -9.760853959e+01
650 0 +1.718604178e+01 -1.000339582e+02 -1.000339582e+02
661 0 +1.406453917e+01 -1.031554608e+02 -1.031554608e+02
674 0 +1.171049380e+01 -1.055095062e+02 -1.055095062e+02
676 0 +1.094632172e+01 -1.062736783e+02 -1.062736783e+02
679 0 +8.662803709e+00 -1.085571963e+02 -1.085571963e+02
695 0 +7.560015124e+00 -1.096599849e+02 -1.096599849e+02
701 0 +5.776706177e+00 -1.114432938e+02 -1.114432938e+02
706 0 +5.175041859e+00 -1.120449581e+02 -1.120449581e+02
709 0 +4.543835627e+00 -1.126761644e+02 -1.126761644e+02
714 0 +4.149566229e+00 -1.130704338e+02 -1.130704338e+02
719 0 +3.447944825e+00 -1.137720552e+02 -1.137720552e+02
735 0 +2.767119230e+00 -1.144528808e+02 -1.144528808e+02
741 0 +2.284832888e+00 -1.149351671e+02 -1.149351671e+02
744 0 +1.886541792e+00 -1.153334582e+02 -1.153334582e+02
748 0 +1.655627848e+00 -1.155643722e+02 -1.155643722e+02
751 0 +1.330653448e+00 -1.158893466e+02 -1.158893466e+02
756 0 +1.250522236e+00 -1.159694778e+02 -1.159694778e+02
761 0 +9.678088105e-01 -1.162521912e+02 -1.162521912e+02
810 0 +8.696948402e-01 -1.163503052e+02 -1.163503052e+02
819 0 +7.225271795e-01 -1.164974728e+02 -1.164974728e+02
884 0 +6.505332229e-01 -1.165694668e+02 -1.165694668e+02
889 0 +5.632551273e-01 -1.166567449e+02 -1.166567449e+02
900 0 +4.880956960e-01 -1.167319043e+02 -1.167319043e+02
904 0 +3.062923892e-01 -1.169137076e+02 -1.169137076e+02
920 0 +2.496330806e-01 -1.169703669e+02 -1.169703669e+02
1018 0 +2.213742736e-01 -1.169986257e+02 -1.169986257e+02
1035 0 +1.361658442e-01 -1.170838342e+02 -1.170838342e+02
1088 0 +1.188832875e-01 -1.171011167e+02 -1.171011167e+02
1108 0 +1.082613904e-01 -1.171117386e+02 -1.171117386e+02
1115 0 +8.377252993e-02 -1.171362275e+02 -1.171362275e+02
1122 0 +7.850550757e-02 -1.171414945e+02 -1.171414945e+02
1205 0 +7.032810462e-02 -1.171496719e+02 -1.171496719e+02
1223 0 +5.878949859e-02 -1.171612105e+02 -1.171612105e+02
1237 0 +5.208486394e-02 -1.171679151e+02 -1.171679151e+02
1252 0 +4.781820702e-02 -1.171721818e+02 -1.171721818e+02
1269 0 +4.093693179e-02 -1.171790631e+02 -1.171790631e+02
1274 0 +3.936978990e-02 -1.171806302e+02 -1.171806302e+02
1302 0 +3.504217019e-02 -1.171849578e+02 -1.171849578e+02
1334 0 +3.156329210e-02 -1.171884367e+02 -1.171884367e+02
1425 0 +2.767213276e-02 -1.171923279e+02 -1.171923279e+02
1435 0 +2.431486751e-02 -1.171956851e+02 -1.171956851e+02
1437 0 +2.189202116e-02 -1.171981080e+02 -1.171981080e+02
1469 0 +1.859341189e-02 -1.172014066e+02 -1.172014066e+02
1481 0 +1.692609187e-02 -1.172030739e+02 -1.172030739e+02
1511 0 +1.583478793e-02 -1.172041652e+02 -1.172041652e+02
1608 0 +1.410954213e-02 -1.172058905e+02 -1.172058905e+02
1643 0 +1.224568671e-02 -1.172077543e+02 -1.172077543e+02
1685 0 +1.077696357e-02 -1.172092230e+02 -1.172092230e+02
1752 0 +9.654923482e-03 -1.172103451e+02 -1.172103451e+02
1823 0 +8.860691586e-03 -1.172111393e+02 -1.172111393e+02
1872 0 +7.899717355e-03 -1.172121003e+02 -1.172121003e+02
1914 0 +7.073756541e-03 -1.172129262e+02 -1.172129262e+02
2074 0 +6.279874724e-03 -1.172137201e+02 -1.172137201e+02
2155 0 +5.561221338e-03 -1.172144388e+02 -1.172144388e+02
2248 0 +5.002524466e-03 -1.172149975e+02 -1.172149975e+02
2368 0 +4.406389847e-03 -1.172155936e+02 -1.172155936e+02
2489 0 +3.980322288e-03 -1.172160197e+02 -1.172160197e+02
2788 0 +3.546545059e-03 -1.172164535e+02 -1.172164535e+02
3074 0 +3.157050283e-03 -1.172168429e+02 -1.172168429e+02
3452 0 +2.817514124e-03 -1.172171825e+02 -1.172171825e+02
3663 0 +2.492676197e-03 -1.172175073e+02 -1.172175073e+02
3989 0 +2.231930233e-03 -1.172177681e+02 -1.172177681e+02
4349 0 +1.988142319e-03 -1.172180119e+02 -1.172180119e+02
4822 0 +1.772350470e-03 -1.172182276e+02 -1.172182276e+02
5223 0 +1.580994580e-03 -1.172184190e+02 -1.172184190e+02
5942 0 +1.412045392e-03 -1.172185880e+02 -1.172185880e+02
6972 0 +1.258797834e-03 -1.172187412e+02 -1.172187412e+02
8260 0 +1.121804625e-03 -1.172188782e+02 -1.172188782e+02
9383 0 +9.998784113e-04 -1.172190001e+02 -1.172190001e+02
10878 0 +8.911345901e-04 -1.172191089e+02 -1.172191089e+02
12702 0 +7.935494133e-04 -1.172192065e+02 -1.172192065e+02
13840 0 +7.078584062e-04 -1.172192921e+02 -1.172192921e+02
15653 0 +6.309472954e-04 -1.172193691e+02 -1.172193691e+02
18692 0 +5.620242113e-04 -1.172194380e+02 -1.172194380e+02
22573 0 +5.010280063e-04 -1.172194990e+02 -1.172194990e+02
24502 0 +4.465697368e-04 -1.172195534e+02 -1.172195534e+02
26583 0 +3.979911351e-04 -1.172196020e+02 -1.172196020e+02
30583 0 +3.546368053e-04 -1.172196454e+02 -1.172196454e+02
36069 0 +3.162224122e-04 -1.172196838e+02 -1.172196838e+02
39354 0 +2.818211389e-04 -1.172197182e+02 -1.172197182e+02
43817 0 +2.511802335e-04 -1.172197488e+02 -1.172197488e+02
50521 0 +2.238593645e-04 -1.172197761e+02 -1.172197761e+02
59742 0 +1.994843922e-04 -1.172198005e+02 -1.172198005e+02
64903 0 +1.777774588e-04 -1.172198222e+02 -1.172198222e+02
73517 0 +1.584873216e-04 -1.172198415e+02 -1.172198415e+02
86572 0 +1.412536857e-04 -1.172198587e+02 -1.172198587e+02
99481 0 +1.258922439e-04 -1.172198741e+02 -1.172198741e+02
109182 0 +1.122000022e-04 -1.172198878e+02 -1.172198878e+02
125102 0 +9.998507397e-05 -1.172199000e+02 -1.172199000e+02
146463 0 +8.912350972e-05 -1.172199109e+02 -1.172199109e+02
166158 0 +7.943273135e-05 -1.172199206e+02 -1.172199206e+02
186509 0 +7.079120357e-05 -1.172199292e+02 -1.172199292e+02
200000 0 +6.680106954e-05 -1.172199332e+02 -1.172199332e+02
% f evaluations | g evaluations | best noise-free fitness - Fopt (5.460000000000e+00) + sum g_i+ | measured fitness | best measured fitness or single-digit g-values | x1 | x2...
1 0 +8.602660267e+01 +9.148660267e+01 +9.148660267e+01
11 0 +2.818712699e+01 +3.364712699e+01 +3.364712699e+01
617 0 +2.627505309e+01 +3.173505309e+01 +3.173505309e+01
619 0 +2.314500135e+01 +2.860500135e+01 +2.860500135e+01
622 0 +2.000539440e+01 +2.546539440e+01 +2.546539440e+01
624 0 +1.738748023e+01 +2.284748023e+01 +2.284748023e+01
629 0 +1.464333754e+01 +2.010333754e+01 +2.010333754e+01
638 0 +1.405407280e+01 +1.951407280e+01 +1.951407280e+01
646 0 +1.246522332e+01 +1.792522332e+01 +1.792522332e+01
656 0 +1.121506087e+01 +1.667506087e+01 +1.667506087e+01
660 0 +9.995350280e+00 +1.545535028e+01 +1.545535028e+01
666 0 +8.577434040e+00 +1.403743404e+01 +1.403743404e+01
673 0 +7.415905405e+00 +1.287590540e+01 +1.287590540e+01
678 0 +6.933995272e+00 +1.239399527e+01 +1.239399527e+01
683 0 +5.563434865e+00 +1.102343487e+01 +1.102343487e+01
700 0 +4.306813308e+00 +9.766813308e+00 +9.766813308e+00
706 0 +3.606149509e+00 +9.066149509e+00 +9.066149509e+00
713 0 +3.335868204e+00 +8.795868204e+00 +8.795868204e+00
720 0 +3.017417987e+00 +8.477417987e+00 +8.477417987e+00
723 0 +2.366065522e+00 +7.826065522e+00 +7.826065522e+00
740 0 +1.977440404e+00 +7.437440404e+00 +7.437440404e+00
742 0 +1.310217270e+00 +6.770217270e+00 +6.770217270e+00
744 0 +1.236188115e+00 +6.696188115e+00 +6.696188115e+00
746 0 +1.054458612e+00 +6.514458612e+00 +6.514458612e+00
782 0 +9.259113519e-01 +6.385911352e+00 +6.385911352e+00
792 0 +8.413821343e-01 +6.301382134e+00 +6.301382134e+00
803 0 +7.389390721e-01 +6.198939072e+00 +6.198939072e+00
839 0 +5.630990464e-01 +6.023099046e+00 +6.023099046e+00
885 0 +5.224452263e-01 +5.982445226e+00 +5.982445226e+00
905 0 +4.557727233e-01 +5.915772723e+00 +5.915772723e+00
907 0 +4.333612514e-01 +5.893361251e+00 +5.893361251e+00
910 0 +3.621001106e-01 +5.822100111e+00 +5.822100111e+00
911 0 +3.481804797e-01 +5.808180480e+00 +5.808180480e+00
914 0 +2.966997121e-01 +5.756699712e+00 +5.756699712e+00
943 0 +2.170277944e-01 +5.677027794e+00 +5.677027794e+00
1028 0 +1.983984032e-01 +5.658398403e+00 +5.658398403e+00
1038 0 +1.639662327e-01 +5.623966233e+00 +5.623966233e+00
1040 0 +1.024780866e-01 +5.562478087e+00 +5.562478087e+00
1044 0 +9.963661166e-02 +5.559636612e+00 +5.559636612e+00
1064 0 +8.745232668e-02 +5.547452327e+00 +5.547452327e+00
1083 0 +7.922742973e-02 +5.539227430e+00 +5.539227430e+00
1103 0 +6.895415026e-02 +5.528954150e+00 +5.528954150e+00
1164 0 +6.295512334e-02 +5.522955123e+00 +5.522955123e+00
1173 0 +5.259378462e-02 +5.512593785e+00 +5.512593785e+00
1195 0 +4.898583069e-02 +5.508985831e+00 +5.508985831e+00
1256 0 +4.456190200e-02 +5.504561902e+00 +5.504561902e+00
1280 0 +3.848221071e-02 +5.498482211e+00 +5.498482211e+00
1284 0 +3.135029283e-02 +5.491350293e+00 +5.491350293e+00
1286 0 +2.752034065e-02 +5.487520341e+00 +5.487520341e+00
1366 0 +2.420033047e-02 +5.484200330e+00 +5.484200330e+00
1389 0 +2.216282565e-02 +5.482162826e+00 +5.482162826e+00
1444 0 +1.892837341e-02 +5.478928373e+00 +5.478928373e+00
1541 0 +1.721542613e-02 +5.477215426e+00 +5.477215426e+00
1562 0 +1.554412924e-02 +5.475544129e+00 +5.475544129e+00
1587 0 +1.382269382e-02 +5.473822694e+00 +5.473822694e+00
1640 0 +1.190541807e-02 +5.471905418e+00 +5.471905418e+00
1695 0 +1.113472760e-02 +5.471134728e+00 +5.471134728e+00
1706 0 +9.841894316e-03 +5.469841894e+00 +5.469841894e+00
1813 0 +8.881613562e-03 +5.468881614e+00 +5.468881614e+00
1861 0 +7.823075039e-03 +5.467823075e+00 +5.467823075e+00
1897 0 +7.048403400e-03 +5.467048403e+00 +5.467048403e+00
1941 0 +6.195351819e-03 +5.466195352e+00 +5.466195352e+00
1984 0 +5.534139887e-03 +5.465534140e+00 +5.465534140e+00
2097 0 +4.916581244e-03 +5.464916581e+00 +5.464916581e+00
2140 0 +4.397318586e-03 +5.464397319e+00 +5.464397319e+00
2181 0 +3.966030397e-03 +5.463966030e+00 +5.463966030e+00
2260 0 +3.530333249e-03 +5.463530333e+00 +5.463530333e+00
2470 0 +3.154698931e-03 +5.463154699e+00 +5.463154699e+00
2737 0 +2.809682765e-03 +5.462809683e+00 +5.462809683e+00
2880 0 +2.508531138e-03 +5.462508531e+00 +5.462508531e+00
3082 0 +2.233176794e-03 +5.462233177e+00 +5.462233177e+00
3377 0 +1.984547915e-03 +5.461984548e+00 +5.461984548e+00
3634 0 +1.776275097e-03 +5.461776275e+00 +5.461776275e+00
4113 0 +1.583937064e-03 +5.461583937e+00 +5.461583937e+00
4593 0 +1.412070827e-03 +5.461412071e+00 +5.461412071e+00
5244 0 +1.257743710e-03 +5.461257744e+00 +5.461257744e+00
5937 0 +1.118816178e-03 +5.461118816e+00 +5.461118816e+00
6522 0 +9.995505875e-04 +5.460999551e+00 +5.460999551e+00
7457 0 +8.905824546e-04 +5.460890582e+00 +5.460890582e+00
8177 0 +7.941135309e-04 +5.460794114e+00 +5.460794114e+00
9002 0 +7.071348758e-04 +5.460707135e+00 +5.460707135e+00
10002 0 +6.304158063e-04 +5.460630416e+00 +5.460630416e+00
11384 0 +5.623049806e-04 +5.460562305e+00 +5.460562305e+00
12845 0 +5.010582752e-04 +5.460501058e+00 +5.460501058e+00
14522 0 +4.465466802e-04 +5.460446547e+00 +5.460446547e+00
16568 0 +3.981035877e-04 +5.460398104e+00 +5.460398104e+00
19322 0 +3.547219327e-04 +5.460354722e+00 +5.460354722e+00
21777 0 +3.161443459e-04 +5.460316144e+00 +5.460316144e+00
24447 0 +2.818352964e-04 +5.460281835e+00 +5.460281835e+00
27453 0 +2.511809397e-04 +5.460251181e+00 +5.460251181e+00
30746 0 +2.238523772e-04 +5.460223852e+00 +5.460223852e+00
35242 0 +1.993931991e-04 +5.460199393e+00 +5.460199393e+00
41357 0 +1.778135786e-04 +5.460177814e+00 +5.460177814e+00
48457 0 +1.584820669e-04 +5.460158482e+00 +5.460158482e+00
55137 0 +1.412371761e-04 +5.460141237e+00 +5.460141237e+00
62217 0 +1.258876657e-04 +5.460125888e+00 +5.460125888e+00
70373 0 +1.122016161e-04 +5.460112202e+00 +5.460112202e+00
79697 0 +9.999915006e-05 +5.460099999e+00 +5.460099999e+00
90697 0 +8.912043026e-05 +5.460089120e+00 +5.460089120e+00
103057 0 +7.943221899e-05 +5.460079432e+00 +5.460079432e+00
116020 0 +7.079203961e-05 +5.460070792e+00 +5.460070792e+00
130836 0 +6.309375096e-05 +5.460063094e+00 +5.460063094e+00
150612 0 +5.623332640e-05 +5.460056233e+00 +5.460056233e+00
178377 0 +5.011692060e-05 +5.460050117e+00 +5.460050117e+00
200000 0 +4.542977366e-05 +5.460045430e+00 +5.460045430e+00
% f evaluations | g evaluations | best noise-free fitness - Fopt (5.212000000000e+01) + sum g_i+ | measured fitness | best measured fitness or single-digit g-values | x1 | x2...
1 0 +7.072092587e+01 +1.228409259e+02 +1.228409259e+02
2 0 +6.006621627e+01 +1.121862163e+02 +1.121862163e+02
4 0 +4.812808628e+01 +1.002480863e+02 +1.002480863e+02
19 0 +2.892590162e+01 +8.104590162e+01 +8.104590162e+01
627 0 +2.736349173e+01 +7.948349173e+01 +7.948349173e+01
631 0 +2.379470607e+01 +7.591470607e+01 +7.591470607e+01
635 0 +2.049859642e+01 +7.261859642e+01 +7.261859642e+01
637 0 +1.976917461e+01 +7.188917461e+01 +7.188917461e+01
639 0 +1.760576797e+01 +6.972576797e+01 +6.972576797e+01
645 0 +1.472464622e+01 +6.684464622e+01 +6.684464622e+01
648 0 +1.299697562e+01 +6.511697562e+01 +6.511697562e+01
651 0 +1.240054395e+01 +6.452054395e+01 +6.452054395e+01
654 0 +1.094806449e+01 +6.306806449e+01 +6.306806449e+01
657 0 +9.817297099e+00 +6.193729710e+01 +6.193729710e+01
664 0 +8.005492804e+00 +6.012549280e+01 +6.012549280e+01
665 0 +7.699745753e+00 +5.981974575e+01 +5.981974575e+01
667 0 +6.910781284e+00 +5.903078128e+01 +5.903078128e+01
674 0 +6.147665844e+00 +5.826766584e+01 +5.826766584e+01
679 0 +5.316485113e+00 +5.743648511e+01 +5.743648511e+01
682 0 +4.394094807e+00 +5.651409481e+01 +5.651409481e+01
688 0 +3.890040463e+00 +5.601004046e+01 +5.601004046e+01
695 0 +3.415188818e+00 +5.553518882e+01 +5.553518882e+01
699 0 +2.602366549e+00 +5.472236655e+01 +5.472236655e+01
711 0 +2.460414962e+00 +5.458041496e+01 +5.458041496e+01
719 0 +1.967894430e+00 +5.408789443e+01 +5.408789443e+01
722 0 +1.353056151e+00 +5.347305615e+01 +5.347305615e+01
739 0 +1.191018558e+00 +5.331101856e+01 +5.331101856e+01
744 0 +9.016318689e-01 +5.302163187e+01 +5.302163187e+01
746 0 +6.832796078e-01 +5.280327961e+01 +5.280327961e+01
846 0 +5.613557341e-01 +5.268135573e+01 +5.268135573e+01
847 0 +4.806952102e-01 +5.260069521e+01 +5.260069521e+01
852 0 +4.304572172e-01 +5.255045722e+01 +5.255045722e+01
877 0 +3.847194895e-01 +5.250471949e+01 +5.250471949e+01
899 0 +2.930417600e-01 +5.241304176e+01 +5.241304176e+01
918 0 +2.790337785e-01 +5.239903378e+01 +5.239903378e+01
957 0 +2.470447355e-01 +5.236704474e+01 +5.236704474e+01
1011 0 +2.167944302e-01 +5.233679443e+01 +5.233679443e+01
1030 0 +1.897862127e-01 +5.230978621e+01 +5.230978621e+01
1038 0 +1.555153261e-01 +5.227551533e+01 +5.227551533e+01
1042 0 +1.214525616e-01 +5.224145256e+01 +5.224145256e+01
1137 0 +1.050309988e-01 +5.222503100e+01 +5.222503100e+01
1140 0 +9.934221821e-02 +5.221934222e+01 +5.221934222e+01
1147 0 +7.878597095e-02 +5.219878597e+01 +5.219878597e+01
1187 0 +7.002600513e-02 +5.219002601e+01 +5.219002601e+01
1213 0 +6.055376695e-02 +5.218055377e+01 +5.218055377e+01
1227 0 +4.816435166e-02 +5.216816435e+01 +5.216816435e+01
1263 0 +4.204044099e-02 +5.216204044e+01 +5.216204044e+01
1335 0 +3.853285130e-02 +5.215853285e+01 +5.215853285e+01
1340 0 +3.299152018e-02 +5.215299152e+01 +5.215299152e+01
1360 0 +3.098052869e-02 +5.215098053e+01 +5.215098053e+01
1366 0 +2.779924312e-02 +5.214779924e+01 +5.214779924e+01
1390 0 +2.327131406e-02 +5.214327131e+01 +5.214327131e+01
1484 0 +2.223735635e-02 +5.214223736e+01 +5.214223736e+01
1503 0 +1.864254289e-02 +5.213864254e+01 +5.213864254e+01
1513 0 +1.698584444e-02 +5.213698584e+01 +5.213698584e+01
1583 0 +1.566134448e-02 +5.213566134e+01 +5.213566134e+01
1626 0 +1.387943856e-02 +5.213387944e+01 +5.213387944e+01
1675 0 +1.251760515e-02 +5.213251761e+01 +5.213251761e+01
1722 0 +1.002421842e-02 +5.213002422e+01 +5.213002422e+01
1730 0 +9.922591439e-03 +5.212992259e+01 +5.212992259e+01
1762 0 +8.349229424e-03 +5.212834923e+01 +5.212834923e+01
1821 0 +7.938348139e-03 +5.212793835e+01 +5.212793835e+01
1998 0 +7.070833720e-03 +5.212707083e+01 +5.212707083e+01
2114 0 +6.308255791e-03 +5.212630826e+01 +5.212630826e+01
2326 0 +5.607972835e-03 +5.212560797e+01 +5.212560797e+01
2581 0 +5.005503047e-03 +5.212500550e+01 +5.212500550e+01
2795 0 +4.447475133e-03 +5.212444748e+01 +5.212444748e+01
2955 0 +3.960618796e-03 +5.212396062e+01 +5.212396062e+01
3139 0 +3.546707731e-03 +5.212354671e+01 +5.212354671e+01
3411 0 +3.160401929e-03 +5.212316040e+01 +5.212316040e+01
3681 0 +2.806518943e-03 +5.212280652e+01 +5.212280652e+01
3986 0 +2.504034138e-03 +5.212250403e+01 +5.212250403e+01
4386 0 +2.236199045e-03 +5.212223620e+01 +5.212223620e+01
4843 0 +1.991963650e-03 +5.212199196e+01 +5.212199196e+01
5475 0 +1.775286395e-03 +5.212177529e+01 +5.212177529e+01
6281 0 +1.582584719e-03 +5.212158258e+01 +5.212158258e+01
7112 0 +1.409420132e-03 +5.212140942e+01 +5.212140942e+01
7964 0 +1.256516423e-03 +5.212125652e+01 +5.212125652e+01
8979 0 +1.121801781e-03 +5.212112180e+01 +5.212112180e+01
10533 0 +9.997402752e-04 +5.212099974e+01 +5.212099974e+01
11893 0 +8.912243289e-04 +5.212089122e+01 +5.212089122e+01
13149 0 +7.938609758e-04 +5.212079386e+01 +5.212079386e+01
14483 0 +7.064245634e-04 +5.212070642e+01 +5.212070642e+01
16241 0 +6.306834830e-04 +5.212063068e+01 +5.212063068e+01
18361 0 +5.623208345e-04 +5.212056232e+01 +5.212056232e+01
20564 0 +5.011037794e-04 +5.212050110e+01 +5.212050110e+01
22741 0 +4.466065273e-04 +5.212044661e+01 +5.212044661e+01
25296 0 +3.978875821e-04 +5.212039789e+01 +5.212039789e+01
28880 0 +3.546440562e-04 +5.212035464e+01 +5.212035464e+01
32161 0 +3.158993774e-04 +5.212031590e+01 +5.212031590e+01
35696 0 +2.817435676e-04 +5.212028174e+01 +5.212028174e+01
40281 0 +2.510702987e-04 +5.212025107e+01 +5.212025107e+01
46486 0 +2.238664365e-04 +5.212022387e+01 +5.212022387e+01
52574 0 +1.995231423e-04 +5.212019952e+01 +5.212019952e+01
60136 0 +1.778188299e-04 +5.212017782e+01 +5.212017782e+01
70066 0 +1.584784234e-04 +5.212015848e+01 +5.212015848e+01
79561 0 +1.412282962e-04 +5.212014123e+01 +5.212014123e+01
90466 0 +1.258907220e-04 +5.212012589e+01 +5.212012589e+01
105306 0 +1.121949979e-04 +5.212011219e+01 +5.212011219e+01
120054 0 +9.999925094e-05 +5.212010000e+01 +5.212010000e+01
133899 0 +8.911936712e-05 +5.212008912e+01 +5.212008912e+01
150350 0 +7.943235470e-05 +5.212007943e+01 +5.212007943e+01
166266 0 +7.079419698e-05 +5.212007079e+01 +5.212007079e+01
186043 0 +6.309478365e-05 +5.212006309e+01 +5.212006309e+01
200000 0 +5.892953553e-05 +5.212005893e+01 +5.212005893e+01
% f evaluations | g evaluations | best noise-free fitness - Fopt (4.120000000000e+00) + sum g_i+ | measured fitness | best measured fitness or single-digit g-values | x1 | x2...
1 0 +5.068979647e+01 +5.480979647e+01 +5.480979647e+01
5 0 +4.468246477e+01 +4.880246477e+01 +4.880246477e+01
6 0 +4.190429926e+01 +4.602429926e+01 +4.602429926e+01
15 0 +3.257873874e+01 +3.669873874e+01 +3.669873874e+01
39 0 +3.070125800e+01 +3.482125800e+01 +3.482125800e+01
630 0 +2.511632044e+01 +2.923632044e+01 +2.923632044e+01
642 0 +2.155572699e+01 +2.567572699e+01 +2.567572699e+01
647 0 +1.817883204e+01 +2.229883204e+01 +2.229883204e+01
652 0 +1.761625799e+01 +2.173625799e+01 +2.173625799e+01
655 0 +1.582485398e+01 +1.994485398e+01 +1.994485398e+01
666 0 +1.407087358e+01 +1.819087358e+01 +1.819087358e+01
670 0 +1.163216205e+01 +1.575216205e+01 +1.575216205e+01
672 0 +1.051691567e+01 +1.463691567e+01 +1.463691567e+01
673 0 +9.740346258e+00 +1.386034626e+01 +1.386034626e+01
682 0 +8.626005978e+00 +1.274600598e+01 +1.274600598e+01
687 0 +7.901667344e+00 +1.202166734e+01 +1.202166734e+01
695 0 +7.054359310e+00 +1.117435931e+01 +1.117435931e+01
700 0 +6.149992935e+00 +1.026999293e+01 +1.026999293e+01
710 0 +5.014460419e+00 +9.134460419e+00 +9.134460419e+00
712 0 +4.842450203e+00 +8.962450203e+00 +8.962450203e+00
717 0 +4.345323663e+00 +8.465323663e+00 +8.465323663e+00
730 0 +3.746815838e+00 +7.866815838e+00 +7.866815838e+00
733 0 +2.973573919e+00 +7.093573919e+00 +7.093573919e+00
740 0 +2.375711716e+00 +6.495711716e+00 +6.495711716e+00
751 0 +2.190805397e+00 +6.310805397e+00 +6.310805397e+00
757 0 +1.904351347e+00 +6.024351347e+00 +6.024351347e+00
765 0 +1.653121840e+00 +5.773121840e+00 +5.773121840e+00
768 0 +1.539424358e+00 +5.659424358e+00 +5.659424358e+00
773 0 +8.567120262e-01 +4.976712026e+00 +4.976712026e+00
780 0 +7.222339714e-01 +4.842233971e+00 +4.842233971e+00
792 0 +7.078440066e-01 +4.827844007e+00 +4.827844007e+00
887 0 +5.930457469e-01 +4.713045747e+00 +4.713045747e+00
891 0 +5.289410148e-01 +4.648941015e+00 +4.648941015e+00
893 0 +4.835816382e-01 +4.603581638e+00 +4.603581638e+00
899 0 +4.435045569e-01 +4.563504557e+00 +4.563504557e+00
902 0 +3.913528723e-01 +4.511352872e+00 +4.511352872e+00
914 0 +2.933300783e-01 +4.413330078e+00 +4.413330078e+00
938 0 +2.213639283e-01 +4.341363928e+00 +4.341363928e+00
947 0 +1.664408697e-01 +4.286440870e+00 +4.286440870e+00
1032 0 +1.469262305e-01 +4.266926230e+00 +4.266926230e+00
1038 0 +1.189699346e-01 +4.238969935e+00 +4.238969935e+00
1060 0 +9.901570390e-02 +4.219015704e+00 +4.219015704e+00
1172 0 +8.493946977e-02 +4.204939470e+00 +4.204939470e+00
1175 0 +7.760629670e-02 +4.197606297e+00 +4.197606297e+00
1207 0 +6.560458020e-02 +4.185604580e+00 +4.185604580e+00
1290 0 +6.175661026e-02 +4.181756610e+00 +4.181756610e+00
1317 0 +5.407759823e-02 +4.174077598e+00 +4.174077598e+00
1319 0 +4.524325203e-02 +4.165243252e+00 +4.165243252e+00
1322 0 +3.805249865e-02 +4.158052499e+00 +4.158052499e+00
1362 0 +2.793568595e-02 +4.147935686e+00 +4.147935686e+00
1418 0 +2.501027327e-02 +4.145010273e+00 +4.145010273e+00
1526 0 +2.075524570e-02 +4.140755246e+00 +4.140755246e+00
1541 0 +1.959708360e-02 +4.139597084e+00 +4.139597084e+00
1642 0 +1.690708503e-02 +4.136907085e+00 +4.136907085e+00
1669 0 +1.538873744e-02 +4.135388737e+00 +4.135388737e+00
1679 0 +1.377527836e-02 +4.133775278e+00 +4.133775278e+00
1843 0 +1.257746968e-02 +4.132577470e+00 +4.132577470e+00
1909 0 +1.103825332e-02 +4.131038253e+00 +4.131038253e+00
1959 0 +9.792126668e-03 +4.129792127e+00 +4.129792127e+00
1999 0 +8.899364790e-03 +4.128899365e+00 +4.128899365e+00
2189 0 +7.863964601e-03 +4.127863965e+00 +4.127863965e+00
2239 0 +7.064419197e-03 +4.127064419e+00 +4.127064419e+00
2362 0 +6.285134179e-03 +4.126285134e+00 +4.126285134e+00
2479 0 +5.450616372e-03 +4.125450616e+00 +4.125450616e+00
2537 0 +4.935715552e-03 +4.124935716e+00 +4.124935716e+00
2633 0 +4.465075395e-03 +4.124465075e+00 +4.124465075e+00
2679 0 +3.955408649e-03 +4.123955409e+00 +4.123955409e+00
2799 0 +3.543387197e-03 +4.123543387e+00 +4.123543387e+00
3057 0 +3.111445899e-03 +4.123111446e+00 +4.123111446e+00
3215 0 +2.818157863e-03 +4.122818158e+00 +4.122818158e+00
3519 0 +2.501395203e-03 +4.122501395e+00 +4.122501395e+00
3919 0 +2.234958717e-03 +4.122234959e+00 +4.122234959e+00
4191 0 +1.994453392e-03 +4.121994453e+00 +4.121994453e+00
4577 0 +1.769418716e-03 +4.121769419e+00 +4.121769419e+00
4823 0 +1.584202563e-03 +4.121584203e+00 +4.121584203e+00
5171 0 +1.411961290e-03 +4.121411961e+00 +4.121411961e+00
5709 0 +1.257624379e-03 +4.121257624e+00 +4.121257624e+00
6349 0 +1.117875117e-03 +4.121117875e+00 +4.121117875e+00
6713 0 +9.906676795e-04 +4.120990668e+00 +4.120990668e+00
7039 0 +8.877434440e-04 +4.120887743e+00 +4.120887743e+00
7768 0 +7.939448373e-04 +4.120793945e+00 +4.120793945e+00
8433 0 +7.078143658e-04 +4.120707814e+00 +4.120707814e+00
9519 0 +6.306891260e-04 +4.120630689e+00 +4.120630689e+00
10669 0 +5.621690707e-04 +4.120562169e+00 +4.120562169e+00
11897 0 +5.006550338e-04 +4.120500655e+00 +4.120500655e+00
13119 0 +4.463646411e-04 +4.120446365e+00 +4.120446365e+00
14356 0 +3.980022639e-04 +4.120398002e+00 +4.120398002e+00
15731 0 +3.547966405e-04 +4.120354797e+00 +4.120354797e+00
17359 0 +3.158633822e-04 +4.120315863e+00 +4.120315863e+00
19317 0 +2.818004705e-04 +4.120281800e+00 +4.120281800e+00
21749 0 +2.511514483e-04 +4.120251151e+00 +4.120251151e+00
25039 0 +2.238623064e-04 +4.120223862e+00 +4.120223862e+00
28199 0 +1.994751930e-04 +4.120199475e+00 +4.120199475e+00
32077 0 +1.778064075e-04 +4.120177806e+00 +4.120177806e+00
36676 0 +1.584780697e-04 +4.120158478e+00 +4.120158478e+00
43759 0 +1.412288250e-04 +4.120141229e+00 +4.120141229e+00
52399 0 +1.258680646e-04 +4.120125868e+00 +4.120125868e+00
61629 0 +1.121970279e-04 +4.120112197e+00 +4.120112197e+00
73537 0 +9.999883115e-05 +4.120099999e+00 +4.120099999e+00
87239 0 +8.911179777e-05 +4.120089112e+00 +4.120089112e+00
105737 0 +7.942015928e-05 +4.120079420e+00 +4.120079420e+00
124679 0 +7.078436938e-05 +4.120070784e+00 +4.120070784e+00
148833 0 +6.309161731e-05 +4.120063092e+00 +4.120063092e+00
174479 0 +5.623360392e-05 +4.120056234e+00 +4.120056234e+00
200000 0 +5.239371948e-05 +4.120052394e+00 +4.120052394e+00
% f evaluations | g evaluations | best noise-free fitness - Fopt (-2.150000000000e+01) + sum g_i+ | measured fitness | best measured fitness or single-digit g-values | x1 | x2...
1 0 +7.303954687e+01 +5.153954687e+01 +5.153954687e+01
2 0 +5.336521292e+01 +3.186521292e+01 +3.186521292e+01
4 0 +4.393360986e+01 +2.243360986e+01 +2.243360986e+01
13 0 +3.682540880e+01 +1.532540880e+01 +1.532540880e+01
32 0 +3.538884164e+01 +1.388884164e+01 +1.388884164e+01
34 0 +2.879717964e+01 +7.297179641e+00 +7.297179641e+00
632 0 +2.774667636e+01 +6.246676356e+00 +6.246676356e+00
635 0 +2.208109746e+01 +5.810974636e-01 +5.810974636e-01
638 0 +1.926511428e+01 -2.234885721e+00 -2.234885721e+00
646 0 +1.718699695e+01 -4.313003054e+00 -4.313003054e+00
651 0 +1.521825806e+01 -6.281741943e+00 -6.281741943e+00
653 0 +1.331639482e+01 -8.183605177e+00 -8.183605177e+00
656 0 +1.157734488e+01 -9.922655118e+00 -9.922655118e+00
659 0 +1.099797928e+01 -1.050202072e+01 -1.050202072e+01
669 0 +9.966164017e+00 -1.153383598e+01 -1.153383598e+01
675 0 +8.097972813e+00 -1.340202719e+01 -1.340202719e+01
678 0 +6.687635556e+00 -1.481236444e+01 -1.481236444e+01
684 0 +6.104482187e+00 -1.539551781e+01 -1.539551781e+01
689 0 +5.090942662e+00 -1.640905734e+01 -1.640905734e+01
696 0 +4.458269694e+00 -1.704173031e+01 -1.704173031e+01
703 0 +3.903103730e+00 -1.759689627e+01 -1.759689627e+01
706 0 +3.466052662e+00 -1.803394734e+01 -1.803394734e+01
715 0 +3.123274514e+00 -1.837672549e+01 -1.837672549e+01
718 0 +2.408094982e+00 -1.909190502e+01 -1.909190502e+01
721 0 +2.055527087e+00 -1.944447291e+01 -1.944447291e+01
727 0 +1.871209121e+00 -1.962879088e+01 -1.962879088e+01
733 0 +1.716175062e+00 -1.978382494e+01 -1.978382494e+01
746 0 +1.449086990e+00 -2.005091301e+01 -2.005091301e+01
758 0 +1.352270614e+00 -2.014772939e+01 -2.014772939e+01
772 0 +1.208868534e+00 -2.029113147e+01 -2.029113147e+01
788 0 +1.040347706e+00 -2.045965229e+01 -2.045965229e+01
792 0 +9.668544917e-01 -2.053314551e+01 -2.053314551e+01
815 0 +7.303253435e-01 -2.076967466e+01 -2.076967466e+01
830 0 +6.719758636e-01 -2.082802414e+01 -2.082802414e+01
894 0 +5.384401393e-01 -2.096155986e+01 -2.096155986e+01
897 0 +4.754421297e-01 -2.102455787e+01 -2.102455787e+01
931 0 +3.780899559e-01 -2.112191004e+01 -2.112191004e+01
949 0 +3.270278437e-01 -2.117297216e+01 -2.117297216e+01
981 0 +3.104559630e-01 -2.118954404e+01 -2.118954404e+01
1020 0 +2.221088159e-01 -2.127789118e+01 -2.127789118e+01
1085 0 +1.942316069e-01 -2.130576839e+01 -2.130576839e+01
1105 0 +1.371856533e-01 -2.136281435e+01 -2.136281435e+01
1112 0 +9.617529412e-02 -2.140382471e+01 -2.140382471e+01
1147 0 +8.558311290e-02 -2.141441689e+01 -2.141441689e+01
1204 0 +7.439120369e-02 -2.142560880e+01 -2.142560880e+01
1207 0 +6.523295009e-02 -2.143476705e+01 -2.143476705e+01
1230 0 +5.908738472e-02 -2.144091262e+01 -2.144091262e+01
1235 0 +4.796877320e-02 -2.145203123e+01 -2.145203123e+01
1245 0 +4.110006457e-02 -2.145889994e+01 -2.145889994e+01
1375 0 +3.945220459e-02 -2.146054780e+01 -2.146054780e+01
1389 0 +3.379136632e-02 -2.146620863e+01 -2.146620863e+01
1400 0 +3.082633612e-02 -2.146917366e+01 -2.146917366e+01
1440 0 +2.779297678e-02 -2.147220702e+01 -2.147220702e+01
1452 0 +2.492145306e-02 -2.147507855e+01 -2.147507855e+01
1488 0 +2.172615083e-02 -2.147827385e+01 -2.147827385e+01
1503 0 +1.981082460e-02 -2.148018918e+01 -2.148018918e+01
1517 0 +1.774411906e-02 -2.148225588e+01 -2.148225588e+01
1640 0 +1.548512738e-02 -2.148451487e+01 -2.148451487e+01
1721 0 +1.404335007e-02 -2.148595665e+01 -2.148595665e+01
1796 0 +1.242715043e-02 -2.148757285e+01 -2.148757285e+01
1920 0 +1.117290518e-02 -2.148882709e+01 -2.148882709e+01
2064 0 +9.975831688e-03 -2.149002417e+01 -2.149002417e+01
2225 0 +8.907661493e-03 -2.149109234e+01 -2.149109234e+01
2410 0 +7.904371987e-03 -2.149209563e+01 -2.149209563e+01
2664 0 +7.010588865e-03 -2.149298941e+01 -2.149298941e+01
2985 0 +6.277653759e-03 -2.149372235e+01 -2.149372235e+01
3148 0 +5.601821428e-03 -2.149439818e+01 -2.149439818e+01
3415 0 +4.996493992e-03 -2.149500351e+01 -2.149500351e+01
3790 0 +4.458241800e-03 -2.149554176e+01 -2.149554176e+01
4185 0 +3.977968571e-03 -2.149602203e+01 -2.149602203e+01
4668 0 +3.535547846e-03 -2.149646445e+01 -2.149646445e+01
5215 0 +3.161833051e-03 -2.149683817e+01 -2.149683817e+01
5813 0 +2.813201671e-03 -2.149718680e+01 -2.149718680e+01
6443 0 +2.510710696e-03 -2.149748929e+01 -2.149748929e+01
7176 0 +2.236009604e-03 -2.149776399e+01 -2.149776399e+01
7976 0 +1.993513760e-03 -2.149800649e+01 -2.149800649e+01
9001 0 +1.777866086e-03 -2.149822213e+01 -2.149822213e+01
10027 0 +1.583882813e-03 -2.149841612e+01 -2.149841612e+01
11055 0 +1.412354249e-03 -2.149858765e+01 -2.149858765e+01
12215 0 +1.258773191e-03 -2.149874123e+01 -2.149874123e+01
13868 0 +1.120791207e-03 -2.149887921e+01 -2.149887921e+01
15684 0 +9.999936005e-04 -2.149900001e+01 -2.149900001e+01
17591 0 +8.907249137e-04 -2.149910928e+01 -2.149910928e+01
20093 0 +7.942008780e-04 -2.149920580e+01 -2.149920580e+01
22676 0 +7.079118594e-04 -2.149929209e+01 -2.149929209e+01
26373 0 +6.305432981e-04 -2.149936946e+01 -2.149936946e+01
29542 0 +5.623005207e-04 -2.149943770e+01 -2.149943770e+01
33105 0 +5.010771576e-04 -2.149949892e+01 -2.149949892e+01
37941 0 +4.466621193e-04 -2.149955334e+01 -2.149955334e+01
44133 0 +3.979266946e-04 -2.149960207e+01 -2.149960207e+01
49364 0 +3.547979254e-04 -2.149964520e+01 -2.149964520e+01
55400 0 +3.161813364e-04 -2.149968382e+01 -2.149968382e+01
65828 0 +2.817409133e-04 -2.149971826e+01 -2.149971826e+01
74709 0 +2.511550607e-04 -2.149974884e+01 -2.149974884e+01
85708 0 +2.238219027e-04 -2.149977618e+01 -2.149977618e+01
94646 0 +1.995246801e-04 -2.149980048e+01 -2.149980048e+01
111389 0 +1.778277645e-04 -2.149982217e+01 -2.149982217e+01
127515 0 +1.584877445e-04 -2.149984151e+01 -2.149984151e+01
146080 0 +1.412526767e-04 -2.149985875e+01 -2.149985875e+01
173802 0 +1.258886497e-04 -2.149987411e+01 -2.149987411e+01
200000 0 +1.126791846e-04 -2.149988732e+01 -2.149988732e+01
% f evaluations | g evaluations | best noise-free fitness - Fopt (1.415000000000e+01) + sum g_i+ | measured fitness | best measured fitness or single-digit g-values | x1 | x2...
1 0 +1.140119717e+02 +1.281619717e+02 +1.281619717e+02
5 0 +7.180035037e+01 +8.595035037e+01 +8.595035037e+01
6 0 +7.070734810e+01 +8.485734810e+01 +8.485734810e+01
87 0 +6.262639864e+01 +7.677639864e+01 +7.677639864e+01
623 0 +5.059063003e+01 +6.474063003e+01 +6.474063003e+01
626 0 +4.875589368e+01 +6.290589368e+01 +6.290589368e+01
631 0 +3.853681006e+01 +5.268681006e+01 +5.268681006e+01
634 0 +3.520309653e+01 +4.935309653e+01 +4.935309653e+01
638 0 +3.109381750e+01 +4.524381750e+01 +4.524381750e+01
642 0 +2.670401121e+01 +4.085401121e+01 +4.085401121e+01
646 0 +2.364006284e+01 +3.779006284e+01 +3.779006284e+01
649 0 +2.221938144e+01 +3.636938144e+01 +3.636938144e+01
656 0 +1.749713639e+01 +3.164713639e+01 +3.164713639e+01
668 0 +1.576033047e+01 +2.991033047e+01 +2.991033047e+01
674 0 +1.399651170e+01 +2.814651170e+01 +2.814651170e+01
679 0 +1.241750942e+01 +2.656750942e+01 +2.656750942e+01
684 0 +1.086773459e+01 +2.501773459e+01 +2.501773459e+01
689 0 +9.877666904e+00 +2.402766690e+01 +2.402766690e+01
696 0 +7.451589441e+00 +2.160158944e+01 +2.160158944e+01
705 0 +6.297786368e+00 +2.044778637e+01 +2.044778637e+01
722 0 +5.495943091e+00 +1.964594309e+01 +1.964594309e+01
732 0 +4.955776291e+00 +1.910577629e+01 +1.910577629e+01
736 0 +3.874943836e+00 +1.802494384e+01 +1.802494384e+01
743 0 +3.467861613e+00 +1.761786161e+01 +1.761786161e+01
745 0 +2.521134547e+00 +1.667113455e+01 +1.667113455e+01
750 0 +2.494372309e+00 +1.664437231e+01 +1.664437231e+01
754 0 +2.155981583e+00 +1.630598158e+01 +1.630598158e+01
762 0 +1.822023956e+00 +1.597202396e+01 +1.597202396e+01
765 0 +1.596885662e+00 +1.574688566e+01 +1.574688566e+01
776 0 +1.399651983e+00 +1.554965198e+01 +1.554965198e+01
785 0 +7.089663250e-01 +1.485896633e+01 +1.485896633e+01
794 0 +6.719991250e-01 +1.482199913e+01 +1.482199913e+01
825 0 +5.886445204e-01 +1.473864452e+01 +1.473864452e+01
883 0 +5.257675029e-01 +1.467576750e+01 +1.467576750e+01
892 0 +4.501923273e-01 +1.460019233e+01 +1.460019233e+01
897 0 +4.106459458e-01 +1.456064595e+01 +1.456064595e+01
918 0 +2.532345116e-01 +1.440323451e+01 +1.440323451e+01
967 0 +2.355478524e-01 +1.438554785e+01 +1.438554785e+01
978 0 +1.982615436e-01 +1.434826154e+01 +1.434826154e+01
994 0 +1.758323935e-01 +1.432583239e+01 +1.432583239e+01
1026 0 +1.556007741e-01 +1.430560077e+01 +1.430560077e+01
1035 0 +1.225710718e-01 +1.427257107e+01 +1.427257107e+01
1047 0 +1.093766568e-01 +1.425937666e+01 +1.425937666e+01
1129 0 +9.716489234e-02 +1.424716489e+01 +1.424716489e+01
1137 0 +8.323494830e-02 +1.423323495e+01 +1.423323495e+01
1139 0 +5.756051163e-02 +1.420756051e+01 +1.420756051e+01
1152 0 +5.577121634e-02 +1.420577122e+01 +1.420577122e+01
1226 0 +4.651178534e-02 +1.419651179e+01 +1.419651179e+01
1238 0 +3.955774884e-02 +1.418955775e+01 +1.418955775e+01
1285 0 +3.408777811e-02 +1.418408778e+01 +1.418408778e+01
1371 0 +3.155542416e-02 +1.418155542e+01 +1.418155542e+01
1386 0 +2.759328010e-02 +1.417759328e+01 +1.417759328e+01
1451 0 +2.474409778e-02 +1.417474410e+01 +1.417474410e+01
1534 0 +2.235334270e-02 +1.417235334e+01 +1.417235334e+01
1565 0 +1.982279063e-02 +1.416982279e+01 +1.416982279e+01
1605 0 +1.762921023e-02 +1.416762921e+01 +1.416762921e+01
1645 0 +1.557225303e-02 +1.416557225e+01 +1.416557225e+01
1706 0 +1.402445124e-02 +1.416402445e+01 +1.416402445e+01
1775 0 +1.197391530e-02 +1.416197392e+01 +1.416197392e+01
1843 0 +1.118780986e-02 +1.416118781e+01 +1.416118781e+01
2015 0 +9.664940135e-03 +1.415966494e+01 +1.415966494e+01
2055 0 +8.799197352e-03 +1.415879920e+01 +1.415879920e+01
2125 0 +7.849411173e-03 +1.415784941e+01 +1.415784941e+01
2273 0 +7.055806068e-03 +1.415705581e+01 +1.415705581e+01
2349 0 +6.276783783e-03 +1.415627678e+01 +1.415627678e+01
2455 0 +5.486790213e-03 +1.415548679e+01 +1.415548679e+01
2626 0 +5.001231159e-03 +1.415500123e+01 +1.415500123e+01
2907 0 +4.456879154e-03 +1.415445688e+01 +1.415445688e+01
3131 0 +3.978709082e-03 +1.415397871e+01 +1.415397871e+01
3414 0 +3.540726000e-03 +1.415354073e+01 +1.415354073e+01
3655 0 +3.102452442e-03 +1.415310245e+01 +1.415310245e+01
4248 0 +2.818281724e-03 +1.415281828e+01 +1.415281828e+01
4476 0 +2.511252372e-03 +1.415251125e+01 +1.415251125e+01
4940 0 +2.237484116e-03 +1.415223748e+01 +1.415223748e+01
5578 0 +1.994502582e-03 +1.415199450e+01 +1.415199450e+01
6059 0 +1.777191370e-03 +1.415177719e+01 +1.415177719e+01
6643 0 +1.584308150e-03 +1.415158431e+01 +1.415158431e+01
7283 0 +1.412078182e-03 +1.415141208e+01 +1.415141208e+01
8390 0 +1.258809409e-03 +1.415125881e+01 +1.415125881e+01
10015 0 +1.118858969e-03 +1.415111886e+01 +1.415111886e+01
10815 0 +9.972702373e-04 +1.415099727e+01 +1.415099727e+01
12218 0 +8.911391106e-04 +1.415089114e+01 +1.415089114e+01
13778 0 +7.942305698e-04 +1.415079423e+01 +1.415079423e+01
14990 0 +7.078542210e-04 +1.415070785e+01 +1.415070785e+01
16695 0 +6.304874705e-04 +1.415063049e+01 +1.415063049e+01
20248 0 +5.623409804e-04 +1.415056234e+01 +1.415056234e+01
22855 0 +5.008183311e-04 +1.415050082e+01 +1.415050082e+01
24814 0 +4.462289038e-04 +1.415044623e+01 +1.415044623e+01
29008 0 +3.980100651e-04 +1.415039801e+01 +1.415039801e+01
32497 0 +3.548045686e-04 +1.415035480e+01 +1.415035480e+01
35596 0 +3.162185370e-04 +1.415031622e+01 +1.415031622e+01
40055 0 +2.817062276e-04 +1.415028171e+01 +1.415028171e+01
46295 0 +2.510876201e-04 +1.415025109e+01 +1.415025109e+01
51412 0 +2.238676174e-04 +1.415022387e+01 +1.415022387e+01
57135 0 +1.993866110e-04 +1.415019939e+01 +1.415019939e+01
64734 0 +1.777979242e-04 +1.415017780e+01 +1.415017780e+01
71455 0 +1.584786597e-04 +1.415015848e+01 +1.415015848e+01
79095 0 +1.412354507e-04 +1.415014124e+01 +1.415014124e+01
88015 0 +1.258889871e-04 +1.415012589e+01 +1.415012589e+01
100523 0 +1.122010397e-04 +1.415011220e+01 +1.415011220e+01
112502 0 +9.999758763e-05 +1.415010000e+01 +1.415010000e+01
125159 0 +8.912458968e-05 +1.415008912e+01 +1.415008912e+01
140252 0 +7.942746711e-05 +1.415007943e+01 +1.415007943e+01
160360 0 +7.079419608e-05 +1.415007079e+01 +1.415007079e+01
175695 0 +6.309570633e-05 +1.415006310e+01 +1.415006310e+01
194456 0 +5.622639903e-05 +1.415005623e+01 +1.415005623e+01
200000 0 +5.476454127e-05 +1.415005476e+01 +1.415005476e+01
% f evaluations | g evaluations | best noise-free fitness - Fopt (-1.348000000000e+01) + sum g_i+ | measured fitness | best measured fitness or single-digit g-values | x1 | x2...
1 0 +6.379502194e+01 +5.031502194e+01 +5.031502194e+01
8 0 +6.121684372e+01 +4.773684372e+01 +4.773684372e+01
50 0 +4.728590477e+01 +3.380590477e+01 +3.380590477e+01
622 0 +4.132992253e+01 +2.784992253e+01 +2.784992253e+01
623 0 +3.675350478e+01 +2.327350478e+01 +2.327350478e+01
626 0 +3.249957440e+01 +1.901957440e+01 +1.901957440e+01
627 0 +2.829780877e+01 +1.481780877e+01 +1.481780877e+01
630 0 +2.506172649e+01 +1.158172649e+01 +1.158172649e+01
639 0 +2.167041597e+01 +8.190415965e+00 +8.190415965e+00
656 0 +1.952714476e+01 +6.047144759e+00 +6.047144759e+00
659 0 +1.627469809e+01 +2.794698086e+00 +2.794698086e+00
662 0 +1.443104964e+01 +9.510496391e-01 +9.510496391e-01
663 0 +1.278818072e+01 -6.918192788e-01 -6.918192788e-01
666 0 +1.056076888e+01 -2.919231123e+00 -2.919231123e+00
667 0 +8.930382402e+00 -4.549617598e+00 -4.549617598e+00
676 0 +8.457100814e+00 -5.022899186e+00 -5.022899186e+00
679 0 +6.840786088e+00 -6.639213912e+00 -6.639213912e+00
686 0 +5.842683397e+00 -7.637316603e+00 -7.637316603e+00
690 0 +5.598159268e+00 -7.881840732e+00 -7.881840732e+00
696 0 +4.911792085e+00 -8.568207915e+00 -8.568207915e+00
702 0 +4.388832765e+00 -9.091167235e+00 -9.091167235e+00
703 0 +3.951127386e+00 -9.528872614e+00 -9.528872614e+00
707 0 +3.325380795e+00 -1.015461921e+01 -1.015461921e+01
719 0 +2.422270409e+00 -1.105772959e+01 -1.105772959e+01
723 0 +2.207233449e+00 -1.127276655e+01 -1.127276655e+01
726 0 +1.807818935e+00 -1.167218107e+01 -1.167218107e+01
729 0 +1.748503514e+00 -1.173149649e+01 -1.173149649e+01
732 0 +1.484498704e+00 -1.199550130e+01 -1.199550130e+01
738 0 +1.235217936e+00 -1.224478206e+01 -1.224478206e+01
747 0 +1.111218217e+00 -1.236878178e+01 -1.236878178e+01
759 0 +8.831181547e-01 -1.259688185e+01 -1.259688185e+01
761 0 +7.332619342e-01 -1.274673807e+01 -1.274673807e+01
792 0 +6.189136577e-01 -1.286108634e+01 -1.286108634e+01
864 0 +5.178706607e-01 -1.296212934e+01 -1.296212934e+01
868 0 +4.578615461e-01 -1.302213845e+01 -1.302213845e+01
871 0 +4.289119806e-01 -1.305108802e+01 -1.305108802e+01
873 0 +3.794671822e-01 -1.310053282e+01 -1.310053282e+01
878 0 +2.264032036e-01 -1.325359680e+01 -1.325359680e+01
884 0 +2.021639007e-01 -1.327783610e+01 -1.327783610e+01
963 0 +1.803063038e-01 -1.329969370e+01 -1.329969370e+01
977 0 +1.605698963e-01 -1.331943010e+01 -1.331943010e+01
980 0 +1.332357650e-01 -1.334676423e+01 -1.334676423e+01
982 0 +1.129120911e-01 -1.336708791e+01 -1.336708791e+01
986 0 +8.139466305e-02 -1.339860534e+01 -1.339860534e+01
1000 0 +7.145723605e-02 -1.340854276e+01 -1.340854276e+01
1013 0 +5.953807242e-02 -1.342046193e+01 -1.342046193e+01
1086 0 +5.256417823e-02 -1.342743582e+01 -1.342743582e+01
1119 0 +4.030238226e-02 -1.343969762e+01 -1.343969762e+01
1124 0 +3.795818179e-02 -1.344204182e+01 -1.344204182e+01
1203 0 +3.495109022e-02 -1.344504891e+01 -1.344504891e+01
1227 0 +2.543004266e-02 -1.345456996e+01 -1.345456996e+01
1231 0 +2.325061626e-02 -1.345674938e+01 -1.345674938e+01
1258 0 +2.211143926e-02 -1.345788856e+01 -1.345788856e+01
1341 0 +1.981167627e-02 -1.346018832e+01 -1.346018832e+01
1347 0 +1.766912334e-02 -1.346233088e+01 -1.346233088e+01
1362 0 +1.496375580e-02 -1.346503624e+01 -1.346503624e+01
1387 0 +1.408512555e-02 -1.346591487e+01 -1.346591487e+01
1406 0 +1.254040525e-02 -1.346745959e+01 -1.346745959e+01
1552 0 +1.120820622e-02 -1.346879179e+01 -1.346879179e+01
1602 0 +9.592168397e-03 -1.347040783e+01 -1.347040783e+01
1703 0 +8.675701069e-03 -1.347132430e+01 -1.347132430e+01
1778 0 +7.903281205e-03 -1.347209672e+01 -1.347209672e+01
1847 0 +6.974266365e-03 -1.347302573e+01 -1.347302573e+01
1865 0 +6.262141491e-03 -1.347373786e+01 -1.347373786e+01
1920 0 +5.576393150e-03 -1.347442361e+01 -1.347442361e+01
2079 0 +5.008041134e-03 -1.347499196e+01 -1.347499196e+01
2246 0 +4.454386019e-03 -1.347554561e+01 -1.347554561e+01
2343 0 +3.971666703e-03 -1.347602833e+01 -1.347602833e+01
2463 0 +3.527390974e-03 -1.347647261e+01 -1.347647261e+01
2642 0 +3.133172856e-03 -1.347686683e+01 -1.347686683e+01
2926 0 +2.804253016e-03 -1.347719575e+01 -1.347719575e+01
3098 0 +2.500046151e-03 -1.347749995e+01 -1.347749995e+01
3343 0 +2.221231431e-03 -1.347777877e+01 -1.347777877e+01
3743 0 +1.990818639e-03 -1.347800918e+01 -1.347800918e+01
4103 0 +1.776130758e-03 -1.347822387e+01 -1.347822387e+01
4637 0 +1.582252802e-03 -1.347841775e+01 -1.347841775e+01
4922 0 +1.409601764e-03 -1.347859040e+01 -1.347859040e+01
5237 0 +1.258477450e-03 -1.347874152e+01 -1.347874152e+01
5680 0 +1.121032524e-03 -1.347887897e+01 -1.347887897e+01
6517 0 +9.990945595e-04 -1.347900091e+01 -1.347900091e+01
6951 0 +8.910791304e-04 -1.347910892e+01 -1.347910892e+01
7731 0 +7.939362066e-04 -1.347920606e+01 -1.347920606e+01
9157 0 +7.075422744e-04 -1.347929246e+01 -1.347929246e+01
10821 0 +6.300788074e-04 -1.347936992e+01 -1.347936992e+01
11686 0 +5.622249405e-04 -1.347943778e+01 -1.347943778e+01
12882 0 +5.009534004e-04 -1.347949905e+01 -1.347949905e+01
15677 0 +4.465700216e-04 -1.347955343e+01 -1.347955343e+01
18255 0 +3.978851314e-04 -1.347960211e+01 -1.347960211e+01
19677 0 +3.547250439e-04 -1.347964527e+01 -1.347964527e+01
22019 0 +3.162097539e-04 -1.347968379e+01 -1.347968379e+01
26051 0 +2.817591641e-04 -1.347971824e+01 -1.347971824e+01
31218 0 +2.511445011e-04 -1.347974886e+01 -1.347974886e+01
34901 0 +2.238136868e-04 -1.347977619e+01 -1.347977619e+01
42825 0 +1.995154750e-04 -1.347980048e+01 -1.347980048e+01
51178 0 +1.777771026e-04 -1.347982222e+01 -1.347982222e+01
56771 0 +1.584829401e-04 -1.347984152e+01 -1.347984152e+01
65077 0 +1.412369110e-04 -1.347985876e+01 -1.347985876e+01
75392 0 +1.258905023e-04 -1.347987411e+01 -1.347987411e+01
87503 0 +1.121922186e-04 -1.347988781e+01 -1.347988781e+01
98286 0 +9.999138698e-05 -1.347990001e+01 -1.347990001e+01
115242 0 +8.912428585e-05 -1.347991088e+01 -1.347991088e+01
138331 0 +7.942990648e-05 -1.347992057e+01 -1.347992057e+01
154282 0 +7.079218348e-05 -1.347992921e+01 -1.347992921e+01
197631 0 +6.309248921e-05 -1.347993691e+01 -1.347993691e+01
200000 0 +6.280941933e-05 -1.347993719e+01 -1.347993719e+01
% f evaluations | g evaluations | best noise-free fitness - Fopt (-4.813000000000e+01) + sum g_i+ | measured fitness | best measured fitness or single-digit g-values | x1 | x2...
1 0 +3.581673558e+01 -1.231326442e+01 -1.231326442e+01
8 0 +2.161894465e+01 -2.651105535e+01 -2.651105535e+01
661 0 +1.980428544e+01 -2.832571456e+01 -2.832571456e+01
665 0 +1.683819048e+01 -3.129180952e+01 -3.129180952e+01
673 0 +1.509157651e+01 -3.303842349e+01 -3.303842349e+01
682 0 +1.291771057e+01 -3.521228943e+01 -3.521228943e+01
685 0 +1.153390836e+01 -3.659609164e+01 -3.659609164e+01
689 0 +1.020137702e+01 -3.792862298e+01 -3.792862298e+01
692 0 +9.643263204e+00 -3.848673680e+01 -3.848673680e+01
697 0 +8.303049749e+00 -3.982695025e+01 -3.982695025e+01
701 0 +6.681509703e+00 -4.144849030e+01 -4.144849030e+01
703 0 +6.247410903e+00 -4.188258910e+01 -4.188258910e+01
705 0 +5.333527339e+00 -4.279647266e+01 -4.279647266e+01
719 0 +4.970801808e+00 -4.315919819e+01 -4.315919819e+01
729 0 +4.360856740e+00 -4.376914326e+01 -4.376914326e+01
737 0 +3.849544005e+00 -4.428045599e+01 -4.428045599e+01
741 0 +2.848173676e+00 -4.528182632e+01 -4.528182632e+01
745 0 +2.741669516e+00 -4.538833048e+01 -4.538833048e+01
756 0 +2.456071312e+00 -4.567392869e+01 -4.567392869e+01
769 0 +2.223861296e+00 -4.590613870e+01 -4.590613870e+01
777 0 +1.686908917e+00 -4.644309108e+01 -4.644309108e+01
781 0 +1.249173144e+00 -4.688082686e+01 -4.688082686e+01
789 0 +9.430428615e-01 -4.718695714e+01 -4.718695714e+01
797 0 +7.703656483e-01 -4.735963435e+01 -4.735963435e+01
810 0 +6.262342020e-01 -4.750376580e+01 -4.750376580e+01
861 0 +4.904976524e-01 -4.763950235e+01 -4.763950235e+01
868 0 +4.319696971e-01 -4.769803030e+01 -4.769803030e+01
947 0 +3.883917737e-01 -4.774160823e+01 -4.774160823e+01
968 0 +2.931566566e-01 -4.783684334e+01 -4.783684334e+01
986 0 +2.516778726e-01 -4.787832213e+01 -4.787832213e+01
1012 0 +2.304082742e-01 -4.789959173e+01 -4.789959173e+01
1029 0 +2.022649801e-01 -4.792773502e+01 -4.792773502e+01
1087 0 +1.770037379e-01 -4.795299626e+01 -4.795299626e+01
1114 0 +1.451443154e-01 -4.798485568e+01 -4.798485568e+01
1134 0 +1.130070122e-01 -4.801699299e+01 -4.801699299e+01
1213 0 +1.085445433e-01 -4.802145546e+01 -4.802145546e+01
1216 0 +9.532091729e-02 -4.803467908e+01 -4.803467908e+01
1237 0 +8.251314973e-02 -4.804748685e+01 -4.804748685e+01
1265 0 +7.702214012e-02 -4.805297786e+01 -4.805297786e+01
1302 0 +6.959578899e-02 -4.806040421e+01 -4.806040421e+01
1311 0 +5.129809551e-02 -4.807870190e+01 -4.807870190e+01
1364 0 +4.279697186e-02 -4.808720303e+01 -4.808720303e+01
1382 0 +3.796283463e-02 -4.809203717e+01 -4.809203717e+01
1411 0 +3.504790172e-02 -4.809495210e+01 -4.809495210e+01
1439 0 +3.010790911e-02 -4.809989209e+01 -4.809989209e+01
1546 0 +2.768529990e-02 -4.810231470e+01 -4.810231470e+01
1564 0 +2.481625005e-02 -4.810518375e+01 -4.810518375e+01
1586 0 +2.236848273e-02 -4.810763152e+01 -4.810763152e+01
1679 0 +1.955599618e-02 -4.811044400e+01 -4.811044400e+01
1684 0 +1.741371683e-02 -4.811258628e+01 -4.811258628e+01
1742 0 +1.578984742e-02 -4.811421015e+01 -4.811421015e+01
1766 0 +1.344395754e-02 -4.811655604e+01 -4.811655604e+01
1807 0 +1.213456063e-02 -4.811786544e+01 -4.811786544e+01
1819 0 +1.117851143e-02 -4.811882149e+01 -4.811882149e+01
1871 0 +9.778168157e-03 -4.812022183e+01 -4.812022183e+01
1874 0 +8.891600678e-03 -4.812110840e+01 -4.812110840e+01
1899 0 +7.816925545e-03 -4.812218307e+01 -4.812218307e+01
2004 0 +6.953969496e-03 -4.812304603e+01 -4.812304603e+01
2087 0 +6.227058350e-03 -4.812377294e+01 -4.812377294e+01
2284 0 +5.590558753e-03 -4.812440944e+01 -4.812440944e+01
2342 0 +5.011136771e-03 -4.812498886e+01 -4.812498886e+01
2402 0 +4.400061605e-03 -4.812559994e+01 -4.812559994e+01
2462 0 +3.949149318e-03 -4.812605085e+01 -4.812605085e+01
2619 0 +3.521135083e-03 -4.812647886e+01 -4.812647886e+01
2902 0 +3.160253404e-03 -4.812683975e+01 -4.812683975e+01
3102 0 +2.801242398e-03 -4.812719876e+01 -4.812719876e+01
3247 0 +2.494163649e-03 -4.812750584e+01 -4.812750584e+01
3519 0 +2.237152996e-03 -4.812776285e+01 -4.812776285e+01
3862 0 +1.990952074e-03 -4.812800905e+01 -4.812800905e+01
4154 0 +1.763885094e-03 -4.812823611e+01 -4.812823611e+01
4547 0 +1.584524747e-03 -4.812841548e+01 -4.812841548e+01
4911 0 +1.408965194e-03 -4.812859103e+01 -4.812859103e+01
5304 0 +1.258814670e-03 -4.812874119e+01 -4.812874119e+01
6086 0 +1.121289723e-03 -4.812887871e+01 -4.812887871e+01
6822 0 +9.995323209e-04 -4.812900047e+01 -4.812900047e+01
7326 0 +8.891309514e-04 -4.812911087e+01 -4.812911087e+01
7902 0 +7.942076893e-04 -4.812920579e+01 -4.812920579e+01
8487 0 +7.065504464e-04 -4.812929345e+01 -4.812929345e+01
9562 0 +6.307826441e-04 -4.812936922e+01 -4.812936922e+01
10594 0 +5.614023597e-04 -4.812943860e+01 -4.812943860e+01
11482 0 +5.008017622e-04 -4.812949920e+01 -4.812949920e+01
13215 0 +4.466214008e-04 -4.812955338e+01 -4.812955338e+01
14857 0 +3.979493066e-04 -4.812960205e+01 -4.812960205e+01
16308 0 +3.547351001e-04 -4.812964526e+01 -4.812964526e+01
18291 0 +3.160056753e-04 -4.812968399e+01 -4.812968399e+01
21251 0 +2.816451352e-04 -4.812971835e+01 -4.812971835e+01
23609 0 +2.511689536e-04 -4.812974883e+01 -4.812974883e+01
25779 0 +2.237495780e-04 -4.812977625e+01 -4.812977625e+01
29834 0 +1.993272836e-04 -4.812980067e+01 -4.812980067e+01
34168 0 +1.778111378e-04 -4.812982219e+01 -4.812982219e+01
38222 0 +1.584767698e-04 -4.812984152e+01 -4.812984152e+01
43137 0 +1.412217203e-04 -4.812985878e+01 -4.812985878e+01
48005 0 +1.258887354e-04 -4.812987411e+01 -4.812987411e+01
53674 0 +1.121983184e-04 -4.812988780e+01 -4.812988780e+01
61019 0 +9.998769547e-05 -4.812990001e+01 -4.812990001e+01
69242 0 +8.912073763e-05 -4.812991088e+01 -4.812991088e+01
76540 0 +7.943151130e-05 -4.812992057e+01 -4.812992057e+01
85394 0 +7.077826012e-05 -4.812992922e+01 -4.812992922e+01
98856 0 +6.309169630e-05 -4.812993691e+01 -4.812993691e+01
112362 0 +5.623076562e-05 -4.812994377e+01 -4.812994377e+01
132089 0 +5.011818494e-05 -4.812994988e+01 -4.812994988e+01
150740 0 +4.466639218e-05 -4.812995533e+01 -4.812995533e+01
172811 0 +3.980957298e-05 -4.812996019e+01 -4.812996019e+01
200000 0 +3.614360751e-05 -4.812996386e+01 -4.812996386e+01
