% f evaluations | g evaluations | best noise-free fitness - Fopt (7.135000000000e+01) + sum g_i+ | measured fitness | best measured fitness or single-digit g-values | x1 | x2...
1 0 +1.036745178e+02 +1.750245178e+02 +1.750245178e+02
2 0 +8.365798471e+01 +1.550079847e+02 +1.550079847e+02
3 0 +4.954072980e+01 +1.208907298e+02 +1.208907298e+02
9 0 +3.472227889e+01 +1.060722789e+02 +1.060722789e+02
15 0 +2.140460852e+01 +9.275460852e+01 +9.275460852e+01
415 0 +1.894143919e+01 +9.029143919e+01 +9.029143919e+01
809 0 +1.491385449e+01 +8.626385449e+01 +8.626385449e+01
1082 0 +1.072336259e+01 +8.207336259e+01 +8.207336259e+01
6624 0 +9.909291627e+00 +8.125929163e+01 +8.125929163e+01
6642 0 +8.263372067e+00 +7.961337207e+01 +7.961337207e+01
6646 0 +6.197789651e+00 +7.754778965e+01 +7.754778965e+01
6688 0 +3.873635072e+00 +7.522363507e+01 +7.522363507e+01
6743 0 +3.354197002e+00 +7.470419700e+01 +7.470419700e+01
6786 0 +3.150947402e+00 +7.450094740e+01 +7.450094740e+01
6845 0 +2.808602609e+00 +7.415860261e+01 +7.415860261e+01
6912 0 +2.279303819e+00 +7.362930382e+01 +7.362930382e+01
6954 0 +2.236861972e+00 +7.358686197e+01 +7.358686197e+01
100000 0 +2.081661274e+00 +7.343166127e+01 +7.343166127e+01
% f evaluations | g evaluations | best noise-free fitness - Fopt (-3.552200000000e+02) + sum g_i+ | measured fitness | best measured fitness or single-digit g-values | x1 | x2...
1 0 +6.391850572e+01 -2.913014943e+02 -2.913014943e+02
5 0 +5.522913956e+01 -2.999908604e+02 -2.999908604e+02
35 0 +4.875445623e+01 -3.064655438e+02 -3.064655438e+02
60 0 +4.212912770e+01 -3.130908723e+02 -3.130908723e+02
69 0 +2.422013800e+01 -3.309998620e+02 -3.309998620e+02
115 0 +1.666717127e+01 -3.385528287e+02 -3.385528287e+02
1992 0 +9.961410606e+00 -3.452585894e+02 -3.452585894e+02
5232 0 +8.487017480e+00 -3.467329825e+02 -3.467329825e+02
6604 0 +6.931031294e+00 -3.482889687e+02 -3.482889687e+02
6615 0 +5.942464475e+00 -3.492775355e+02 -3.492775355e+02
6701 0 +5.254161704e+00 -3.499658383e+02 -3.499658383e+02
6752 0 +4.961033878e+00 -3.502589661e+02 -3.502589661e+02
6785 0 +4.455069279e+00 -3.507649307e+02 -3.507649307e+02
15734 0 +3.730029310e+00 -3.514899707e+02 -3.514899707e+02
15753 0 +3.276746477e+00 -3.519432535e+02 -3.519432535e+02
15765 0 +3.104314181e+00 -3.521156858e+02 -3.521156858e+02
15808 0 +2.421701761e+00 -3.527982982e+02 -3.527982982e+02
15844 0 +2.212907392e+00 -3.530070926e+02 -3.530070926e+02
15911 0 +1.981822294e+00 -3.532381777e+02 -3.532381777e+02
16022 0 +1.756314767e+00 -3.534636852e+02 -3.534636852e+02
100000 0 +1.630199850e+00 -3.535898002e+02 -3.535898002e+02
% f evaluations | g evaluations | best noise-free fitness - Fopt (9.917000000000e+01) + sum g_i+ | measured fitness | best measured fitness or single-digit g-values | x1 | x2...
1 0 +1.270454043e+02 +2.262154043e+02 +2.262154043e+02
2 0 +1.090732667e+02 +2.082432667e+02 +2.082432667e+02
4 0 +7.529378332e+01 +1.744637833e+02 +1.744637833e+02
5 0 +3.693658870e+01 +1.361065887e+02 +1.361065887e+02
75 0 +3.180758778e+01 +1.309775878e+02 +1.309775878e+02
119 0 +2.172120832e+01 +1.208912083e+02 +1.208912083e+02
491 0 +1.829305993e+01 +1.174630599e+02 +1.174630599e+02
960 0 +1.732482444e+01 +1.164948244e+02 +1.164948244e+02
3383 0 +1.494914808e+01 +1.141191481e+02 +1.141191481e+02
3427 0 +1.107090645e+01 +1.102409064e+02 +1.102409064e+02
3991 0 +9.049876617e+00 +1.082198766e+02 +1.082198766e+02
6745 0 +8.299732477e+00 +1.074697325e+02 +1.074697325e+02
6761 0 +7.687814509e+00 +1.068578145e+02 +1.068578145e+02
6855 0 +6.840022113e+00 +1.060100221e+02 +1.060100221e+02
6983 0 +6.302257805e+00 +1.054722578e+02 +1.054722578e+02
11930 0 +5.581206038e+00 +1.047512060e+02 +1.047512060e+02
12001 0 +4.495101881e+00 +1.036651019e+02 +1.036651019e+02
12013 0 +3.029910708e+00 +1.021999107e+02 +1.021999107e+02
12115 0 +2.700551639e+00 +1.018705516e+02 +1.018705516e+02
12131 0 +2.434577663e+00 +1.016045777e+02 +1.016045777e+02
12237 0 +2.223860568e+00 +1.013938606e+02 +1.013938606e+02
100000 0 +2.114517491e+00 +1.012845175e+02 +1.012845175e+02
% f evaluations | g evaluations | best noise-free fitness - Fopt (-5.179100000000e+02) + sum g_i+ | measured fitness | best measured fitness or single-digit g-values | x1 | x2...
1 0 +9.741515579e+01 -4.204948442e+02 -4.204948442e+02
3 0 +5.980619884e+01 -4.581038012e+02 -4.581038012e+02
7 0 +4.511267406e+01 -4.727973259e+02 -4.727973259e+02
13 0 +2.728012501e+01 -4.906298750e+02 -4.906298750e+02
26 0 +2.105142311e+01 -4.968585769e+02 -4.968585769e+02
617 0 +1.753994531e+01 -5.003700547e+02 -5.003700547e+02
1866 0 +1.222088217e+01 -5.056891178e+02 -5.056891178e+02
2906 0 +6.055937084e+00 -5.118540629e+02 -5.118540629e+02
5451 0 +4.296796530e+00 -5.136132035e+02 -5.136132035e+02
5636 0 +3.564560135e+00 -5.143454399e+02 -5.143454399e+02
31924 0 +3.166163235e+00 -5.147438368e+02 -5.147438368e+02
32005 0 +3.138406527e+00 -5.147715935e+02 -5.147715935e+02
32025 0 +2.598936458e+00 -5.153110635e+02 -5.153110635e+02
32066 0 +2.417093296e+00 -5.154929067e+02 -5.154929067e+02
32079 0 +2.214354986e+00 -5.156956450e+02 -5.156956450e+02
100000 0 +2.090861408e+00 -5.158191386e+02 -5.158191386e+02
% f evaluations | g evaluations | best noise-free fitness - Fopt (-5.721000000000e+01) + sum g_i+ | measured fitness | best measured fitness or single-digit g-values | x1 | x2...
1 0 +7.559257783e+01 +1.838257783e+01 +1.838257783e+01
8 0 +5.366087902e+01 -3.549120983e+00 -3.549120983e+00
13 0 +4.575958487e+01 -1.145041513e+01 -1.145041513e+01
28 0 +3.875705786e+01 -1.845294214e+01 -1.845294214e+01
60 0 +2.113037816e+01 -3.607962184e+01 -3.607962184e+01
759 0 +1.714393763e+01 -4.006606237e+01 -4.006606237e+01
3082 0 +1.517115287e+01 -4.203884713e+01 -4.203884713e+01
3996 0 +6.189911246e+00 -5.102008875e+01 -5.102008875e+01
41583 0 +5.439473434e+00 -5.177052657e+01 -5.177052657e+01
41613 0 +4.624685797e+00 -5.258531420e+01 -5.258531420e+01
41668 0 +4.051187319e+00 -5.315881268e+01 -5.315881268e+01
41801 0 +3.975705650e+00 -5.323429435e+01 -5.323429435e+01
86238 0 +3.509839885e+00 -5.370016012e+01 -5.370016012e+01
86290 0 +2.947678706e+00 -5.426232129e+01 -5.426232129e+01
86317 0 +2.721194901e+00 -5.448880510e+01 -5.448880510e+01
86359 0 +2.371746197e+00 -5.483825380e+01 -5.483825380e+01
86535 0 +2.226107400e+00 -5.498389260e+01 -5.498389260e+01
100000 0 +2.189823261e+00 -5.502017674e+01 -5.502017674e+01
% f evaluations | g evaluations | best noise-free fitness - Fopt (-8.673000000000e+01) + sum g_i+ | measured fitness | best measured fitness or single-digit g-values | x1 | x2...
1 0 +1.358693517e+02 +4.913935170e+01 +4.913935170e+01
2 0 +1.080783495e+02 +2.134834949e+01 +2.134834949e+01
3 0 +9.778587414e+01 +1.105587414e+01 +1.105587414e+01
4 0 +4.919913930e+01 -3.753086070e+01 -3.753086070e+01
9 0 +4.071023617e+01 -4.601976383e+01 -4.601976383e+01
14 0 +3.971987003e+01 -4.701012997e+01 -4.701012997e+01
25 0 +3.003192813e+01 -5.669807187e+01 -5.669807187e+01
75 0 +2.776041703e+01 -5.896958297e+01 -5.896958297e+01
446 0 +2.322687840e+01 -6.350312160e+01 -6.350312160e+01
1159 0 +2.128935508e+01 -6.544064492e+01 -6.544064492e+01
2878 0 +6.801412852e+00 -7.992858715e+01 -7.992858715e+01
6600 0 +5.969224014e+00 -8.076077599e+01 -8.076077599e+01
6605 0 +5.345454435e+00 -8.138454556e+01 -8.138454556e+01
6616 0 +4.396416972e+00 -8.233358303e+01 -8.233358303e+01
6697 0 +3.720632989e+00 -8.300936701e+01 -8.300936701e+01
6700 0 +3.228593307e+00 -8.350140669e+01 -8.350140669e+01
6705 0 +3.129810426e+00 -8.360018957e+01 -8.360018957e+01
6715 0 +2.649719750e+00 -8.408028025e+01 -8.408028025e+01
6776 0 +2.409930401e+00 -8.432006960e+01 -8.432006960e+01
6863 0 +2.191729766e+00 -8.453827023e+01 -8.453827023e+01
71020 0 +1.948368184e+00 -8.478163182e+01 -8.478163182e+01
71031 0 +1.585048848e+00 -8.514495115e+01 -8.514495115e+01
71092 0 +1.565771830e+00 -8.516422817e+01 -8.516422817e+01
71098 0 +1.397424795e+00 -8.533257520e+01 -8.533257520e+01
71116 0 +1.111398052e+00 -8.561860195e+01 -8.561860195e+01
71177 0 +9.905513731e-01 -8.573944863e+01 -8.573944863e+01
71188 0 +8.141694560e-01 -8.591583054e+01 -8.591583054e+01
71231 0 +7.829121107e-01 -8.594708789e+01 -8.594708789e+01
71245 0 +6.974416647e-01 -8.603255834e+01 -8.603255834e+01
100000 0 +6.316715986e-01 -8.609832840e+01 -8.609832840e+01
% f evaluations | g evaluations | best noise-free fitness - Fopt (8.100000000000e+00) + sum g_i+ | measured fitness | best measured fitness or single-digit g-values | x1 | x2...
1 0 +7.091820890e+01 +7.901820890e+01 +7.901820890e+01
7 0 +5.889069407e+01 +6.699069407e+01 +6.699069407e+01
11 0 +4.941067383e+01 +5.751067383e+01 +5.751067383e+01
18 0 +4.376441966e+01 +5.186441966e+01 +5.186441966e+01
52 0 +2.905443284e+01 +3.715443284e+01 +3.715443284e+01
214 0 +2.702345953e+01 +3.512345953e+01 +3.512345953e+01
328 0 +2.295182532e+01 +3.105182532e+01 +3.105182532e+01
557 0 +2.121180077e+01 +2.931180077e+01 +2.931180077e+01
1125 0 +1.499730953e+01 +2.309730953e+01 +2.309730953e+01
1673 0 +6.852197884e+00 +1.495219788e+01 +1.495219788e+01
6611 0 +2.794591277e+00 +1.089459128e+01 +1.089459128e+01
6810 0 +2.506817873e+00 +1.060681787e+01 +1.060681787e+01
31291 0 +2.184230028e+00 +1.028423003e+01 +1.028423003e+01
100000 0 +2.121855886e+00 +1.022185589e+01 +1.022185589e+01
% f evaluations | g evaluations | best noise-free fitness - Fopt (-6.106000000000e+01) + sum g_i+ | measured fitness | best measured fitness or single-digit g-values | x1 | x2...
1 0 +9.303337708e+01 +3.197337708e+01 +3.197337708e+01
3 0 +9.156852380e+01 +3.050852380e+01 +3.050852380e+01
4 0 +7.655734957e+01 +1.549734957e+01 +1.549734957e+01
7 0 +5.530602151e+01 -5.753978491e+00 -5.753978491e+00
26 0 +3.307604416e+01 -2.798395584e+01 -2.798395584e+01
71 0 +2.456627047e+01 -3.649372953e+01 -3.649372953e+01
242 0 +1.776816356e+01 -4.329183644e+01 -4.329183644e+01
893 0 +1.516037268e+01 -4.589962732e+01 -4.589962732e+01
3949 0 +1.030839394e+01 -5.075160606e+01 -5.075160606e+01
5834 0 +9.396533654e+00 -5.166346635e+01 -5.166346635e+01
6453 0 +8.013684670e+00 -5.304631533e+01 -5.304631533e+01
6650 0 +7.476745453e+00 -5.358325455e+01 -5.358325455e+01
6652 0 +7.030629961e+00 -5.402937004e+01 -5.402937004e+01
6665 0 +6.232636748e+00 -5.482736325e+01 -5.482736325e+01
6736 0 +5.496433895e+00 -5.556356610e+01 -5.556356610e+01
6765 0 +4.978030749e+00 -5.608196925e+01 -5.608196925e+01
6860 0 +4.453671836e+00 -5.660632816e+01 -5.660632816e+01
29648 0 +3.935604184e+00 -5.712439582e+01 -5.712439582e+01
29689 0 +3.309383808e+00 -5.775061619e+01 -5.775061619e+01
29780 0 +3.091349488e+00 -5.796865051e+01 -5.796865051e+01
29794 0 +2.551580517e+00 -5.850841948e+01 -5.850841948e+01
29802 0 +2.367648573e+00 -5.869235143e+01 -5.869235143e+01
29880 0 +2.170213269e+00 -5.888978673e+01 -5.888978673e+01
29951 0 +1.929705573e+00 -5.913029443e+01 -5.913029443e+01
35255 0 +1.749107269e+00 -5.931089273e+01 -5.931089273e+01
79948 0 +1.462970510e+00 -5.959702949e+01 -5.959702949e+01
80093 0 +1.388957977e+00 -5.967104202e+01 -5.967104202e+01
100000 0 +1.347865787e+00 -5.971213421e+01 -5.971213421e+01
% f evaluations | g evaluations | best noise-free fitness - Fopt (-8.733600000000e+02) + sum g_i+ | measured fitness | best measured fitness or single-digit g-values | x1 | x2...
1 0 +1.126243299e+02 -7.607356701e+02 -7.607356701e+02
2 0 +8.639855359e+01 -7.869614464e+02 -7.869614464e+02
4 0 +5.987858295e+01 -8.134814170e+02 -8.134814170e+02
10 0 +2.905023977e+01 -8.443097602e+02 -8.443097602e+02
150 0 +2.380672842e+01 -8.495532716e+02 -8.495532716e+02
453 0 +1.968005160e+01 -8.536799484e+02 -8.536799484e+02
867 0 +1.625199174e+01 -8.571080083e+02 -8.571080083e+02
1719 0 +1.262181234e+01 -8.607381877e+02 -8.607381877e+02
4231 0 +1.121640610e+01 -8.621435939e+02 -8.621435939e+02
4457 0 +8.808726131e+00 -8.645512739e+02 -8.645512739e+02
6700 0 +7.333967315e+00 -8.660260327e+02 -8.660260327e+02
6744 0 +7.016237038e+00 -8.663437630e+02 -8.663437630e+02
33517 0 +6.268289129e+00 -8.670917109e+02 -8.670917109e+02
33578 0 +5.445514109e+00 -8.679144859e+02 -8.679144859e+02
33616 0 +4.911722626e+00 -8.684482774e+02 -8.684482774e+02
33658 0 +4.320985378e+00 -8.690390146e+02 -8.690390146e+02
33764 0 +3.980140503e+00 -8.693798595e+02 -8.693798595e+02
100000 0 +3.863257800e+00 -8.694967422e+02 -8.694967422e+02
% f evaluations | g evaluations | best noise-free fitness - Fopt (9.174000000000e+01) + sum g_i+ | measured fitness | best measured fitness or single-digit g-values | x1 | x2...
1 0 +8.312428380e+01 +1.748642838e+02 +1.748642838e+02
2 0 +5.593533018e+01 +1.476753302e+02 +1.476753302e+02
9 0 +4.521338451e+01 +1.369533845e+02 +1.369533845e+02
11 0 +2.569611301e+01 +1.174361130e+02 +1.174361130e+02
218 0 +2.332510138e+01 +1.150651014e+02 +1.150651014e+02
333 0 +2.139831495e+01 +1.131383149e+02 +1.131383149e+02
803 0 +1.654570208e+01 +1.082857021e+02 +1.082857021e+02
1346 0 +9.301697169e+00 +1.010416972e+02 +1.010416972e+02
4877 0 +7.740689799e+00 +9.948068980e+01 +9.948068980e+01
4887 0 +7.037464664e+00 +9.877746466e+01 +9.877746466e+01
6586 0 +5.754878941e+00 +9.749487894e+01 +9.749487894e+01
6594 0 +5.110996658e+00 +9.685099666e+01 +9.685099666e+01
6685 0 +4.827753268e+00 +9.656775327e+01 +9.656775327e+01
6698 0 +4.360699899e+00 +9.610069990e+01 +9.610069990e+01
6798 0 +3.904955707e+00 +9.564495571e+01 +9.564495571e+01
7280 0 +3.547989494e+00 +9.528798949e+01 +9.528798949e+01
11793 0 +2.976721118e+00 +9.471672112e+01 +9.471672112e+01
11809 0 +2.340614431e+00 +9.408061443e+01 +9.408061443e+01
11825 0 +2.224383853e+00 +9.396438385e+01 +9.396438385e+01
11879 0 +1.692072805e+00 +9.343207281e+01 +9.343207281e+01
11923 0 +1.572460819e+00 +9.331246082e+01 +9.331246082e+01
11998 0 +1.371236959e+00 +9.311123696e+01 +9.311123696e+01
12148 0 +1.257109954e+00 +9.299710995e+01 +9.299710995e+01
100000 0 +1.221197580e+00 +9.296119758e+01 +9.296119758e+01
% f evaluations | g evaluations | best noise-free fitness - Fopt (-8.210000000000e+00) + sum g_i+ | measured fitness | best measured fitness or single-digit g-values | x1 | x2...
1 0 +5.785134900e+01 +4.964134900e+01 +4.964134900e+01
2 0 +4.647436002e+01 +3.826436002e+01 +3.826436002e+01
9 0 +3.492414488e+01 +2.671414488e+01 +2.671414488e+01
16 0 +2.912312027e+01 +2.091312027e+01 +2.091312027e+01
24 0 +2.585741132e+01 +1.764741132e+01 +1.764741132e+01
49 0 +2.075821418e+01 +1.254821418e+01 +1.254821418e+01
217 0 +1.906305245e+01 +1.085305245e+01 +1.085305245e+01
264 0 +1.606020125e+01 +7.850201250e+00 +7.850201250e+00
455 0 +1.578387121e+01 +7.573871205e+00 +7.573871205e+00
4451 0 +1.232588953e+01 +4.115889530e+00 +4.115889530e+00
5578 0 +1.028086617e+01 +2.070866166e+00 +2.070866166e+00
5940 0 +7.573456172e+00 -6.365438278e-01 -6.365438278e-01
6958 0 +7.005854090e+00 -1.204145910e+00 -1.204145910e+00
47362 0 +5.484195073e+00 -2.725804927e+00 -2.725804927e+00
47497 0 +5.002099796e+00 -3.207900204e+00 -3.207900204e+00
75744 0 +3.540498675e+00 -4.669501325e+00 -4.669501325e+00
75759 0 +3.067807856e+00 -5.142192144e+00 -5.142192144e+00
75839 0 +2.772928019e+00 -5.437071981e+00 -5.437071981e+00
75881 0 +2.259735801e+00 -5.950264199e+00 -5.950264199e+00
75893 0 +2.232652155e+00 -5.977347845e+00 -5.977347845e+00
75932 0 +1.846828144e+00 -6.363171856e+00 -6.363171856e+00
76078 0 +1.776332058e+00 -6.433667942e+00 -6.433667942e+00
100000 0 +1.663969808e+00 -6.546030192e+00 -6.546030192e+00
% f evaluations | g evaluations | best noise-free fitness - Fopt (1.834000000000e+01) + sum g_i+ | measured fitness | best measured fitness or single-digit g-values | x1 | x2...
1 0 +4.687752828e+01 +6.521752828e+01 +6.521752828e+01
2 0 +4.265147751e+01 +6.099147751e+01 +6.099147751e+01
44 0 +2.718497122e+01 +4.552497122e+01 +4.552497122e+01
308 0 +2.231428181e+01 +4.065428181e+01 +4.065428181e+01
661 0 +1.898458415e+01 +3.732458415e+01 +3.732458415e+01
2905 0 +1.557570374e+01 +3.391570374e+01 +3.391570374e+01
5335 0 +1.272337960e+01 +3.106337960e+01 +3.106337960e+01
5354 0 +9.248338963e+00 +2.758833896e+01 +2.758833896e+01
6606 0 +8.672371821e+00 +2.701237182e+01 +2.701237182e+01
6645 0 +7.553639404e+00 +2.589363940e+01 +2.589363940e+01
6696 0 +6.606594233e+00 +2.494659423e+01 +2.494659423e+01
6700 0 +5.362502655e+00 +2.370250266e+01 +2.370250266e+01
6766 0 +4.916427895e+00 +2.325642789e+01 +2.325642789e+01
6917 0 +4.379360312e+00 +2.271936031e+01 +2.271936031e+01
100000 0 +4.020624198e+00 +2.236062420e+01 +2.236062420e+01
% f evaluations | g evaluations | best noise-free fitness - Fopt (-4.559000000000e+01) + sum g_i+ | measured fitness | best measured fitness or single-digit g-values | x1 | x2...
1 0 +8.505554182e+01 +3.946554182e+01 +3.946554182e+01
7 0 +4.591045917e+01 +3.204591735e-01 +3.204591735e-01
56 0 +4.325014526e+01 -2.339854744e+00 -2.339854744e+00
70 0 +2.402297337e+01 -2.156702663e+01 -2.156702663e+01
460 0 +2.125882382e+01 -2.433117618e+01 -2.433117618e+01
472 0 +1.684590467e+01 -2.874409533e+01 -2.874409533e+01
3180 0 +1.207651818e+01 -3.351348182e+01 -3.351348182e+01
4109 0 +6.345477616e+00 -3.924452238e+01 -3.924452238e+01
5695 0 +6.257164361e+00 -3.933283564e+01 -3.933283564e+01
6668 0 +5.252726381e+00 -4.033727362e+01 -4.033727362e+01
6747 0 +4.735803376e+00 -4.085419662e+01 -4.085419662e+01
6758 0 +3.915953398e+00 -4.167404660e+01 -4.167404660e+01
6772 0 +3.546425819e+00 -4.204357418e+01 -4.204357418e+01
6812 0 +3.105856733e+00 -4.248414327e+01 -4.248414327e+01
30639 0 +2.335618304e+00 -4.325438170e+01 -4.325438170e+01
30712 0 +2.049159351e+00 -4.354084065e+01 -4.354084065e+01
30753 0 +1.641483191e+00 -4.394851681e+01 -4.394851681e+01
30769 0 +1.386156302e+00 -4.420384370e+01 -4.420384370e+01
30829 0 +1.247722802e+00 -4.434227720e+01 -4.434227720e+01
30896 0 +1.071400810e+00 -4.451859919e+01 -4.451859919e+01
30906 0 +8.746423933e-01 -4.471535761e+01 -4.471535761e+01
30975 0 +7.755039789e-01 -4.481449602e+01 -4.481449602e+01
31094 0 +7.005922441e-01 -4.488940776e+01 -4.488940776e+01
100000 0 +6.668750873e-01 -4.492312491e+01 -4.492312491e+01
% f evaluations | g evaluations | best noise-free fitness - Fopt (-6.230000000000e+00) + sum g_i+ | measured fitness | best measured fitness or single-digit g-values | x1 | x2...
1 0 +1.055584887e+02 +9.932848867e+01 +9.932848867e+01
2 0 +7.934711056e+01 +7.311711056e+01 +7.311711056e+01
9 0 +6.358874472e+01 +5.735874472e+01 +5.735874472e+01
10 0 +4.457518827e+01 +3.834518827e+01 +3.834518827e+01
60 0 +3.386485620e+01 +2.763485620e+01 +2.763485620e+01
88 0 +3.109758662e+01 +2.486758662e+01 +2.486758662e+01
570 0 +2.149093610e+01 +1.526093610e+01 +1.526093610e+01
1587 0 +1.464035377e+01 +8.410353772e+00 +8.410353772e+00
4097 0 +8.879061663e+00 +2.649061663e+00 +2.649061663e+00
5857 0 +5.858684513e+00 -3.713154874e-01 -3.713154874e-01
10424 0 +5.403291059e+00 -8.267089409e-01 -8.267089409e-01
10441 0 +4.729918932e+00 -1.500081068e+00 -1.500081068e+00
10447 0 +4.177904464e+00 -2.052095536e+00 -2.052095536e+00
10453 0 +2.736702545e+00 -3.493297455e+00 -3.493297455e+00
10527 0 +1.696442756e+00 -4.533557244e+00 -4.533557244e+00
10654 0 +1.575125634e+00 -4.654874366e+00 -4.654874366e+00
10781 0 +1.409134129e+00 -4.820865871e+00 -4.820865871e+00
69306 0 +1.200111169e+00 -5.029888831e+00 -5.029888831e+00
69316 0 +1.090071767e+00 -5.139928233e+00 -5.139928233e+00
69360 0 +9.946106755e-01 -5.235389324e+00 -5.235389324e+00
69469 0 +8.860775852e-01 -5.343922415e+00 -5.343922415e+00
100000 0 +8.476004184e-01 -5.382399582e+00 -5.382399582e+00
% f evaluations | g evaluations | best noise-free fitness - Fopt (1.349800000000e+02) + sum g_i+ | measured fitness | best measured fitness or single-digit g-values | x1 | x2...
1 0 +5.943557414e+01 +1.944155741e+02 +1.944155741e+02
7 0 +5.403574885e+01 +1.890157489e+02 +1.890157489e+02
13 0 +4.758273183e+01 +1.825627318e+02 +1.825627318e+02
41 0 +4.367622699e+01 +1.786562270e+02 +1.786562270e+02
47 0 +3.393510464e+01 +1.689151046e+02 +1.689151046e+02
118 0 +2.369763266e+01 +1.586776327e+02 +1.586776327e+02
260 0 +1.683871153e+01 +1.518187115e+02 +1.518187115e+02
3923 0 +1.063511095e+01 +1.456151109e+02 +1.456151109e+02
4072 0 +9.567374885e+00 +1.445473749e+02 +1.445473749e+02
5856 0 +6.732449125e+00 +1.417124491e+02 +1.417124491e+02
6705 0 +6.306199010e+00 +1.412861990e+02 +1.412861990e+02
6756 0 +5.601663135e+00 +1.405816631e+02 +1.405816631e+02
6772 0 +5.003653074e+00 +1.399836531e+02 +1.399836531e+02
6776 0 +4.370564668e+00 +1.393505647e+02 +1.393505647e+02
6890 0 +3.980698582e+00 +1.389606986e+02 +1.389606986e+02
7145 0 +3.545268756e+00 +1.385252688e+02 +1.385252688e+02
100000 0 +3.232280326e+00 +1.382122803e+02 +1.382122803e+02
