% f evaluations | g evaluations | best noise-free fitness - Fopt (1.491500000000e+02) + sum g_i+ | measured fitness | best measured fitness or single-digit g-values | x1 | x2...
1 0 +1.610591361e+05 +1.612082861e+05 +1.612082861e+05
4 0 +1.326618941e+05 +1.328110441e+05 +1.328110441e+05
9 0 +1.134480205e+05 +1.135971705e+05 +1.135971705e+05
10 0 +3.102515695e+04 +3.117430695e+04 +3.117430695e+04
106 0 +2.478172789e+04 +2.493087789e+04 +2.493087789e+04
111 0 +1.792726839e+04 +1.807641839e+04 +1.807641839e+04
116 0 +5.301513793e+03 +5.450663793e+03 +5.450663793e+03
344 0 +4.542062231e+03 +4.691212231e+03 +4.691212231e+03
347 0 +4.239401316e+03 +4.388551316e+03 +4.388551316e+03
15488 0 +2.024791748e+03 +2.173941748e+03 +2.173941748e+03
23388 0 +1.404696995e+03 +1.553846995e+03 +1.553846995e+03
45437 0 +9.672555173e+02 +1.116405517e+03 +1.116405517e+03
56004 0 +6.820687989e+02 +8.312187989e+02 +8.312187989e+02
56957 0 +5.775980999e+02 +7.267480999e+02 +7.267480999e+02
59856 0 +5.343700915e+02 +6.835200915e+02 +6.835200915e+02
60799 0 +3.244637552e+02 +4.736137552e+02 +4.736137552e+02
100000 0 +3.244637552e+02 +4.736137552e+02 +4.736137552e+02
% f evaluations | g evaluations | best noise-free fitness - Fopt (-1.000000000000e+03) + sum g_i+ | measured fitness | best measured fitness or single-digit g-values | x1 | x2...
1 0 +3.715287176e+05 +3.705287176e+05 +3.705287176e+05
2 0 +2.932753172e+05 +2.922753172e+05 +2.922753172e+05
4 0 +2.321007544e+05 +2.311007544e+05 +2.311007544e+05
12 0 +7.163697390e+04 +7.063697390e+04 +7.063697390e+04
15 0 +4.079694525e+04 +3.979694525e+04 +3.979694525e+04
109 0 +3.136652560e+04 +3.036652560e+04 +3.036652560e+04
126 0 +2.127589799e+04 +2.027589799e+04 +2.027589799e+04
162 0 +9.867104258e+03 +8.867104258e+03 +8.867104258e+03
190 0 +6.519406001e+03 +5.519406001e+03 +5.519406001e+03
8868 0 +4.975689969e+03 +3.975689969e+03 +3.975689969e+03
55022 0 +4.428629822e+03 +3.428629822e+03 +3.428629822e+03
55243 0 +1.450612296e+03 +4.506122963e+02 +4.506122963e+02
100000 0 +1.450612296e+03 +4.506122963e+02 +4.506122963e+02
% f evaluations | g evaluations | best noise-free fitness - Fopt (9.862000000000e+01) + sum g_i+ | measured fitness | best measured fitness or single-digit g-values | x1 | x2...
1 0 +2.145482114e+05 +2.146468314e+05 +2.146468314e+05
2 0 +1.478258155e+05 +1.479244355e+05 +1.479244355e+05
7 0 +4.890685029e+04 +4.900547029e+04 +4.900547029e+04
28 0 +2.257745569e+04 +2.267607569e+04 +2.267607569e+04
118 0 +2.171427499e+04 +2.181289499e+04 +2.181289499e+04
121 0 +1.721461441e+04 +1.731323441e+04 +1.731323441e+04
158 0 +1.422478528e+04 +1.432340528e+04 +1.432340528e+04
244 0 +9.193317857e+03 +9.291937857e+03 +9.291937857e+03
253 0 +7.807632519e+03 +7.906252519e+03 +7.906252519e+03
1073 0 +6.598715822e+03 +6.697335822e+03 +6.697335822e+03
1185 0 +4.610179185e+03 +4.708799185e+03 +4.708799185e+03
1187 0 +3.688109882e+03 +3.786729882e+03 +3.786729882e+03
1553 0 +3.156979760e+03 +3.255599760e+03 +3.255599760e+03
32418 0 +2.808838616e+03 +2.907458616e+03 +2.907458616e+03
32677 0 +2.042169146e+03 +2.140789146e+03 +2.140789146e+03
34352 0 +1.539825921e+03 +1.638445921e+03 +1.638445921e+03
47797 0 +9.363515447e+02 +1.034971545e+03 +1.034971545e+03
49696 0 +4.210839833e+02 +5.197039833e+02 +5.197039833e+02
100000 0 +4.210839833e+02 +5.197039833e+02 +5.197039833e+02
% f evaluations | g evaluations | best noise-free fitness - Fopt (-4.715000000000e+01) + sum g_i+ | measured fitness | best measured fitness or single-digit g-values | x1 | x2...
1 0 +5.816092912e+04 +5.811377912e+04 +5.811377912e+04
7 0 +4.664852837e+04 +4.660137837e+04 +4.660137837e+04
12 0 +3.011920932e+04 +3.007205932e+04 +3.007205932e+04
103 0 +2.475739658e+04 +2.471024658e+04 +2.471024658e+04
104 0 +1.067589240e+04 +1.062874240e+04 +1.062874240e+04
108 0 +6.496757236e+03 +6.449607236e+03 +6.449607236e+03
124 0 +5.769629460e+03 +5.722479460e+03 +5.722479460e+03
1064 0 +7.440174182e+02 +6.968674182e+02 +6.968674182e+02
42085 0 +5.922018103e+02 +5.450518103e+02 +5.450518103e+02
45923 0 +2.933719862e+02 +2.462219862e+02 +2.462219862e+02
82458 0 +1.276210922e+02 +8.047109217e+01 +8.047109217e+01
100000 0 +1.276210922e+02 +8.047109217e+01 +8.047109217e+01
% f evaluations | g evaluations | best noise-free fitness - Fopt (3.752000000000e+01) + sum g_i+ | measured fitness | best measured fitness or single-digit g-values | x1 | x2...
1 0 +9.139130927e+05 +9.139506127e+05 +9.139506127e+05
2 0 +3.062912950e+05 +3.063288150e+05 +3.063288150e+05
5 0 +1.816032311e+05 +1.816407511e+05 +1.816407511e+05
6 0 +5.580074396e+04 +5.583826396e+04 +5.583826396e+04
39 0 +2.999548781e+04 +3.003300781e+04 +3.003300781e+04
794 0 +2.523908826e+04 +2.527660826e+04 +2.527660826e+04
2652 0 +5.720576811e+03 +5.758096811e+03 +5.758096811e+03
14177 0 +2.010300804e+03 +2.047820804e+03 +2.047820804e+03
100000 0 +2.010300804e+03 +2.047820804e+03 +2.047820804e+03
% f evaluations | g evaluations | best noise-free fitness - Fopt (2.177000000000e+01) + sum g_i+ | measured fitness | best measured fitness or single-digit g-values | x1 | x2...
1 0 +1.333391331e+04 +1.335568331e+04 +1.335568331e+04
12 0 +8.435643302e+03 +8.457413302e+03 +8.457413302e+03
7997 0 +3.405740451e+03 +3.427510451e+03 +3.427510451e+03
8242 0 +2.722716290e+03 +2.744486290e+03 +2.744486290e+03
8245 0 +1.581460541e+03 +1.603230541e+03 +1.603230541e+03
24317 0 +5.977944126e+02 +6.195644126e+02 +6.195644126e+02
47972 0 +2.192247698e+02 +2.409947698e+02 +2.409947698e+02
71952 0 +1.980829584e+02 +2.198529584e+02 +2.198529584e+02
73036 0 +1.367320302e+02 +1.585020302e+02 +1.585020302e+02
92318 0 +1.197120871e+02 +1.414820871e+02 +1.414820871e+02
92828 0 +8.703060533e+01 +1.088006053e+02 +1.088006053e+02
97098 0 +5.976751798e+01 +8.153751798e+01 +8.153751798e+01
97146 0 +2.621083374e+01 +4.798083374e+01 +4.798083374e+01
100000 0 +2.621083374e+01 +4.798083374e+01 +4.798083374e+01
% f evaluations | g evaluations | best noise-free fitness - Fopt (6.603000000000e+01) + sum g_i+ | measured fitness | best measured fitness or single-digit g-values | x1 | x2...
1 0 +1.148726822e+05 +1.149387122e+05 +1.149387122e+05
5 0 +4.990639186e+04 +4.997242186e+04 +4.997242186e+04
58 0 +3.346341662e+04 +3.352944662e+04 +3.352944662e+04
101 0 +2.223343467e+04 +2.229946467e+04 +2.229946467e+04
135 0 +1.842838060e+04 +1.849441060e+04 +1.849441060e+04
147 0 +1.368255546e+04 +1.374858546e+04 +1.374858546e+04
252 0 +1.237059464e+04 +1.243662464e+04 +1.243662464e+04
342 0 +8.817343181e+03 +8.883373181e+03 +8.883373181e+03
828 0 +6.569882934e+03 +6.635912934e+03 +6.635912934e+03
829 0 +5.698189152e+03 +5.764219152e+03 +5.764219152e+03
15487 0 +4.576339698e+03 +4.642369698e+03 +4.642369698e+03
15985 0 +1.948726660e+03 +2.014756660e+03 +2.014756660e+03
43216 0 +1.199314468e+03 +1.265344468e+03 +1.265344468e+03
58589 0 +8.011041709e+02 +8.671341709e+02 +8.671341709e+02
86374 0 +6.776191892e+02 +7.436491892e+02 +7.436491892e+02
100000 0 +6.776191892e+02 +7.436491892e+02 +7.436491892e+02
% f evaluations | g evaluations | best noise-free fitness - Fopt (1.720100000000e+02) + sum g_i+ | measured fitness | best measured fitness or single-digit g-values | x1 | x2...
1 0 +1.080062249e+05 +1.081782349e+05 +1.081782349e+05
19 0 +7.059400822e+04 +7.076601822e+04 +7.076601822e+04
54 0 +2.452961600e+04 +2.470162600e+04 +2.470162600e+04
91 0 +2.169909896e+04 +2.187110896e+04 +2.187110896e+04
140 0 +1.562214663e+04 +1.579415663e+04 +1.579415663e+04
364 0 +1.093549919e+04 +1.110750919e+04 +1.110750919e+04
405 0 +3.555659992e+03 +3.727669992e+03 +3.727669992e+03
16675 0 +1.738688165e+03 +1.910698165e+03 +1.910698165e+03
72915 0 +1.500166351e+03 +1.672176351e+03 +1.672176351e+03
74264 0 +1.409605392e+03 +1.581615392e+03 +1.581615392e+03
74326 0 +1.245186346e+03 +1.417196346e+03 +1.417196346e+03
74336 0 +1.092947053e+03 +1.264957053e+03 +1.264957053e+03
89622 0 +8.505768161e+02 +1.022586816e+03 +1.022586816e+03
89727 0 +5.289495532e+02 +7.009595532e+02 +7.009595532e+02
92121 0 +4.739681672e+02 +6.459781672e+02 +6.459781672e+02
100000 0 +4.739681672e+02 +6.459781672e+02 +6.459781672e+02
% f evaluations | g evaluations | best noise-free fitness - Fopt (-2.725000000000e+01) + sum g_i+ | measured fitness | best measured fitness or single-digit g-values | x1 | x2...
1 0 +1.251319255e+04 +1.248594255e+04 +1.248594255e+04
100 0 +9.657335337e+03 +9.630085337e+03 +9.630085337e+03
581 0 +4.648476775e+03 +4.621226775e+03 +4.621226775e+03
4437 0 +3.817830014e+03 +3.790580014e+03 +3.790580014e+03
4448 0 +3.257270796e+03 +3.230020796e+03 +3.230020796e+03
11643 0 +2.400599377e+03 +2.373349377e+03 +2.373349377e+03
27467 0 +1.785536527e+03 +1.758286527e+03 +1.758286527e+03
59544 0 +1.198065842e+03 +1.170815842e+03 +1.170815842e+03
89001 0 +1.102906712e+03 +1.075656712e+03 +1.075656712e+03
89126 0 +9.448819707e+02 +9.176319707e+02 +9.176319707e+02
92509 0 +8.081578481e+02 +7.809078481e+02 +7.809078481e+02
98780 0 +7.655347580e+02 +7.382847580e+02 +7.382847580e+02
100000 0 +7.191734388e+02 +6.919234388e+02 +6.919234388e+02
% f evaluations | g evaluations | best noise-free fitness - Fopt (-1.521800000000e+02) + sum g_i+ | measured fitness | best measured fitness or single-digit g-values | x1 | x2...
1 0 +1.085762706e+05 +1.084240906e+05 +1.084240906e+05
14 0 +9.725658873e+04 +9.710440873e+04 +9.710440873e+04
26 0 +7.992189883e+04 +7.976971883e+04 +7.976971883e+04
28 0 +6.044271030e+04 +6.029053030e+04 +6.029053030e+04
59 0 +2.743777066e+04 +2.728559066e+04 +2.728559066e+04
77 0 +2.300978217e+04 +2.285760217e+04 +2.285760217e+04
224 0 +1.110677367e+04 +1.095459367e+04 +1.095459367e+04
457 0 +9.989373383e+03 +9.837193383e+03 +9.837193383e+03
4219 0 +1.589830325e+03 +1.437650325e+03 +1.437650325e+03
38678 0 +1.472519328e+03 +1.320339328e+03 +1.320339328e+03
38796 0 +1.408508805e+03 +1.256328805e+03 +1.256328805e+03
39254 0 +1.026185940e+03 +8.740059402e+02 +8.740059402e+02
39277 0 +6.701217739e+02 +5.179417739e+02 +5.179417739e+02
72178 0 +6.208897291e+02 +4.687097291e+02 +4.687097291e+02
73019 0 +3.262312174e+02 +1.740512174e+02 +1.740512174e+02
75766 0 +2.697969921e+02 +1.176169921e+02 +1.176169921e+02
100000 0 +2.546866055e+02 +1.025066055e+02 +1.025066055e+02
% f evaluations | g evaluations | best noise-free fitness - Fopt (5.821500000000e+02) + sum g_i+ | measured fitness | best measured fitness or single-digit g-values | x1 | x2...
1 0 +1.234114900e+05 +1.239936400e+05 +1.239936400e+05
18 0 +5.592530419e+04 +5.650745419e+04 +5.650745419e+04
32 0 +4.686421411e+04 +4.744636411e+04 +4.744636411e+04
34 0 +3.490693581e+04 +3.548908581e+04 +3.548908581e+04
36 0 +2.205120389e+04 +2.263335389e+04 +2.263335389e+04
223 0 +9.237265401e+03 +9.819415401e+03 +9.819415401e+03
718 0 +5.632718951e+03 +6.214868951e+03 +6.214868951e+03
3587 0 +4.227258038e+03 +4.809408038e+03 +4.809408038e+03
18948 0 +3.798268065e+03 +4.380418065e+03 +4.380418065e+03
19911 0 +1.734445592e+03 +2.316595592e+03 +2.316595592e+03
100000 0 +1.734445592e+03 +2.316595592e+03 +2.316595592e+03
% f evaluations | g evaluations | best noise-free fitness - Fopt (1.752000000000e+01) + sum g_i+ | measured fitness | best measured fitness or single-digit g-values | x1 | x2...
1 0 +4.460501497e+05 +4.460676697e+05 +4.460676697e+05
2 0 +2.127498172e+05 +2.127673372e+05 +2.127673372e+05
3 0 +1.135834258e+05 +1.136009458e+05 +1.136009458e+05
6 0 +8.521145195e+04 +8.522897195e+04 +8.522897195e+04
10 0 +4.560193490e+04 +4.561945490e+04 +4.561945490e+04
34 0 +3.055430968e+04 +3.057182968e+04 +3.057182968e+04
61 0 +7.844643235e+03 +7.862163235e+03 +7.862163235e+03
461 0 +3.548382682e+03 +3.565902682e+03 +3.565902682e+03
718 0 +2.923864215e+03 +2.941384215e+03 +2.941384215e+03
1795 0 +2.767137197e+03 +2.784657197e+03 +2.784657197e+03
4426 0 +1.035563220e+03 +1.053083220e+03 +1.053083220e+03
62106 0 +9.079700539e+02 +9.254900539e+02 +9.254900539e+02
63149 0 +8.334204826e+02 +8.509404826e+02 +8.509404826e+02
64094 0 +6.189339030e+02 +6.364539030e+02 +6.364539030e+02
64974 0 +5.053598944e+02 +5.228798944e+02 +5.228798944e+02
66042 0 +4.598407278e+02 +4.773607278e+02 +4.773607278e+02
68920 0 +3.440306114e+02 +3.615506114e+02 +3.615506114e+02
76605 0 +1.665191214e+02 +1.840391214e+02 +1.840391214e+02
100000 0 +1.665191214e+02 +1.840391214e+02 +1.840391214e+02
% f evaluations | g evaluations | best noise-free fitness - Fopt (4.041000000000e+01) + sum g_i+ | measured fitness | best measured fitness or single-digit g-values | x1 | x2...
1 0 +3.251655270e+05 +3.252059370e+05 +3.252059370e+05
3 0 +3.071920561e+05 +3.072324661e+05 +3.072324661e+05
5 0 +2.323636991e+05 +2.324041091e+05 +2.324041091e+05
20 0 +1.762189054e+05 +1.762593154e+05 +1.762593154e+05
34 0 +1.139117575e+05 +1.139521675e+05 +1.139521675e+05
37 0 +3.253384509e+04 +3.257425509e+04 +3.257425509e+04
138 0 +2.635845317e+04 +2.639886317e+04 +2.639886317e+04
139 0 +2.440108955e+04 +2.444149955e+04 +2.444149955e+04
143 0 +1.584373242e+04 +1.588414242e+04 +1.588414242e+04
1111 0 +7.414010824e+03 +7.454420824e+03 +7.454420824e+03
1168 0 +3.749304202e+03 +3.789714202e+03 +3.789714202e+03
16538 0 +3.097561802e+03 +3.137971802e+03 +3.137971802e+03
16598 0 +1.988584272e+03 +2.028994272e+03 +2.028994272e+03
24633 0 +1.263950586e+03 +1.304360586e+03 +1.304360586e+03
90076 0 +1.116159150e+03 +1.156569150e+03 +1.156569150e+03
100000 0 +1.116159150e+03 +1.156569150e+03 +1.156569150e+03
% f evaluations | g evaluations | best noise-free fitness - Fopt (2.265900000000e+02) + sum g_i+ | measured fitness | best measured fitness or single-digit g-values | x1 | x2...
1 0 +8.889482965e+04 +8.912141965e+04 +8.912141965e+04
9 0 +3.757096835e+04 +3.779755835e+04 +3.779755835e+04
35 0 +1.428015944e+04 +1.450674944e+04 +1.450674944e+04
214 0 +1.017613613e+04 +1.040272613e+04 +1.040272613e+04
368 0 +8.940456742e+03 +9.167046742e+03 +9.167046742e+03
410 0 +2.401182804e+03 +2.627772804e+03 +2.627772804e+03
6115 0 +1.807651418e+03 +2.034241418e+03 +2.034241418e+03
6183 0 +8.174021269e+02 +1.043992127e+03 +1.043992127e+03
71326 0 +5.877706966e+02 +8.143606966e+02 +8.143606966e+02
71591 0 +4.345558328e+02 +6.611458328e+02 +6.611458328e+02
75206 0 +3.553600459e+02 +5.819500459e+02 +5.819500459e+02
75409 0 +2.572674113e+02 +4.838574113e+02 +4.838574113e+02
75410 0 +2.164513824e+02 +4.430413824e+02 +4.430413824e+02
75433 0 +1.967968405e+02 +4.233868405e+02 +4.233868405e+02
90783 0 +1.458275792e+02 +3.724175792e+02 +3.724175792e+02
100000 0 +1.458275792e+02 +3.724175792e+02 +3.724175792e+02
% f evaluations | g evaluations | best noise-free fitness - Fopt (-5.862000000000e+01) + sum g_i+ | measured fitness | best measured fitness or single-digit g-values | x1 | x2...
1 0 +2.105992151e+05 +2.105405951e+05 +2.105405951e+05
4 0 +5.186072939e+04 +5.180210939e+04 +5.180210939e+04
7 0 +3.062345924e+04 +3.056483924e+04 +3.056483924e+04
81 0 +2.500508181e+04 +2.494646181e+04 +2.494646181e+04
131 0 +1.493817649e+04 +1.487955649e+04 +1.487955649e+04
137 0 +1.036299489e+04 +1.030437489e+04 +1.030437489e+04
253 0 +9.120665331e+03 +9.062045331e+03 +9.062045331e+03
720 0 +7.399267451e+03 +7.340647451e+03 +7.340647451e+03
2043 0 +2.038557827e+03 +1.979937827e+03 +1.979937827e+03
3040 0 +1.938375577e+03 +1.879755577e+03 +1.879755577e+03
64638 0 +1.724524686e+03 +1.665904686e+03 +1.665904686e+03
68712 0 +1.072748856e+03 +1.014128856e+03 +1.014128856e+03
99530 0 +9.813270993e+02 +9.227070993e+02 +9.227070993e+02
100000 0 +8.954646743e+02 +8.368446743e+02 +8.368446743e+02
