% f evaluations | g evaluations | best noise-free fitness - Fopt (3.590000000000e+01) + sum g_i+ | measured fitness | best measured fitness or single-digit g-values | x1 | x2...
1 0 +7.743465359e+05 +7.743824359e+05 +7.743824359e+05
7 0 +7.477191710e+05 +7.477550710e+05 +7.477550710e+05
11 0 +6.473198585e+05 +6.473557585e+05 +6.473557585e+05
17 0 +6.294207351e+05 +6.294566351e+05 +6.294566351e+05
44 0 +5.914636743e+05 +5.914995743e+05 +5.914995743e+05
619 0 +5.585510967e+05 +5.585869967e+05 +5.585869967e+05
632 0 +4.669775701e+05 +4.670134701e+05 +4.670134701e+05
633 0 +3.944744746e+05 +3.945103746e+05 +3.945103746e+05
638 0 +3.242105488e+05 +3.242464488e+05 +3.242464488e+05
639 0 +3.116025581e+05 +3.116384581e+05 +3.116384581e+05
641 0 +2.946883331e+05 +2.947242331e+05 +2.947242331e+05
646 0 +2.788448921e+05 +2.788807921e+05 +2.788807921e+05
651 0 +2.308135913e+05 +2.308494913e+05 +2.308494913e+05
653 0 +2.157647695e+05 +2.158006695e+05 +2.158006695e+05
657 0 +1.738367562e+05 +1.738726562e+05 +1.738726562e+05
659 0 +1.558874924e+05 +1.559233924e+05 +1.559233924e+05
673 0 +1.162892620e+05 +1.163251620e+05 +1.163251620e+05
678 0 +8.296791297e+04 +8.300381297e+04 +8.300381297e+04
681 0 +7.192593709e+04 +7.196183709e+04 +7.196183709e+04
690 0 +6.625418565e+04 +6.629008565e+04 +6.629008565e+04
691 0 +6.294100450e+04 +6.297690450e+04 +6.297690450e+04
695 0 +5.460633054e+04 +5.464223054e+04 +5.464223054e+04
697 0 +3.321199883e+04 +3.324789883e+04 +3.324789883e+04
711 0 +3.078150244e+04 +3.081740244e+04 +3.081740244e+04
713 0 +1.751638613e+04 +1.755228613e+04 +1.755228613e+04
718 0 +1.510667297e+04 +1.514257297e+04 +1.514257297e+04
721 0 +1.247724623e+04 +1.251314623e+04 +1.251314623e+04
728 0 +1.112781686e+04 +1.116371686e+04 +1.116371686e+04
730 0 +8.498804348e+03 +8.534704348e+03 +8.534704348e+03
731 0 +6.456822051e+03 +6.492722051e+03 +6.492722051e+03
741 0 +5.288921232e+03 +5.324821232e+03 +5.324821232e+03
745 0 +2.838136775e+03 +2.874036775e+03 +2.874036775e+03
753 0 +2.429147559e+03 +2.465047559e+03 +2.465047559e+03
772 0 +4.131183635e+02 +4.490183635e+02 +4.490183635e+02
853 0 +2.809105826e+02 +3.168105826e+02 +3.168105826e+02
855 0 +2.475189078e+02 +2.834189078e+02 +2.834189078e+02
860 0 +2.165879910e+02 +2.524879910e+02 +2.524879910e+02
874 0 +6.418148236e+01 +1.000814824e+02 +1.000814824e+02
932 0 +5.079621520e+01 +8.669621520e+01 +8.669621520e+01
951 0 +2.700203336e+01 +6.290203336e+01 +6.290203336e+01
1030 0 +2.482337395e+01 +6.072337395e+01 +6.072337395e+01
1095 0 +2.214017349e+01 +5.804017349e+01 +5.804017349e+01
1120 0 +1.971971492e+01 +5.561971492e+01 +5.561971492e+01
1127 0 +1.770713145e+01 +5.360713145e+01 +5.360713145e+01
1139 0 +1.506512672e+01 +5.096512672e+01 +5.096512672e+01
1150 0 +1.378069494e+01 +4.968069494e+01 +4.968069494e+01
1182 0 +1.253472719e+01 +4.843472719e+01 +4.843472719e+01
1245 0 +1.118402472e+01 +4.708402472e+01 +4.708402472e+01
1262 0 +9.746865345e+00 +4.564686535e+01 +4.564686535e+01
1285 0 +8.535685400e+00 +4.443568540e+01 +4.443568540e+01
1325 0 +7.638731784e+00 +4.353873178e+01 +4.353873178e+01
1360 0 +7.009386958e+00 +4.290938696e+01 +4.290938696e+01
1386 0 +6.287702645e+00 +4.218770264e+01 +4.218770264e+01
1422 0 +5.424269384e+00 +4.132426938e+01 +4.132426938e+01
1445 0 +4.868278274e+00 +4.076827827e+01 +4.076827827e+01
1459 0 +4.381942005e+00 +4.028194200e+01 +4.028194200e+01
1494 0 +3.970945200e+00 +3.987094520e+01 +3.987094520e+01
1560 0 +3.424964718e+00 +3.932496472e+01 +3.932496472e+01
1579 0 +3.096648525e+00 +3.899664852e+01 +3.899664852e+01
1684 0 +2.806089661e+00 +3.870608966e+01 +3.870608966e+01
1720 0 +2.466595433e+00 +3.836659543e+01 +3.836659543e+01
1739 0 +2.180459084e+00 +3.808045908e+01 +3.808045908e+01
1760 0 +1.952912919e+00 +3.785291292e+01 +3.785291292e+01
1767 0 +1.743886699e+00 +3.764388670e+01 +3.764388670e+01
1779 0 +1.578614324e+00 +3.747861432e+01 +3.747861432e+01
1819 0 +1.404038303e+00 +3.730403830e+01 +3.730403830e+01
1979 0 +1.233207660e+00 +3.713320766e+01 +3.713320766e+01
2045 0 +1.098694129e+00 +3.699869413e+01 +3.699869413e+01
2059 0 +9.853937856e-01 +3.688539379e+01 +3.688539379e+01
2085 0 +8.738767023e-01 +3.677387670e+01 +3.677387670e+01
2167 0 +7.914244884e-01 +3.669142449e+01 +3.669142449e+01
3400 0 +7.072918384e-01 +3.660729184e+01 +3.660729184e+01
3882 0 +6.305624149e-01 +3.653056241e+01 +3.653056241e+01
4219 0 +5.610359194e-01 +3.646103592e+01 +3.646103592e+01
4539 0 +4.987873351e-01 +3.639878734e+01 +3.639878734e+01
5197 0 +4.461115017e-01 +3.634611150e+01 +3.634611150e+01
6720 0 +3.978405630e-01 +3.629784056e+01 +3.629784056e+01
9443 0 +3.547460293e-01 +3.625474603e+01 +3.625474603e+01
11921 0 +3.162133350e-01 +3.621621334e+01 +3.621621334e+01
14160 0 +2.817666095e-01 +3.618176661e+01 +3.618176661e+01
16659 0 +2.510869618e-01 +3.615108696e+01 +3.615108696e+01
19080 0 +2.236710864e-01 +3.612367109e+01 +3.612367109e+01
20859 0 +1.994676243e-01 +3.609946762e+01 +3.609946762e+01
22525 0 +1.778050344e-01 +3.607780503e+01 +3.607780503e+01
24445 0 +1.584806315e-01 +3.605848063e+01 +3.605848063e+01
27680 0 +1.412314359e-01 +3.604123144e+01 +3.604123144e+01
29259 0 +1.258539483e-01 +3.602585395e+01 +3.602585395e+01
30259 0 +1.121233269e-01 +3.601212333e+01 +3.601212333e+01
31127 0 +9.992420034e-02 +3.599992420e+01 +3.599992420e+01
32094 0 +8.912225274e-02 +3.598912225e+01 +3.598912225e+01
37019 0 +7.942755293e-02 +3.597942755e+01 +3.597942755e+01
40400 0 +7.078475522e-02 +3.597078476e+01 +3.597078476e+01
41819 0 +6.307405585e-02 +3.596307406e+01 +3.596307406e+01
42979 0 +5.622664769e-02 +3.595622665e+01 +3.595622665e+01
44259 0 +5.008769688e-02 +3.595008770e+01 +3.595008770e+01
46120 0 +4.465592901e-02 +3.594465593e+01 +3.594465593e+01
50419 0 +3.978496752e-02 +3.593978497e+01 +3.593978497e+01
52139 0 +3.546696923e-02 +3.593546697e+01 +3.593546697e+01
53252 0 +3.161635446e-02 +3.593161635e+01 +3.593161635e+01
54459 0 +2.816837533e-02 +3.592816838e+01 +3.592816838e+01
56080 0 +2.510928075e-02 +3.592510928e+01 +3.592510928e+01
58339 0 +2.237036161e-02 +3.592237036e+01 +3.592237036e+01
59939 0 +1.994932949e-02 +3.591994933e+01 +3.591994933e+01
61640 0 +1.777984078e-02 +3.591777984e+01 +3.591777984e+01
64141 0 +1.584857730e-02 +3.591584858e+01 +3.591584858e+01
66722 0 +1.412198709e-02 +3.591412199e+01 +3.591412199e+01
68739 0 +1.257595464e-02 +3.591257595e+01 +3.591257595e+01
70137 0 +1.121762001e-02 +3.591121762e+01 +3.591121762e+01
71619 0 +9.994611276e-03 +3.590999461e+01 +3.590999461e+01
75334 0 +8.911392163e-03 +3.590891139e+01 +3.590891139e+01
81139 0 +7.941202882e-03 +3.590794120e+01 +3.590794120e+01
83477 0 +7.077939542e-03 +3.590707794e+01 +3.590707794e+01
85174 0 +6.305697287e-03 +3.590630570e+01 +3.590630570e+01
86694 0 +5.622365245e-03 +3.590562237e+01 +3.590562237e+01
88779 0 +5.011307205e-03 +3.590501131e+01 +3.590501131e+01
99699 0 +4.465829791e-03 +3.590446583e+01 +3.590446583e+01
103259 0 +3.979908191e-03 +3.590397991e+01 +3.590397991e+01
105539 0 +3.545063747e-03 +3.590354506e+01 +3.590354506e+01
107659 0 +3.161489345e-03 +3.590316149e+01 +3.590316149e+01
110139 0 +2.817557246e-03 +3.590281756e+01 +3.590281756e+01
114859 0 +2.511685494e-03 +3.590251169e+01 +3.590251169e+01
124019 0 +2.238380895e-03 +3.590223838e+01 +3.590223838e+01
128419 0 +1.994677300e-03 +3.590199468e+01 +3.590199468e+01
132099 0 +1.776884805e-03 +3.590177688e+01 +3.590177688e+01
136219 0 +1.584693725e-03 +3.590158469e+01 +3.590158469e+01
145094 0 +1.412411429e-03 +3.590141241e+01 +3.590141241e+01
154214 0 +1.258816273e-03 +3.590125882e+01 +3.590125882e+01
161029 0 +1.122007498e-03 +3.590112201e+01 +3.590112201e+01
167699 0 +9.997086583e-04 +3.590099971e+01 +3.590099971e+01
176312 0 +8.912325794e-04 +3.590089123e+01 +3.590089123e+01
182808 0 +7.942618334e-04 +3.590079426e+01 +3.590079426e+01
186939 0 +7.076208513e-04 +3.590070762e+01 +3.590070762e+01
190499 0 +6.308913212e-04 +3.590063089e+01 +3.590063089e+01
194699 0 +5.622233963e-04 +3.590056222e+01 +3.590056222e+01
200000 0 +5.173073675e-04 +3.590051731e+01 +3.590051731e+01
% f evaluations | g evaluations | best noise-free fitness - Fopt (3.137000000000e+01) + sum g_i+ | measured fitness | best measured fitness or single-digit g-values | x1 | x2...
1 0 +3.777288378e+05 +3.777602078e+05 +3.777602078e+05
5 0 +2.975879322e+05 +2.976193022e+05 +2.976193022e+05
23 0 +2.648804936e+05 +2.649118636e+05 +2.649118636e+05
611 0 +2.446560465e+05 +2.446874165e+05 +2.446874165e+05
615 0 +2.030056316e+05 +2.030370016e+05 +2.030370016e+05
618 0 +1.898932810e+05 +1.899246510e+05 +1.899246510e+05
621 0 +1.762194574e+05 +1.762508274e+05 +1.762508274e+05
630 0 +1.547691116e+05 +1.548004816e+05 +1.548004816e+05
636 0 +1.326230826e+05 +1.326544526e+05 +1.326544526e+05
637 0 +1.189373906e+05 +1.189687606e+05 +1.189687606e+05
641 0 +1.057588464e+05 +1.057902164e+05 +1.057902164e+05
644 0 +7.109106514e+04 +7.112243514e+04 +7.112243514e+04
647 0 +6.308552087e+04 +6.311689087e+04 +6.311689087e+04
650 0 +4.069307087e+04 +4.072444087e+04 +4.072444087e+04
651 0 +3.107367920e+04 +3.110504920e+04 +3.110504920e+04
655 0 +2.072177766e+04 +2.075314766e+04 +2.075314766e+04
658 0 +1.775720352e+04 +1.778857352e+04 +1.778857352e+04
677 0 +1.400082990e+04 +1.403219990e+04 +1.403219990e+04
679 0 +1.159177202e+04 +1.162314202e+04 +1.162314202e+04
684 0 +7.116434981e+03 +7.147804981e+03 +7.147804981e+03
687 0 +3.187761282e+02 +3.501461282e+02 +3.501461282e+02
698 0 +1.138620625e+02 +1.452320625e+02 +1.452320625e+02
702 0 +8.850455952e+01 +1.198745595e+02 +1.198745595e+02
735 0 +7.215747276e+01 +1.035274728e+02 +1.035274728e+02
744 0 +6.977786453e+01 +1.011478645e+02 +1.011478645e+02
754 0 +6.081482826e+01 +9.218482826e+01 +9.218482826e+01
760 0 +5.390993998e+01 +8.527993998e+01 +8.527993998e+01
791 0 +4.565834796e+01 +7.702834796e+01 +7.702834796e+01
794 0 +4.307565305e+01 +7.444565305e+01 +7.444565305e+01
881 0 +3.947396784e+01 +7.084396784e+01 +7.084396784e+01
920 0 +3.501386028e+01 +6.638386028e+01 +6.638386028e+01
940 0 +3.131407082e+01 +6.268407082e+01 +6.268407082e+01
1003 0 +2.705307963e+01 +5.842307963e+01 +5.842307963e+01
1043 0 +2.403535121e+01 +5.540535121e+01 +5.540535121e+01
1540 0 +2.236183122e+01 +5.373183122e+01 +5.373183122e+01
1850 0 +1.989256018e+01 +5.126256018e+01 +5.126256018e+01
2126 0 +1.775615046e+01 +4.912615046e+01 +4.912615046e+01
2483 0 +1.580144368e+01 +4.717144368e+01 +4.717144368e+01
3097 0 +1.412044640e+01 +4.549044640e+01 +4.549044640e+01
4934 0 +1.258869841e+01 +4.395869841e+01 +4.395869841e+01
10054 0 +1.121800976e+01 +4.258800976e+01 +4.258800976e+01
12883 0 +9.999842527e+00 +4.136984253e+01 +4.136984253e+01
15363 0 +8.912438943e+00 +4.028243894e+01 +4.028243894e+01
17871 0 +7.943093108e+00 +3.931309311e+01 +3.931309311e+01
21715 0 +7.079272256e+00 +3.844927226e+01 +3.844927226e+01
28243 0 +6.308104062e+00 +3.767810406e+01 +3.767810406e+01
31734 0 +5.623198673e+00 +3.699319867e+01 +3.699319867e+01
34483 0 +5.010955952e+00 +3.638095595e+01 +3.638095595e+01
37283 0 +4.462883082e+00 +3.583288308e+01 +3.583288308e+01
40883 0 +3.980009699e+00 +3.535000970e+01 +3.535000970e+01
45390 0 +3.547784746e+00 +3.491778475e+01 +3.491778475e+01
50102 0 +3.162020931e+00 +3.453202093e+01 +3.453202093e+01
54790 0 +2.818321330e+00 +3.418832133e+01 +3.418832133e+01
61570 0 +2.511799689e+00 +3.388179969e+01 +3.388179969e+01
67123 0 +2.238063987e+00 +3.360806399e+01 +3.360806399e+01
70165 0 +1.994456784e+00 +3.336445678e+01 +3.336445678e+01
72723 0 +1.776922273e+00 +3.314692227e+01 +3.314692227e+01
75401 0 +1.584809463e+00 +3.295480946e+01 +3.295480946e+01
79403 0 +1.412299689e+00 +3.278229969e+01 +3.278229969e+01
87550 0 +1.258902035e+00 +3.262890203e+01 +3.262890203e+01
89923 0 +1.121639382e+00 +3.249163938e+01 +3.249163938e+01
91723 0 +9.997825690e-01 +3.236978257e+01 +3.236978257e+01
93441 0 +8.910717016e-01 +3.226107170e+01 +3.226107170e+01
95547 0 +7.943160407e-01 +3.216431604e+01 +3.216431604e+01
101843 0 +7.073998103e-01 +3.207739981e+01 +3.207739981e+01
104363 0 +6.297377788e-01 +3.199973778e+01 +3.199973778e+01
105883 0 +5.620671910e-01 +3.193206719e+01 +3.193206719e+01
107323 0 +5.007525585e-01 +3.187075256e+01 +3.187075256e+01
108963 0 +4.459561184e-01 +3.181595612e+01 +3.181595612e+01
111646 0 +3.980921947e-01 +3.176809219e+01 +3.176809219e+01
114302 0 +3.547511734e-01 +3.172475117e+01 +3.172475117e+01
117123 0 +3.160150715e-01 +3.168601507e+01 +3.168601507e+01
120003 0 +2.817827130e-01 +3.165178271e+01 +3.165178271e+01
123243 0 +2.510395518e-01 +3.162103955e+01 +3.162103955e+01
126363 0 +2.237862816e-01 +3.159378628e+01 +3.159378628e+01
128723 0 +1.993913599e-01 +3.156939136e+01 +3.156939136e+01
130763 0 +1.775855584e-01 +3.154758556e+01 +3.154758556e+01
133203 0 +1.583003776e-01 +3.152830038e+01 +3.152830038e+01
137283 0 +1.410850264e-01 +3.151108503e+01 +3.151108503e+01
139243 0 +1.256357647e-01 +3.149563576e+01 +3.149563576e+01
140483 0 +1.121263817e-01 +3.148212638e+01 +3.148212638e+01
141563 0 +9.995285734e-02 +3.146995286e+01 +3.146995286e+01
142763 0 +8.908186915e-02 +3.145908187e+01 +3.145908187e+01
146030 0 +7.942683704e-02 +3.144942684e+01 +3.144942684e+01
148248 0 +7.077799617e-02 +3.144077800e+01 +3.144077800e+01
149163 0 +6.289625488e-02 +3.143289625e+01 +3.143289625e+01
149923 0 +5.607661000e-02 +3.142607661e+01 +3.142607661e+01
150683 0 +4.999726588e-02 +3.141999727e+01 +3.141999727e+01
151763 0 +4.461526431e-02 +3.141461526e+01 +3.141461526e+01
154283 0 +3.974954468e-02 +3.140974954e+01 +3.140974954e+01
155243 0 +3.540993777e-02 +3.140540994e+01 +3.140540994e+01
155883 0 +3.161734524e-02 +3.140161735e+01 +3.140161735e+01
156643 0 +2.814277584e-02 +3.139814278e+01 +3.139814278e+01
158243 0 +2.510103591e-02 +3.139510104e+01 +3.139510104e+01
160523 0 +2.235889731e-02 +3.139235890e+01 +3.139235890e+01
163163 0 +1.993102262e-02 +3.138993102e+01 +3.138993102e+01
165843 0 +1.776272729e-02 +3.138776273e+01 +3.138776273e+01
168500 0 +1.584796000e-02 +3.138584796e+01 +3.138584796e+01
171403 0 +1.410872111e-02 +3.138410872e+01 +3.138410872e+01
173504 0 +1.258769222e-02 +3.138258769e+01 +3.138258769e+01
175123 0 +1.120983620e-02 +3.138120984e+01 +3.138120984e+01
176711 0 +9.999438635e-03 +3.137999944e+01 +3.137999944e+01
179123 0 +8.912075678e-03 +3.137891208e+01 +3.137891208e+01
182563 0 +7.934642197e-03 +3.137793464e+01 +3.137793464e+01
183763 0 +7.074757565e-03 +3.137707476e+01 +3.137707476e+01
184690 0 +6.300131930e-03 +3.137630013e+01 +3.137630013e+01
185563 0 +5.616540559e-03 +3.137561654e+01 +3.137561654e+01
186643 0 +5.008054949e-03 +3.137500805e+01 +3.137500805e+01
190001 0 +4.465320666e-03 +3.137446532e+01 +3.137446532e+01
191060 0 +3.980640659e-03 +3.137398064e+01 +3.137398064e+01
191843 0 +3.529290971e-03 +3.137352929e+01 +3.137352929e+01
192683 0 +3.162104299e-03 +3.137316210e+01 +3.137316210e+01
195043 0 +2.816387424e-03 +3.137281639e+01 +3.137281639e+01
200000 0 +2.519845716e-03 +3.137251985e+01 +3.137251985e+01
% f evaluations | g evaluations | best noise-free fitness - Fopt (-1.000000000000e+03) + sum g_i+ | measured fitness | best measured fitness or single-digit g-values | x1 | x2...
1 0 +3.286849989e+05 +3.276849989e+05 +3.276849989e+05
3 0 +3.120285660e+05 +3.110285660e+05 +3.110285660e+05
6 0 +2.966925448e+05 +2.956925448e+05 +2.956925448e+05
15 0 +2.803008184e+05 +2.793008184e+05 +2.793008184e+05
60 0 +2.209320593e+05 +2.199320593e+05 +2.199320593e+05
631 0 +1.930126799e+05 +1.920126799e+05 +1.920126799e+05
633 0 +1.739072869e+05 +1.729072869e+05 +1.729072869e+05
638 0 +1.387828729e+05 +1.377828729e+05 +1.377828729e+05
639 0 +1.208530003e+05 +1.198530003e+05 +1.198530003e+05
642 0 +9.358668855e+04 +9.258668855e+04 +9.258668855e+04
644 0 +8.257034491e+04 +8.157034491e+04 +8.157034491e+04
646 0 +7.718876278e+04 +7.618876278e+04 +7.618876278e+04
654 0 +6.857305343e+04 +6.757305343e+04 +6.757305343e+04
656 0 +6.254791749e+04 +6.154791749e+04 +6.154791749e+04
662 0 +4.498859407e+04 +4.398859407e+04 +4.398859407e+04
670 0 +4.323436956e+04 +4.223436956e+04 +4.223436956e+04
671 0 +3.573478148e+04 +3.473478148e+04 +3.473478148e+04
673 0 +3.340074006e+04 +3.240074006e+04 +3.240074006e+04
675 0 +2.250691800e+04 +2.150691800e+04 +2.150691800e+04
678 0 +1.794494689e+04 +1.694494689e+04 +1.694494689e+04
679 0 +1.310785644e+04 +1.210785644e+04 +1.210785644e+04
682 0 +6.689473191e+03 +5.689473191e+03 +5.689473191e+03
684 0 +1.304498518e+03 +3.044985181e+02 +3.044985181e+02
686 0 +1.206080258e+03 +2.060802576e+02 +2.060802576e+02
719 0 +3.093326996e+02 -6.906673004e+02 -6.906673004e+02
724 0 +2.307749897e+02 -7.692250103e+02 -7.692250103e+02
758 0 +2.238624939e+02 -7.761375061e+02 -7.761375061e+02
801 0 +1.990286243e+02 -8.009713757e+02 -8.009713757e+02
805 0 +1.732479928e+02 -8.267520072e+02 -8.267520072e+02
817 0 +1.483847620e+02 -8.516152380e+02 -8.516152380e+02
923 0 +1.360829858e+02 -8.639170142e+02 -8.639170142e+02
1027 0 +1.254839053e+02 -8.745160947e+02 -8.745160947e+02
1219 0 +1.121944606e+02 -8.878055394e+02 -8.878055394e+02
1335 0 +9.960029253e+01 -9.003997075e+02 -9.003997075e+02
1617 0 +8.871107526e+01 -9.112889247e+02 -9.112889247e+02
3177 0 +7.941788883e+01 -9.205821112e+02 -9.205821112e+02
5382 0 +7.077717717e+01 -9.292228228e+02 -9.292228228e+02
8608 0 +6.309344899e+01 -9.369065510e+02 -9.369065510e+02
11259 0 +5.619707167e+01 -9.438029283e+02 -9.438029283e+02
13328 0 +5.010529980e+01 -9.498947002e+02 -9.498947002e+02
15377 0 +4.466105183e+01 -9.553389482e+02 -9.553389482e+02
18085 0 +3.979234424e+01 -9.602076558e+02 -9.602076558e+02
19525 0 +3.547357164e+01 -9.645264284e+02 -9.645264284e+02
20648 0 +3.158522126e+01 -9.684147787e+02 -9.684147787e+02
21587 0 +2.817768123e+01 -9.718223188e+02 -9.718223188e+02
22659 0 +2.510212932e+01 -9.748978707e+02 -9.748978707e+02
26137 0 +2.237025602e+01 -9.776297440e+02 -9.776297440e+02
27685 0 +1.995127839e+01 -9.800487216e+02 -9.800487216e+02
28617 0 +1.776298271e+01 -9.822370173e+02 -9.822370173e+02
29857 0 +1.583100908e+01 -9.841689909e+02 -9.841689909e+02
31328 0 +1.412069253e+01 -9.858793075e+02 -9.858793075e+02
34857 0 +1.258856371e+01 -9.874114363e+02 -9.874114363e+02
41666 0 +1.121878807e+01 -9.887812119e+02 -9.887812119e+02
44008 0 +9.998366299e+00 -9.900016337e+02 -9.900016337e+02
46061 0 +8.910206900e+00 -9.910897931e+02 -9.910897931e+02
48328 0 +7.942412094e+00 -9.920575879e+02 -9.920575879e+02
51405 0 +7.079422300e+00 -9.929205777e+02 -9.929205777e+02
57057 0 +6.307857453e+00 -9.936921425e+02 -9.936921425e+02
59866 0 +5.622521273e+00 -9.943774787e+02 -9.943774787e+02
61923 0 +5.010715066e+00 -9.949892849e+02 -9.949892849e+02
64354 0 +4.465906461e+00 -9.955340935e+02 -9.955340935e+02
68048 0 +3.980740029e+00 -9.960192600e+02 -9.960192600e+02
72097 0 +3.548022330e+00 -9.964519777e+02 -9.964519777e+02
75506 0 +3.162116674e+00 -9.968378833e+02 -9.968378833e+02
79083 0 +2.817827173e+00 -9.971821728e+02 -9.971821728e+02
86703 0 +2.511820377e+00 -9.974881796e+02 -9.974881796e+02
94270 0 +2.238462502e+00 -9.977615375e+02 -9.977615375e+02
98794 0 +1.994525460e+00 -9.980054745e+02 -9.980054745e+02
103988 0 +1.778223808e+00 -9.982217762e+02 -9.982217762e+02
109930 0 +1.584838629e+00 -9.984151614e+02 -9.984151614e+02
119230 0 +1.412521624e+00 -9.985874784e+02 -9.985874784e+02
140554 0 +1.258837547e+00 -9.987411625e+02 -9.987411625e+02
146751 0 +1.121958358e+00 -9.988780416e+02 -9.988780416e+02
151634 0 +9.999046287e-01 -9.990000954e+02 -9.990000954e+02
156190 0 +8.910373305e-01 -9.991089627e+02 -9.991089627e+02
162066 0 +7.942630997e-01 -9.992057369e+02 -9.992057369e+02
179714 0 +7.079368467e-01 -9.992920632e+02 -9.992920632e+02
186746 0 +6.309392515e-01 -9.993690607e+02 -9.993690607e+02
191697 0 +5.623132810e-01 -9.994376867e+02 -9.994376867e+02
197754 0 +5.011765112e-01 -9.994988235e+02 -9.994988235e+02
200000 0 +4.813297810e-01 -9.995186702e+02 -9.995186702e+02
% f evaluations | g evaluations | best noise-free fitness - Fopt (1.319200000000e+02) + sum g_i+ | measured fitness | best measured fitness or single-digit g-values | x1 | x2...
1 0 +1.000870275e+06 +1.001002195e+06 +1.001002195e+06
2 0 +9.091859822e+05 +9.093179022e+05 +9.093179022e+05
11 0 +7.087363499e+05 +7.088682699e+05 +7.088682699e+05
14 0 +6.967435421e+05 +6.968754621e+05 +6.968754621e+05
613 0 +6.144645554e+05 +6.145964754e+05 +6.145964754e+05
615 0 +5.877513049e+05 +5.878832249e+05 +5.878832249e+05
627 0 +5.398472458e+05 +5.399791658e+05 +5.399791658e+05
630 0 +4.968480752e+05 +4.969799952e+05 +4.969799952e+05
636 0 +4.183038215e+05 +4.184357415e+05 +4.184357415e+05
638 0 +3.838003499e+05 +3.839322699e+05 +3.839322699e+05
643 0 +3.311924208e+05 +3.313243408e+05 +3.313243408e+05
646 0 +3.052285361e+05 +3.053604561e+05 +3.053604561e+05
647 0 +2.648968710e+05 +2.650287910e+05 +2.650287910e+05
653 0 +2.362114221e+05 +2.363433421e+05 +2.363433421e+05
655 0 +2.006573780e+05 +2.007892980e+05 +2.007892980e+05
658 0 +1.875905774e+05 +1.877224974e+05 +1.877224974e+05
666 0 +1.710259417e+05 +1.711578617e+05 +1.711578617e+05
667 0 +1.450029287e+05 +1.451348487e+05 +1.451348487e+05
670 0 +1.319396430e+05 +1.320715630e+05 +1.320715630e+05
676 0 +1.212896729e+05 +1.214215929e+05 +1.214215929e+05
683 0 +1.011972138e+05 +1.013291338e+05 +1.013291338e+05
686 0 +8.232353405e+04 +8.245545405e+04 +8.245545405e+04
687 0 +6.380999665e+04 +6.394191665e+04 +6.394191665e+04
693 0 +6.192941676e+04 +6.206133676e+04 +6.206133676e+04
695 0 +3.515016992e+04 +3.528208992e+04 +3.528208992e+04
707 0 +2.186114193e+04 +2.199306193e+04 +2.199306193e+04
711 0 +1.740240990e+04 +1.753432990e+04 +1.753432990e+04
718 0 +1.546865478e+04 +1.560057478e+04 +1.560057478e+04
723 0 +1.020104952e+04 +1.033296952e+04 +1.033296952e+04
727 0 +7.987945468e+03 +8.119865468e+03 +8.119865468e+03
734 0 +6.796226412e+03 +6.928146412e+03 +6.928146412e+03
735 0 +2.317891575e+03 +2.449811575e+03 +2.449811575e+03
738 0 +1.222525720e+02 +2.541725720e+02 +2.541725720e+02
813 0 +9.012095416e+01 +2.220409542e+02 +2.220409542e+02
895 0 +8.643923211e+01 +2.183592321e+02 +2.183592321e+02
914 0 +7.738764673e+01 +2.093076467e+02 +2.093076467e+02
936 0 +7.015191096e+01 +2.020719110e+02 +2.020719110e+02
974 0 +6.191293708e+01 +1.938329371e+02 +1.938329371e+02
1034 0 +5.494017812e+01 +1.868601781e+02 +1.868601781e+02
1069 0 +5.011149066e+01 +1.820314907e+02 +1.820314907e+02
1174 0 +4.419454335e+01 +1.761145434e+02 +1.761145434e+02
1694 0 +3.969449192e+01 +1.716144919e+02 +1.716144919e+02
2574 0 +3.545377864e+01 +1.673737786e+02 +1.673737786e+02
3314 0 +3.156996968e+01 +1.634899697e+02 +1.634899697e+02
4056 0 +2.817359556e+01 +1.600935956e+02 +1.600935956e+02
5008 0 +2.510684575e+01 +1.570268457e+02 +1.570268457e+02
7174 0 +2.236768956e+01 +1.542876896e+02 +1.542876896e+02
7934 0 +1.987984609e+01 +1.517998461e+02 +1.517998461e+02
8469 0 +1.777529355e+01 +1.496952935e+02 +1.496952935e+02
8892 0 +1.584474045e+01 +1.477647404e+02 +1.477647404e+02
9306 0 +1.409782263e+01 +1.460178226e+02 +1.460178226e+02
10365 0 +1.258637017e+01 +1.445063702e+02 +1.445063702e+02
11814 0 +1.120907185e+01 +1.431290718e+02 +1.431290718e+02
12596 0 +9.995519122e+00 +1.419155191e+02 +1.419155191e+02
13214 0 +8.902846678e+00 +1.408228467e+02 +1.408228467e+02
13894 0 +7.915960305e+00 +1.398359603e+02 +1.398359603e+02
14866 0 +7.076812004e+00 +1.389968120e+02 +1.389968120e+02
17894 0 +6.303545870e+00 +1.382235459e+02 +1.382235459e+02
19532 0 +5.617978289e+00 +1.375379783e+02 +1.375379783e+02
21089 0 +5.008975428e+00 +1.369289754e+02 +1.369289754e+02
23106 0 +4.465987020e+00 +1.363859870e+02 +1.363859870e+02
27376 0 +3.980991181e+00 +1.359009912e+02 +1.359009912e+02
32009 0 +3.547784199e+00 +1.354677842e+02 +1.354677842e+02
35798 0 +3.161935444e+00 +1.350819354e+02 +1.350819354e+02
39889 0 +2.818178449e+00 +1.347381784e+02 +1.347381784e+02
47932 0 +2.511853689e+00 +1.344318537e+02 +1.344318537e+02
55307 0 +2.238707106e+00 +1.341587071e+02 +1.341587071e+02
59125 0 +1.995197482e+00 +1.339151975e+02 +1.339151975e+02
62214 0 +1.778011210e+00 +1.336980112e+02 +1.336980112e+02
65414 0 +1.584845986e+00 +1.335048460e+02 +1.335048460e+02
70134 0 +1.412474459e+00 +1.333324745e+02 +1.333324745e+02
80334 0 +1.258915135e+00 +1.331789151e+02 +1.331789151e+02
83332 0 +1.121847795e+00 +1.330418478e+02 +1.330418478e+02
85459 0 +9.999840830e-01 +1.329199841e+02 +1.329199841e+02
87657 0 +8.912078712e-01 +1.328112079e+02 +1.328112079e+02
90289 0 +7.941844233e-01 +1.327141844e+02 +1.327141844e+02
98812 0 +7.079264737e-01 +1.326279265e+02 +1.326279265e+02
103852 0 +6.309406692e-01 +1.325509407e+02 +1.325509407e+02
107054 0 +5.622257467e-01 +1.324822257e+02 +1.324822257e+02
109874 0 +5.011783841e-01 +1.324211784e+02 +1.324211784e+02
113169 0 +4.466093387e-01 +1.323666093e+02 +1.323666093e+02
118838 0 +3.980998777e-01 +1.323180999e+02 +1.323180999e+02
124369 0 +3.546658006e-01 +1.322746658e+02 +1.322746658e+02
127852 0 +3.161518198e-01 +1.322361518e+02 +1.322361518e+02
131254 0 +2.818229631e-01 +1.322018230e+02 +1.322018230e+02
135048 0 +2.511870532e-01 +1.321711871e+02 +1.321711871e+02
138609 0 +2.237878386e-01 +1.321437878e+02 +1.321437878e+02
141302 0 +1.995179429e-01 +1.321195179e+02 +1.321195179e+02
143934 0 +1.777752694e-01 +1.320977753e+02 +1.320977753e+02
148849 0 +1.584644700e-01 +1.320784645e+02 +1.320784645e+02
157169 0 +1.412268418e-01 +1.320612268e+02 +1.320612268e+02
161288 0 +1.258874351e-01 +1.320458874e+02 +1.320458874e+02
163972 0 +1.121424734e-01 +1.320321425e+02 +1.320321425e+02
166294 0 +9.998066799e-02 +1.320199807e+02 +1.320199807e+02
168929 0 +8.908264943e-02 +1.320090826e+02 +1.320090826e+02
175902 0 +7.943195454e-02 +1.319994320e+02 +1.319994320e+02
180474 0 +7.077243766e-02 +1.319907724e+02 +1.319907724e+02
182412 0 +6.305478662e-02 +1.319830548e+02 +1.319830548e+02
184139 0 +5.623305304e-02 +1.319762331e+02 +1.319762331e+02
186038 0 +5.011232761e-02 +1.319701123e+02 +1.319701123e+02
188529 0 +4.465435276e-02 +1.319646544e+02 +1.319646544e+02
194292 0 +3.980247489e-02 +1.319598025e+02 +1.319598025e+02
196369 0 +3.545249758e-02 +1.319554525e+02 +1.319554525e+02
197795 0 +3.161950478e-02 +1.319516195e+02 +1.319516195e+02
199198 0 +2.818029603e-02 +1.319481803e+02 +1.319481803e+02
200000 0 +2.686798344e-02 +1.319468680e+02 +1.319468680e+02
% f evaluations | g evaluations | best noise-free fitness - Fopt (5.908400000000e+02) + sum g_i+ | measured fitness | best measured fitness or single-digit g-values | x1 | x2...
1 0 +1.310552413e+05 +1.316460813e+05 +1.316460813e+05
2 0 +1.033822399e+05 +1.039730799e+05 +1.039730799e+05
3 0 +9.323584465e+04 +9.382668465e+04 +9.382668465e+04
53 0 +8.389221110e+04 +8.448305110e+04 +8.448305110e+04
98 0 +4.071881653e+04 +4.130965653e+04 +4.130965653e+04
620 0 +3.843604836e+04 +3.902688836e+04 +3.902688836e+04
626 0 +3.432695531e+04 +3.491779531e+04 +3.491779531e+04
633 0 +2.184338410e+04 +2.243422410e+04 +2.243422410e+04
635 0 +7.043772828e+03 +7.634612828e+03 +7.634612828e+03
640 0 +3.212422007e+03 +3.803262007e+03 +3.803262007e+03
642 0 +1.773594813e+03 +2.364434813e+03 +2.364434813e+03
645 0 +1.298910123e+03 +1.889750123e+03 +1.889750123e+03
648 0 +8.965732562e+02 +1.487413256e+03 +1.487413256e+03
652 0 +3.685982307e+02 +9.594382307e+02 +9.594382307e+02
660 0 +2.200914908e+02 +8.109314908e+02 +8.109314908e+02
672 0 +1.084076803e+02 +6.992476803e+02 +6.992476803e+02
681 0 +9.822917977e+01 +6.890691798e+02 +6.890691798e+02
807 0 +8.814059734e+01 +6.789805973e+02 +6.789805973e+02
847 0 +7.848319943e+01 +6.693231994e+02 +6.693231994e+02
929 0 +7.058293591e+01 +6.614229359e+02 +6.614229359e+02
1007 0 +6.240362159e+01 +6.532436216e+02 +6.532436216e+02
1051 0 +5.545847567e+01 +6.462984757e+02 +6.462984757e+02
1108 0 +4.997235152e+01 +6.408123515e+02 +6.408123515e+02
1167 0 +4.407184082e+01 +6.349118408e+02 +6.349118408e+02
1268 0 +3.949544375e+01 +6.303354438e+02 +6.303354438e+02
1308 0 +3.501718116e+01 +6.258571812e+02 +6.258571812e+02
1327 0 +3.142541485e+01 +6.222654148e+02 +6.222654148e+02
1367 0 +2.807899299e+01 +6.189189930e+02 +6.189189930e+02
1407 0 +2.474223869e+01 +6.155822387e+02 +6.155822387e+02
1491 0 +2.230183291e+01 +6.131418329e+02 +6.131418329e+02
1536 0 +1.946303892e+01 +6.103030389e+02 +6.103030389e+02
1567 0 +1.662641861e+01 +6.074664186e+02 +6.074664186e+02
1581 0 +1.554432488e+01 +6.063843249e+02 +6.063843249e+02
1611 0 +1.360573754e+01 +6.044457375e+02 +6.044457375e+02
1767 0 +1.257376406e+01 +6.034137641e+02 +6.034137641e+02
2105 0 +1.120025764e+01 +6.020402576e+02 +6.020402576e+02
2327 0 +9.951412273e+00 +6.007914123e+02 +6.007914123e+02
2527 0 +8.834634305e+00 +5.996746343e+02 +5.996746343e+02
2691 0 +7.913682119e+00 +5.987536821e+02 +5.987536821e+02
3047 0 +7.056385865e+00 +5.978963859e+02 +5.978963859e+02
3607 0 +6.274238268e+00 +5.971142383e+02 +5.971142383e+02
4567 0 +5.612259565e+00 +5.964522596e+02 +5.964522596e+02
6407 0 +5.011855013e+00 +5.958518550e+02 +5.958518550e+02
8668 0 +4.466423454e+00 +5.953064235e+02 +5.953064235e+02
12967 0 +3.980206762e+00 +5.948202068e+02 +5.948202068e+02
17456 0 +3.548055668e+00 +5.943880557e+02 +5.943880557e+02
21025 0 +3.161675430e+00 +5.940016754e+02 +5.940016754e+02
24605 0 +2.818361705e+00 +5.936583617e+02 +5.936583617e+02
30103 0 +2.511625737e+00 +5.933516257e+02 +5.933516257e+02
35205 0 +2.238703701e+00 +5.930787037e+02 +5.930787037e+02
37905 0 +1.994935056e+00 +5.928349351e+02 +5.928349351e+02
40305 0 +1.777451653e+00 +5.926174517e+02 +5.926174517e+02
42604 0 +1.584891632e+00 +5.924248916e+02 +5.924248916e+02
46045 0 +1.412533577e+00 +5.922525336e+02 +5.922525336e+02
53564 0 +1.258630685e+00 +5.920986307e+02 +5.920986307e+02
55804 0 +1.121881852e+00 +5.919618819e+02 +5.919618819e+02
57231 0 +9.999858503e-01 +5.918399859e+02 +5.918399859e+02
58905 0 +8.907405197e-01 +5.917307405e+02 +5.917307405e+02
60724 0 +7.942400559e-01 +5.916342401e+02 +5.916342401e+02
66465 0 +7.077861739e-01 +5.915477862e+02 +5.915477862e+02
68565 0 +6.307997306e-01 +5.914707997e+02 +5.914707997e+02
69884 0 +5.620297453e-01 +5.914020297e+02 +5.914020297e+02
71054 0 +5.011539620e-01 +5.913411540e+02 +5.913411540e+02
72531 0 +4.465002195e-01 +5.912865002e+02 +5.912865002e+02
74703 0 +3.980753238e-01 +5.912380753e+02 +5.912380753e+02
76421 0 +3.547229915e-01 +5.911947230e+02 +5.911947230e+02
77858 0 +3.162243636e-01 +5.911562244e+02 +5.911562244e+02
79056 0 +2.817929869e-01 +5.911217930e+02 +5.911217930e+02
80527 0 +2.510859338e-01 +5.910910859e+02 +5.910910859e+02
81929 0 +2.237867465e-01 +5.910637867e+02 +5.910637867e+02
83094 0 +1.994851418e-01 +5.910394851e+02 +5.910394851e+02
84124 0 +1.774848994e-01 +5.910174849e+02 +5.910174849e+02
85614 0 +1.584800929e-01 +5.909984801e+02 +5.909984801e+02
88621 0 +1.412383507e-01 +5.909812384e+02 +5.909812384e+02
90204 0 +1.257114935e-01 +5.909657115e+02 +5.909657115e+02
91331 0 +1.120929422e-01 +5.909520929e+02 +5.909520929e+02
92216 0 +9.998086558e-02 +5.909399809e+02 +5.909399809e+02
94058 0 +8.910820000e-02 +5.909291082e+02 +5.909291082e+02
98833 0 +7.943075272e-02 +5.909194308e+02 +5.909194308e+02
101814 0 +7.079026755e-02 +5.909107903e+02 +5.909107903e+02
102969 0 +6.307995221e-02 +5.909030800e+02 +5.909030800e+02
104258 0 +5.620646987e-02 +5.908962065e+02 +5.908962065e+02
105491 0 +5.009682140e-02 +5.908900968e+02 +5.908900968e+02
107294 0 +4.465489872e-02 +5.908846549e+02 +5.908846549e+02
113444 0 +3.980938331e-02 +5.908798094e+02 +5.908798094e+02
115633 0 +3.547841812e-02 +5.908754784e+02 +5.908754784e+02
117673 0 +3.160889607e-02 +5.908716089e+02 +5.908716089e+02
119489 0 +2.817640427e-02 +5.908681764e+02 +5.908681764e+02
121863 0 +2.511564280e-02 +5.908651156e+02 +5.908651156e+02
128009 0 +2.238554136e-02 +5.908623855e+02 +5.908623855e+02
132451 0 +1.995243494e-02 +5.908599524e+02 +5.908599524e+02
136433 0 +1.778109366e-02 +5.908577811e+02 +5.908577811e+02
140374 0 +1.584716644e-02 +5.908558472e+02 +5.908558472e+02
144673 0 +1.412233008e-02 +5.908541223e+02 +5.908541223e+02
147731 0 +1.258841987e-02 +5.908525884e+02 +5.908525884e+02
150096 0 +1.121944642e-02 +5.908512194e+02 +5.908512194e+02
152536 0 +9.992855408e-03 +5.908499929e+02 +5.908499929e+02
156124 0 +8.912134855e-03 +5.908489121e+02 +5.908489121e+02
161393 0 +7.943058728e-03 +5.908479431e+02 +5.908479431e+02
163096 0 +7.078937655e-03 +5.908470789e+02 +5.908470789e+02
164381 0 +6.307699969e-03 +5.908463077e+02 +5.908463077e+02
165616 0 +5.622015387e-03 +5.908456220e+02 +5.908456220e+02
166865 0 +5.009971920e-03 +5.908450100e+02 +5.908450100e+02
176204 0 +4.466079789e-03 +5.908444661e+02 +5.908444661e+02
179658 0 +3.980241363e-03 +5.908439802e+02 +5.908439802e+02
181969 0 +3.547909987e-03 +5.908435479e+02 +5.908435479e+02
184113 0 +3.162030044e-03 +5.908431620e+02 +5.908431620e+02
187734 0 +2.818343993e-03 +5.908428183e+02 +5.908428183e+02
195524 0 +2.511679220e-03 +5.908425117e+02 +5.908425117e+02
200000 0 +2.434538167e-03 +5.908424345e+02 +5.908424345e+02
% f evaluations | g evaluations | best noise-free fitness - Fopt (-1.330000000000e+00) + sum g_i+ | measured fitness | best measured fitness or single-digit g-values | x1 | x2...
1 0 +3.860528713e+05 +3.860515413e+05 +3.860515413e+05
4 0 +3.623228463e+05 +3.623215163e+05 +3.623215163e+05
11 0 +3.507366191e+05 +3.507352891e+05 +3.507352891e+05
38 0 +3.055362239e+05 +3.055348939e+05 +3.055348939e+05
40 0 +2.969827378e+05 +2.969814078e+05 +2.969814078e+05
52 0 +2.655168419e+05 +2.655155119e+05 +2.655155119e+05
622 0 +2.328349125e+05 +2.328335825e+05 +2.328335825e+05
623 0 +2.022312673e+05 +2.022299373e+05 +2.022299373e+05
626 0 +1.836699915e+05 +1.836686615e+05 +1.836686615e+05
632 0 +1.513391746e+05 +1.513378446e+05 +1.513378446e+05
634 0 +1.241242867e+05 +1.241229567e+05 +1.241229567e+05
639 0 +1.009777133e+05 +1.009763833e+05 +1.009763833e+05
641 0 +8.732602002e+04 +8.732469002e+04 +8.732469002e+04
646 0 +6.527330072e+04 +6.527197072e+04 +6.527197072e+04
651 0 +6.304276413e+04 +6.304143413e+04 +6.304143413e+04
655 0 +5.447836569e+04 +5.447703569e+04 +5.447703569e+04
659 0 +2.791595054e+04 +2.791462054e+04 +2.791462054e+04
662 0 +1.866240356e+04 +1.866107356e+04 +1.866107356e+04
668 0 +1.735921724e+04 +1.735788724e+04 +1.735788724e+04
674 0 +1.089721991e+04 +1.089588991e+04 +1.089588991e+04
689 0 +7.473509910e+03 +7.472179910e+03 +7.472179910e+03
698 0 +6.626726435e+03 +6.625396435e+03 +6.625396435e+03
699 0 +6.321636196e+02 +6.308336196e+02 +6.308336196e+02
714 0 +2.104695767e+02 +2.091395767e+02 +2.091395767e+02
739 0 +1.033241325e+02 +1.019941325e+02 +1.019941325e+02
745 0 +7.983000994e+01 +7.850000994e+01 +7.850000994e+01
756 0 +7.831996996e+01 +7.698996996e+01 +7.698996996e+01
761 0 +7.064226162e+01 +6.931226162e+01 +6.931226162e+01
786 0 +5.796973283e+01 +5.663973283e+01 +5.663973283e+01
788 0 +3.887600459e+01 +3.754600459e+01 +3.754600459e+01
894 0 +3.492806690e+01 +3.359806690e+01 +3.359806690e+01
900 0 +3.136026585e+01 +3.003026585e+01 +3.003026585e+01
908 0 +2.618662980e+01 +2.485662980e+01 +2.485662980e+01
912 0 +2.501725636e+01 +2.368725636e+01 +2.368725636e+01
989 0 +2.219321553e+01 +2.086321553e+01 +2.086321553e+01
1010 0 +1.977342493e+01 +1.844342493e+01 +1.844342493e+01
1020 0 +1.774500058e+01 +1.641500058e+01 +1.641500058e+01
1026 0 +1.452023034e+01 +1.319023034e+01 +1.319023034e+01
1040 0 +1.342542846e+01 +1.209542846e+01 +1.209542846e+01
1144 0 +1.253254489e+01 +1.120254489e+01 +1.120254489e+01
1184 0 +1.102726114e+01 +9.697261139e+00 +9.697261139e+00
1190 0 +9.795424190e+00 +8.465424190e+00 +8.465424190e+00
1220 0 +8.760985150e+00 +7.430985150e+00 +7.430985150e+00
1226 0 +7.666760390e+00 +6.336760390e+00 +6.336760390e+00
1386 0 +6.925973129e+00 +5.595973129e+00 +5.595973129e+00
1588 0 +6.303633550e+00 +4.973633550e+00 +4.973633550e+00
1788 0 +5.617236462e+00 +4.287236462e+00 +4.287236462e+00
1920 0 +4.984593573e+00 +3.654593573e+00 +3.654593573e+00
2186 0 +4.440367760e+00 +3.110367760e+00 +3.110367760e+00
2780 0 +3.975648354e+00 +2.645648354e+00 +2.645648354e+00
3706 0 +3.547154541e+00 +2.217154541e+00 +2.217154541e+00
4900 0 +3.161024272e+00 +1.831024272e+00 +1.831024272e+00
7666 0 +2.817425848e+00 +1.487425848e+00 +1.487425848e+00
11864 0 +2.511852485e+00 +1.181852485e+00 +1.181852485e+00
15668 0 +2.238465617e+00 +9.084656171e-01 +9.084656171e-01
17744 0 +1.994847605e+00 +6.648476045e-01 +6.648476045e-01
19380 0 +1.777501677e+00 +4.475016772e-01 +4.475016772e-01
20988 0 +1.584789405e+00 +2.547894051e-01 +2.547894051e-01
23544 0 +1.412414294e+00 +8.241429406e-02 +8.241429406e-02
29668 0 +1.258511537e+00 -7.148846254e-02 -7.148846254e-02
30777 0 +1.121518650e+00 -2.084813501e-01 -2.084813501e-01
31737 0 +9.994552997e-01 -3.305447003e-01 -3.305447003e-01
32670 0 +8.911574284e-01 -4.388425716e-01 -4.388425716e-01
34700 0 +7.941758889e-01 -5.358241111e-01 -5.358241111e-01
41306 0 +7.078079764e-01 -6.221920236e-01 -6.221920236e-01
43826 0 +6.307202546e-01 -6.992797454e-01 -6.992797454e-01
45404 0 +5.622701137e-01 -7.677298863e-01 -7.677298863e-01
46897 0 +5.010406657e-01 -8.289593343e-01 -8.289593343e-01
48897 0 +4.466769747e-01 -8.833230253e-01 -8.833230253e-01
53528 0 +3.981057387e-01 -9.318942613e-01 -9.318942613e-01
60006 0 +3.548112934e-01 -9.751887066e-01 -9.751887066e-01
65713 0 +3.162242240e-01 -1.013775776e+00 -1.013775776e+00
71426 0 +2.817803235e-01 -1.048219676e+00 -1.048219676e+00
78264 0 +2.511640378e-01 -1.078835962e+00 -1.078835962e+00
84666 0 +2.238423975e-01 -1.106157603e+00 -1.106157603e+00
89546 0 +1.994984930e-01 -1.130501507e+00 -1.130501507e+00
94390 0 +1.778062607e-01 -1.152193739e+00 -1.152193739e+00
100426 0 +1.584346882e-01 -1.171565312e+00 -1.171565312e+00
110750 0 +1.412495467e-01 -1.188750453e+00 -1.188750453e+00
116043 0 +1.258865394e-01 -1.204113461e+00 -1.204113461e+00
119408 0 +1.121917618e-01 -1.217808238e+00 -1.217808238e+00
123186 0 +9.995467383e-02 -1.230045326e+00 -1.230045326e+00
129106 0 +8.911524867e-02 -1.240884751e+00 -1.240884751e+00
145737 0 +7.943211147e-02 -1.250567889e+00 -1.250567889e+00
157386 0 +7.078109142e-02 -1.259218909e+00 -1.259218909e+00
161957 0 +6.309527302e-02 -1.266904727e+00 -1.266904727e+00
165937 0 +5.623260580e-02 -1.273767394e+00 -1.273767394e+00
170048 0 +5.011497830e-02 -1.279885022e+00 -1.279885022e+00
175986 0 +4.466397130e-02 -1.285336029e+00 -1.285336029e+00
196466 0 +3.981004458e-02 -1.290189955e+00 -1.290189955e+00
200000 0 +3.829091272e-02 -1.291709087e+00 -1.291709087e+00
% f evaluations | g evaluations | best noise-free fitness - Fopt (1.460000000000e+01) + sum g_i+ | measured fitness | best measured fitness or single-digit g-values | x1 | x2...
1 0 +5.291405417e+05 +5.291551417e+05 +5.291551417e+05
8 0 +4.511398671e+05 +4.511544671e+05 +4.511544671e+05
26 0 +3.611074682e+05 +3.611220682e+05 +3.611220682e+05
53 0 +3.266739016e+05 +3.266885016e+05 +3.266885016e+05
620 0 +3.030364787e+05 +3.030510787e+05 +3.030510787e+05
622 0 +2.803896338e+05 +2.804042338e+05 +2.804042338e+05
629 0 +2.169352541e+05 +2.169498541e+05 +2.169498541e+05
635 0 +1.922688266e+05 +1.922834266e+05 +1.922834266e+05
638 0 +1.612307086e+05 +1.612453086e+05 +1.612453086e+05
639 0 +1.417917283e+05 +1.418063283e+05 +1.418063283e+05
645 0 +1.281836949e+05 +1.281982949e+05 +1.281982949e+05
648 0 +1.195378637e+05 +1.195524637e+05 +1.195524637e+05
651 0 +9.784329387e+04 +9.785789387e+04 +9.785789387e+04
660 0 +6.440198938e+04 +6.441658938e+04 +6.441658938e+04
662 0 +5.997263293e+04 +5.998723293e+04 +5.998723293e+04
669 0 +5.354050887e+04 +5.355510887e+04 +5.355510887e+04
674 0 +3.688402862e+04 +3.689862862e+04 +3.689862862e+04
678 0 +2.095826846e+04 +2.097286846e+04 +2.097286846e+04
679 0 +1.753915428e+04 +1.755375428e+04 +1.755375428e+04
691 0 +1.265879785e+04 +1.267339785e+04 +1.267339785e+04
694 0 +1.240646458e+04 +1.242106458e+04 +1.242106458e+04
700 0 +7.192968121e+03 +7.207568121e+03 +7.207568121e+03
703 0 +5.349107969e+03 +5.363707969e+03 +5.363707969e+03
705 0 +4.616489626e+03 +4.631089626e+03 +4.631089626e+03
709 0 +3.772932412e+03 +3.787532412e+03 +3.787532412e+03
714 0 +1.998211143e+03 +2.012811143e+03 +2.012811143e+03
718 0 +1.938221828e+03 +1.952821828e+03 +1.952821828e+03
724 0 +1.335314209e+02 +1.481314209e+02 +1.481314209e+02
751 0 +1.137232049e+02 +1.283232049e+02 +1.283232049e+02
755 0 +8.186506514e+01 +9.646506514e+01 +9.646506514e+01
776 0 +7.752621504e+01 +9.212621504e+01 +9.212621504e+01
791 0 +6.660419684e+01 +8.120419684e+01 +8.120419684e+01
812 0 +6.165940283e+01 +7.625940283e+01 +7.625940283e+01
867 0 +4.524013812e+01 +5.984013812e+01 +5.984013812e+01
893 0 +4.198961548e+01 +5.658961548e+01 +5.658961548e+01
990 0 +3.411415232e+01 +4.871415232e+01 +4.871415232e+01
1022 0 +3.157817871e+01 +4.617817871e+01 +4.617817871e+01
1027 0 +2.679899674e+01 +4.139899674e+01 +4.139899674e+01
1030 0 +2.387354024e+01 +3.847354024e+01 +3.847354024e+01
1070 0 +1.949440494e+01 +3.409440494e+01 +3.409440494e+01
1146 0 +1.657739791e+01 +3.117739791e+01 +3.117739791e+01
1152 0 +1.567007841e+01 +3.027007841e+01 +3.027007841e+01
1200 0 +1.404278728e+01 +2.864278728e+01 +2.864278728e+01
1384 0 +1.250900828e+01 +2.710900828e+01 +2.710900828e+01
1430 0 +1.056611319e+01 +2.516611319e+01 +2.516611319e+01
1464 0 +9.492284907e+00 +2.409228491e+01 +2.409228491e+01
1470 0 +8.740822969e+00 +2.334082297e+01 +2.334082297e+01
1504 0 +7.446840119e+00 +2.204684012e+01 +2.204684012e+01
1584 0 +6.894792000e+00 +2.149479200e+01 +2.149479200e+01
1630 0 +6.305392407e+00 +2.090539241e+01 +2.090539241e+01
1704 0 +5.550369062e+00 +2.015036906e+01 +2.015036906e+01
1733 0 +4.990017499e+00 +1.959001750e+01 +1.959001750e+01
1833 0 +4.462378517e+00 +1.906237852e+01 +1.906237852e+01
1950 0 +3.969145892e+00 +1.856914589e+01 +1.856914589e+01
2333 0 +3.528167690e+00 +1.812816769e+01 +1.812816769e+01
3150 0 +3.152035368e+00 +1.775203537e+01 +1.775203537e+01
6230 0 +2.817349900e+00 +1.741734990e+01 +1.741734990e+01
11858 0 +2.511628638e+00 +1.711162864e+01 +1.711162864e+01
16910 0 +2.238615609e+00 +1.683861561e+01 +1.683861561e+01
19794 0 +1.995116817e+00 +1.659511682e+01 +1.659511682e+01
22184 0 +1.777810346e+00 +1.637781035e+01 +1.637781035e+01
25344 0 +1.584871093e+00 +1.618487109e+01 +1.618487109e+01
32070 0 +1.412250727e+00 +1.601225073e+01 +1.601225073e+01
54910 0 +1.258646905e+00 +1.585864690e+01 +1.585864690e+01
62510 0 +1.121757149e+00 +1.572175715e+01 +1.572175715e+01
68508 0 +9.999118434e-01 +1.559991184e+01 +1.559991184e+01
74110 0 +8.911049650e-01 +1.549110496e+01 +1.549110496e+01
80673 0 +7.942867801e-01 +1.539428678e+01 +1.539428678e+01
112270 0 +7.079064509e-01 +1.530790645e+01 +1.530790645e+01
127790 0 +6.308696968e-01 +1.523086970e+01 +1.523086970e+01
137270 0 +5.622955294e-01 +1.516229553e+01 +1.516229553e+01
146150 0 +5.010449516e-01 +1.510104495e+01 +1.510104495e+01
157084 0 +4.466701672e-01 +1.504667017e+01 +1.504667017e+01
175510 0 +3.980879409e-01 +1.499808794e+01 +1.499808794e+01
194188 0 +3.548111919e-01 +1.495481119e+01 +1.495481119e+01
200000 0 +3.365209783e-01 +1.493652098e+01 +1.493652098e+01
% f evaluations | g evaluations | best noise-free fitness - Fopt (-2.233600000000e+02) + sum g_i+ | measured fitness | best measured fitness or single-digit g-values | x1 | x2...
1 0 +6.270084573e+05 +6.267850973e+05 +6.267850973e+05
17 0 +6.069257775e+05 +6.067024175e+05 +6.067024175e+05
23 0 +5.828485199e+05 +5.826251599e+05 +5.826251599e+05
44 0 +5.476562877e+05 +5.474329277e+05 +5.474329277e+05
621 0 +4.317187601e+05 +4.314954001e+05 +4.314954001e+05
624 0 +3.964935736e+05 +3.962702136e+05 +3.962702136e+05
632 0 +3.362516267e+05 +3.360282667e+05 +3.360282667e+05
636 0 +3.154158196e+05 +3.151924596e+05 +3.151924596e+05
639 0 +2.841042800e+05 +2.838809200e+05 +2.838809200e+05
642 0 +2.505096320e+05 +2.502862720e+05 +2.502862720e+05
650 0 +2.194253501e+05 +2.192019901e+05 +2.192019901e+05
654 0 +1.864594400e+05 +1.862360800e+05 +1.862360800e+05
657 0 +1.432526061e+05 +1.430292461e+05 +1.430292461e+05
661 0 +1.190162974e+05 +1.187929374e+05 +1.187929374e+05
664 0 +1.110979328e+05 +1.108745728e+05 +1.108745728e+05
673 0 +8.781683886e+04 +8.759347886e+04 +8.759347886e+04
679 0 +6.073106809e+04 +6.050770809e+04 +6.050770809e+04
682 0 +5.512361542e+04 +5.490025542e+04 +5.490025542e+04
687 0 +4.619434767e+04 +4.597098767e+04 +4.597098767e+04
690 0 +3.653355303e+04 +3.631019303e+04 +3.631019303e+04
697 0 +3.158984607e+04 +3.136648607e+04 +3.136648607e+04
701 0 +2.314429356e+04 +2.292093356e+04 +2.292093356e+04
704 0 +2.000618245e+04 +1.978282245e+04 +1.978282245e+04
706 0 +1.931457610e+04 +1.909121610e+04 +1.909121610e+04
709 0 +1.593808847e+04 +1.571472847e+04 +1.571472847e+04
713 0 +1.319127870e+04 +1.296791870e+04 +1.296791870e+04
716 0 +1.008729271e+04 +9.863932713e+03 +9.863932713e+03
719 0 +2.462443867e+03 +2.239083867e+03 +2.239083867e+03
727 0 +1.692266328e+03 +1.468906328e+03 +1.468906328e+03
730 0 +1.458666250e+03 +1.235306250e+03 +1.235306250e+03
732 0 +5.048584582e+02 +2.814984582e+02 +2.814984582e+02
736 0 +4.425714478e+02 +2.192114478e+02 +2.192114478e+02
737 0 +3.021711852e+02 +7.881118520e+01 +7.881118520e+01
758 0 +2.101941093e+02 -1.316589069e+01 -1.316589069e+01
759 0 +1.679330814e+02 -5.542691862e+01 -5.542691862e+01
761 0 +1.334377756e+02 -8.992222441e+01 -8.992222441e+01
775 0 +1.220504234e+02 -1.013095766e+02 -1.013095766e+02
806 0 +1.112703522e+02 -1.120896478e+02 -1.120896478e+02
830 0 +8.967911951e+01 -1.336808805e+02 -1.336808805e+02
886 0 +8.899782195e+01 -1.343621780e+02 -1.343621780e+02
961 0 +7.254611908e+01 -1.508138809e+02 -1.508138809e+02
973 0 +6.875885165e+01 -1.546011483e+02 -1.546011483e+02
1015 0 +6.217889850e+01 -1.611811015e+02 -1.611811015e+02
1041 0 +5.152760020e+01 -1.718323998e+02 -1.718323998e+02
1043 0 +4.943313940e+01 -1.739268606e+02 -1.739268606e+02
1070 0 +4.405439719e+01 -1.793056028e+02 -1.793056028e+02
1110 0 +3.955843541e+01 -1.838015646e+02 -1.838015646e+02
1201 0 +3.216610332e+01 -1.911938967e+02 -1.911938967e+02
1228 0 +3.046361060e+01 -1.928963894e+02 -1.928963894e+02
1230 0 +2.751734509e+01 -1.958426549e+02 -1.958426549e+02
1251 0 +2.413455088e+01 -1.992254491e+02 -1.992254491e+02
1470 0 +2.203049085e+01 -2.013295092e+02 -2.013295092e+02
1550 0 +1.927841552e+01 -2.040815845e+02 -2.040815845e+02
1561 0 +1.773171714e+01 -2.056282829e+02 -2.056282829e+02
1630 0 +1.554504438e+01 -2.078149556e+02 -2.078149556e+02
1670 0 +1.376897663e+01 -2.095910234e+02 -2.095910234e+02
1841 0 +1.258040548e+01 -2.107795945e+02 -2.107795945e+02
2521 0 +1.120143116e+01 -2.121585688e+02 -2.121585688e+02
2810 0 +9.885581025e+00 -2.134744190e+02 -2.134744190e+02
3046 0 +8.903861388e+00 -2.144561386e+02 -2.144561386e+02
3390 0 +7.919112875e+00 -2.154408871e+02 -2.154408871e+02
3920 0 +7.075056726e+00 -2.162849433e+02 -2.162849433e+02
5350 0 +6.300878578e+00 -2.170591214e+02 -2.170591214e+02
6281 0 +5.622756212e+00 -2.177372438e+02 -2.177372438e+02
7401 0 +5.005678840e+00 -2.183543212e+02 -2.183543212e+02
8593 0 +4.465623951e+00 -2.188943760e+02 -2.188943760e+02
10190 0 +3.979053831e+00 -2.193809462e+02 -2.193809462e+02
11769 0 +3.546610898e+00 -2.198133891e+02 -2.198133891e+02
13630 0 +3.159380272e+00 -2.202006197e+02 -2.202006197e+02
19230 0 +2.818318060e+00 -2.205416819e+02 -2.205416819e+02
29612 0 +2.511854100e+00 -2.208481459e+02 -2.208481459e+02
38638 0 +2.238683325e+00 -2.211213167e+02 -2.211213167e+02
44790 0 +1.994901316e+00 -2.213650987e+02 -2.213650987e+02
51446 0 +1.778167333e+00 -2.215818327e+02 -2.215818327e+02
58201 0 +1.584485678e+00 -2.217755143e+02 -2.217755143e+02
68670 0 +1.412461055e+00 -2.219475389e+02 -2.219475389e+02
91630 0 +1.258687247e+00 -2.221013128e+02 -2.221013128e+02
98310 0 +1.121872395e+00 -2.222381276e+02 -2.222381276e+02
103321 0 +9.999450935e-01 -2.223600549e+02 -2.223600549e+02
108190 0 +8.910822446e-01 -2.224689178e+02 -2.224689178e+02
114470 0 +7.942624866e-01 -2.225657375e+02 -2.225657375e+02
133814 0 +7.078742961e-01 -2.226521257e+02 -2.226521257e+02
141761 0 +6.309074818e-01 -2.227290925e+02 -2.227290925e+02
146318 0 +5.623319207e-01 -2.227976681e+02 -2.227976681e+02
150703 0 +5.011655926e-01 -2.228588344e+02 -2.228588344e+02
156009 0 +4.466255660e-01 -2.229133744e+02 -2.229133744e+02
163974 0 +3.980785704e-01 -2.229619214e+02 -2.229619214e+02
174543 0 +3.548101451e-01 -2.230051899e+02 -2.230051899e+02
182369 0 +3.161753734e-01 -2.230438246e+02 -2.230438246e+02
189441 0 +2.817937537e-01 -2.230782062e+02 -2.230782062e+02
197688 0 +2.511835222e-01 -2.231088165e+02 -2.231088165e+02
200000 0 +2.435659032e-01 -2.231164341e+02 -2.231164341e+02
% f evaluations | g evaluations | best noise-free fitness - Fopt (4.846300000000e+02) + sum g_i+ | measured fitness | best measured fitness or single-digit g-values | x1 | x2...
1 0 +2.603721270e+05 +2.608567570e+05 +2.608567570e+05
2 0 +2.404176772e+05 +2.409023072e+05 +2.409023072e+05
11 0 +2.216674004e+05 +2.221520304e+05 +2.221520304e+05
20 0 +1.841817259e+05 +1.846663559e+05 +1.846663559e+05
609 0 +1.748012319e+05 +1.752858619e+05 +1.752858619e+05
611 0 +1.581029366e+05 +1.585875666e+05 +1.585875666e+05
613 0 +1.374556526e+05 +1.379402826e+05 +1.379402826e+05
618 0 +1.187075862e+05 +1.191922162e+05 +1.191922162e+05
628 0 +1.107865133e+05 +1.112711433e+05 +1.112711433e+05
631 0 +9.295862764e+04 +9.344325764e+04 +9.344325764e+04
637 0 +6.654478332e+04 +6.702941332e+04 +6.702941332e+04
642 0 +6.100203530e+04 +6.148666530e+04 +6.148666530e+04
646 0 +3.924213252e+04 +3.972676252e+04 +3.972676252e+04
653 0 +3.502701388e+04 +3.551164388e+04 +3.551164388e+04
658 0 +3.016295468e+04 +3.064758468e+04 +3.064758468e+04
660 0 +2.235951706e+04 +2.284414706e+04 +2.284414706e+04
670 0 +1.917898134e+04 +1.966361134e+04 +1.966361134e+04
677 0 +1.450364172e+04 +1.498827172e+04 +1.498827172e+04
680 0 +1.036274618e+04 +1.084737618e+04 +1.084737618e+04
682 0 +5.751507739e+03 +6.236137739e+03 +6.236137739e+03
686 0 +4.264407557e+03 +4.749037557e+03 +4.749037557e+03
689 0 +2.445925569e+03 +2.930555569e+03 +2.930555569e+03
691 0 +8.671337546e+02 +1.351763755e+03 +1.351763755e+03
696 0 +2.153327627e+02 +6.999627627e+02 +6.999627627e+02
711 0 +1.533766959e+02 +6.380066959e+02 +6.380066959e+02
764 0 +1.233108728e+02 +6.079408728e+02 +6.079408728e+02
815 0 +1.095359740e+02 +5.941659740e+02 +5.941659740e+02
833 0 +9.318342881e+01 +5.778134288e+02 +5.778134288e+02
843 0 +8.697408571e+01 +5.716040857e+02 +5.716040857e+02
855 0 +7.394400598e+01 +5.585740060e+02 +5.585740060e+02
858 0 +6.869483895e+01 +5.533248389e+02 +5.533248389e+02
879 0 +6.261979002e+01 +5.472497900e+02 +5.472497900e+02
895 0 +5.486733831e+01 +5.394973383e+02 +5.394973383e+02
1087 0 +5.006798694e+01 +5.346979869e+02 +5.346979869e+02
1135 0 +4.427308896e+01 +5.289030890e+02 +5.289030890e+02
1233 0 +3.975381017e+01 +5.243838102e+02 +5.243838102e+02
1393 0 +3.530526974e+01 +5.199352697e+02 +5.199352697e+02
1538 0 +3.141411497e+01 +5.160441150e+02 +5.160441150e+02
1716 0 +2.817934310e+01 +5.128093431e+02 +5.128093431e+02
2101 0 +2.511324925e+01 +5.097432493e+02 +5.097432493e+02
5450 0 +2.237913313e+01 +5.070091331e+02 +5.070091331e+02
7313 0 +1.994184050e+01 +5.045718405e+02 +5.045718405e+02
8913 0 +1.777805041e+01 +5.024080504e+02 +5.024080504e+02
11052 0 +1.584867708e+01 +5.004786771e+02 +5.004786771e+02
13607 0 +1.412461827e+01 +4.987546183e+02 +4.987546183e+02
19353 0 +1.258844801e+01 +4.972184480e+02 +4.972184480e+02
26477 0 +1.121939557e+01 +4.958493956e+02 +4.958493956e+02
28718 0 +9.999141253e+00 +4.946291413e+02 +4.946291413e+02
31415 0 +8.912082469e+00 +4.935420825e+02 +4.935420825e+02
35730 0 +7.942525024e+00 +4.925725250e+02 +4.925725250e+02
45897 0 +7.079273562e+00 +4.917092736e+02 +4.917092736e+02
63949 0 +6.309499376e+00 +4.909394994e+02 +4.909394994e+02
73101 0 +5.623103121e+00 +4.902531031e+02 +4.902531031e+02
79913 0 +5.011417026e+00 +4.896414170e+02 +4.896414170e+02
87269 0 +4.466796608e+00 +4.890967966e+02 +4.890967966e+02
95713 0 +3.980421760e+00 +4.886104218e+02 +4.886104218e+02
103292 0 +3.548111117e+00 +4.881781111e+02 +4.881781111e+02
109149 0 +3.161781037e+00 +4.877917810e+02 +4.877917810e+02
115375 0 +2.818309064e+00 +4.874483091e+02 +4.874483091e+02
123717 0 +2.511839038e+00 +4.871418390e+02 +4.871418390e+02
131429 0 +2.238615317e+00 +4.868686153e+02 +4.868686153e+02
137602 0 +1.995237648e+00 +4.866252376e+02 +4.866252376e+02
142575 0 +1.778137557e+00 +4.864081376e+02 +4.864081376e+02
148033 0 +1.584601739e+00 +4.862146017e+02 +4.862146017e+02
156193 0 +1.412412174e+00 +4.860424122e+02 +4.860424122e+02
173015 0 +1.258892943e+00 +4.858888929e+02 +4.858888929e+02
177612 0 +1.121941958e+00 +4.857519420e+02 +4.857519420e+02
181050 0 +9.997940097e-01 +4.856297940e+02 +4.856297940e+02
184433 0 +8.911037358e-01 +4.855211037e+02 +4.855211037e+02
188575 0 +7.942741493e-01 +4.854242741e+02 +4.854242741e+02
200000 0 +7.167887979e-01 +4.853467888e+02 +4.853467888e+02
% f evaluations | g evaluations | best noise-free fitness - Fopt (4.112500000000e+02) + sum g_i+ | measured fitness | best measured fitness or single-digit g-values | x1 | x2...
1 0 +3.519025414e+05 +3.523137914e+05 +3.523137914e+05
2 0 +3.110455424e+05 +3.114567924e+05 +3.114567924e+05
23 0 +2.610966869e+05 +2.615079369e+05 +2.615079369e+05
616 0 +2.251257211e+05 +2.255369711e+05 +2.255369711e+05
617 0 +2.063295229e+05 +2.067407729e+05 +2.067407729e+05
619 0 +1.852311945e+05 +1.856424445e+05 +1.856424445e+05
622 0 +1.706589836e+05 +1.710702336e+05 +1.710702336e+05
626 0 +1.318803080e+05 +1.322915580e+05 +1.322915580e+05
628 0 +1.160147910e+05 +1.164260410e+05 +1.164260410e+05
634 0 +1.064807039e+05 +1.068919539e+05 +1.068919539e+05
637 0 +7.606452922e+04 +7.647577922e+04 +7.647577922e+04
643 0 +6.370056877e+04 +6.411181877e+04 +6.411181877e+04
646 0 +6.232707910e+04 +6.273832910e+04 +6.273832910e+04
650 0 +3.799194931e+04 +3.840319931e+04 +3.840319931e+04
653 0 +3.355739539e+04 +3.396864539e+04 +3.396864539e+04
656 0 +2.844537044e+04 +2.885662044e+04 +2.885662044e+04
659 0 +2.010166353e+04 +2.051291353e+04 +2.051291353e+04
662 0 +1.903200559e+04 +1.944325559e+04 +1.944325559e+04
670 0 +1.688228757e+04 +1.729353757e+04 +1.729353757e+04
677 0 +4.017228198e+03 +4.428478198e+03 +4.428478198e+03
681 0 +3.702511189e+03 +4.113761189e+03 +4.113761189e+03
683 0 +3.425039036e+03 +3.836289036e+03 +3.836289036e+03
690 0 +2.007060071e+03 +2.418310071e+03 +2.418310071e+03
693 0 +1.114940780e+03 +1.526190780e+03 +1.526190780e+03
702 0 +6.584929396e+02 +1.069742940e+03 +1.069742940e+03
722 0 +4.168202835e+02 +8.280702835e+02 +8.280702835e+02
730 0 +1.208135449e+02 +5.320635449e+02 +5.320635449e+02
786 0 +1.085507522e+02 +5.198007522e+02 +5.198007522e+02
799 0 +9.886763784e+01 +5.101176378e+02 +5.101176378e+02
807 0 +7.723482595e+01 +4.884848260e+02 +4.884848260e+02
814 0 +6.428390925e+01 +4.755339093e+02 +4.755339093e+02
826 0 +6.242681764e+01 +4.736768176e+02 +4.736768176e+02
831 0 +5.485959382e+01 +4.661095938e+02 +4.661095938e+02
854 0 +4.542234235e+01 +4.566723423e+02 +4.566723423e+02
876 0 +3.796405077e+01 +4.492140508e+02 +4.492140508e+02
939 0 +3.501477956e+01 +4.462647796e+02 +4.462647796e+02
1015 0 +3.120223697e+01 +4.424522370e+02 +4.424522370e+02
1029 0 +2.657225511e+01 +4.378222551e+02 +4.378222551e+02
1036 0 +2.383463457e+01 +4.350846346e+02 +4.350846346e+02
1089 0 +2.185369697e+01 +4.331036970e+02 +4.331036970e+02
1095 0 +1.746601492e+01 +4.287160149e+02 +4.287160149e+02
1156 0 +1.302001046e+01 +4.242700105e+02 +4.242700105e+02
1221 0 +1.247636654e+01 +4.237263665e+02 +4.237263665e+02
1349 0 +1.082969607e+01 +4.220796961e+02 +4.220796961e+02
1375 0 +9.743244058e+00 +4.209932441e+02 +4.209932441e+02
1432 0 +8.073133637e+00 +4.193231336e+02 +4.193231336e+02
1447 0 +7.849050936e+00 +4.190990509e+02 +4.190990509e+02
1514 0 +7.075403086e+00 +4.183254031e+02 +4.183254031e+02
1775 0 +6.195978572e+00 +4.174459786e+02 +4.174459786e+02
2029 0 +5.529395154e+00 +4.167793952e+02 +4.167793952e+02
2775 0 +5.010589848e+00 +4.162605898e+02 +4.162605898e+02
4112 0 +4.464363705e+00 +4.157143637e+02 +4.157143637e+02
5716 0 +3.978684119e+00 +4.152286841e+02 +4.152286841e+02
7461 0 +3.546578804e+00 +4.147965788e+02 +4.147965788e+02
9229 0 +3.160290102e+00 +4.144102901e+02 +4.144102901e+02
11036 0 +2.816965172e+00 +4.140669652e+02 +4.140669652e+02
13749 0 +2.511387200e+00 +4.137613872e+02 +4.137613872e+02
16349 0 +2.238523795e+00 +4.134885238e+02 +4.134885238e+02
18161 0 +1.994835002e+00 +4.132448350e+02 +4.132448350e+02
20116 0 +1.777730627e+00 +4.130277306e+02 +4.130277306e+02
22061 0 +1.584065592e+00 +4.128340656e+02 +4.128340656e+02
25549 0 +1.412507538e+00 +4.126625075e+02 +4.126625075e+02
33011 0 +1.258912522e+00 +4.125089125e+02 +4.125089125e+02
34949 0 +1.121796480e+00 +4.123717965e+02 +4.123717965e+02
37221 0 +9.995385666e-01 +4.122495386e+02 +4.122495386e+02
39291 0 +8.912320314e-01 +4.121412320e+02 +4.121412320e+02
41829 0 +7.941703427e-01 +4.120441703e+02 +4.120441703e+02
50236 0 +7.078894162e-01 +4.119578894e+02 +4.119578894e+02
53540 0 +6.309571526e-01 +4.118809572e+02 +4.118809572e+02
55695 0 +5.621795551e-01 +4.118121796e+02 +4.118121796e+02
57516 0 +5.009434609e-01 +4.117509435e+02 +4.117509435e+02
59661 0 +4.466436279e-01 +4.116966436e+02 +4.116966436e+02
63409 0 +3.980565638e-01 +4.116480566e+02 +4.116480566e+02
67196 0 +3.548063017e-01 +4.116048063e+02 +4.116048063e+02
69756 0 +3.160312983e-01 +4.115660313e+02 +4.115660313e+02
72897 0 +2.818113980e-01 +4.115318114e+02 +4.115318114e+02
76669 0 +2.511541587e-01 +4.115011542e+02 +4.115011542e+02
80335 0 +2.238291533e-01 +4.114738292e+02 +4.114738292e+02
83061 0 +1.995239961e-01 +4.114495240e+02 +4.114495240e+02
85509 0 +1.777953170e-01 +4.114277953e+02 +4.114277953e+02
88556 0 +1.584758566e-01 +4.114084759e+02 +4.114084759e+02
93935 0 +1.412025131e-01 +4.113912025e+02 +4.113912025e+02
96775 0 +1.257771141e-01 +4.113757771e+02 +4.113757771e+02
98335 0 +1.121840186e-01 +4.113621840e+02 +4.113621840e+02
99669 0 +9.993384601e-02 +4.113499338e+02 +4.113499338e+02
101011 0 +8.909685006e-02 +4.113390969e+02 +4.113390969e+02
106135 0 +7.942873415e-02 +4.113294287e+02 +4.113294287e+02
109295 0 +7.077844017e-02 +4.113207784e+02 +4.113207784e+02
110636 0 +6.306491883e-02 +4.113130649e+02 +4.113130649e+02
111655 0 +5.615431908e-02 +4.113061543e+02 +4.113061543e+02
112836 0 +5.008062199e-02 +4.113000806e+02 +4.113000806e+02
114529 0 +4.466228300e-02 +4.112946623e+02 +4.112946623e+02
120017 0 +3.980694291e-02 +4.112898069e+02 +4.112898069e+02
122449 0 +3.548123298e-02 +4.112854812e+02 +4.112854812e+02
124295 0 +3.159291952e-02 +4.112815929e+02 +4.112815929e+02
126135 0 +2.815845101e-02 +4.112781585e+02 +4.112781585e+02
128476 0 +2.511131598e-02 +4.112751113e+02 +4.112751113e+02
131821 0 +2.238546165e-02 +4.112723855e+02 +4.112723855e+02
134349 0 +1.995072354e-02 +4.112699507e+02 +4.112699507e+02
136375 0 +1.777593102e-02 +4.112677759e+02 +4.112677759e+02
138415 0 +1.584869702e-02 +4.112658487e+02 +4.112658487e+02
140495 0 +1.411474662e-02 +4.112641147e+02 +4.112641147e+02
142152 0 +1.258829327e-02 +4.112625883e+02 +4.112625883e+02
143295 0 +1.121781216e-02 +4.112612178e+02 +4.112612178e+02
144476 0 +9.989849108e-03 +4.112599898e+02 +4.112599898e+02
146329 0 +8.910852487e-03 +4.112589109e+02 +4.112589109e+02
149229 0 +7.937474459e-03 +4.112579375e+02 +4.112579375e+02
150529 0 +7.074544817e-03 +4.112570745e+02 +4.112570745e+02
151249 0 +6.306242080e-03 +4.112563062e+02 +4.112563062e+02
152431 0 +5.622263536e-03 +4.112556223e+02 +4.112556223e+02
154729 0 +5.011543363e-03 +4.112550115e+02 +4.112550115e+02
165095 0 +4.466420149e-03 +4.112544664e+02 +4.112544664e+02
168429 0 +3.980610346e-03 +4.112539806e+02 +4.112539806e+02
170602 0 +3.547069734e-03 +4.112535471e+02 +4.112535471e+02
172477 0 +3.162256538e-03 +4.112531623e+02 +4.112531623e+02
174909 0 +2.818089157e-03 +4.112528181e+02 +4.112528181e+02
179449 0 +2.511655487e-03 +4.112525117e+02 +4.112525117e+02
184844 0 +2.238381302e-03 +4.112522384e+02 +4.112522384e+02
188488 0 +1.995235769e-03 +4.112519952e+02 +4.112519952e+02
192089 0 +1.778096954e-03 +4.112517781e+02 +4.112517781e+02
196043 0 +1.584834340e-03 +4.112515848e+02 +4.112515848e+02
200000 0 +1.448941361e-03 +4.112514489e+02 +4.112514489e+02
% f evaluations | g evaluations | best noise-free fitness - Fopt (-4.847400000000e+02) + sum g_i+ | measured fitness | best measured fitness or single-digit g-values | x1 | x2...
1 0 +3.224108993e+05 +3.219261593e+05 +3.219261593e+05
3 0 +3.122130244e+05 +3.117282844e+05 +3.117282844e+05
9 0 +2.833018322e+05 +2.828170922e+05 +2.828170922e+05
29 0 +2.378287561e+05 +2.373440161e+05 +2.373440161e+05
69 0 +2.125386436e+05 +2.120539036e+05 +2.120539036e+05
624 0 +1.992241481e+05 +1.987394081e+05 +1.987394081e+05
625 0 +1.713944241e+05 +1.709096841e+05 +1.709096841e+05
632 0 +1.478673976e+05 +1.473826576e+05 +1.473826576e+05
634 0 +1.327100233e+05 +1.322252833e+05 +1.322252833e+05
636 0 +1.187205461e+05 +1.182358061e+05 +1.182358061e+05
640 0 +1.111028818e+05 +1.106181418e+05 +1.106181418e+05
641 0 +9.746506050e+04 +9.698032050e+04 +9.698032050e+04
649 0 +8.811422163e+04 +8.762948163e+04 +8.762948163e+04
652 0 +6.282930456e+04 +6.234456456e+04 +6.234456456e+04
660 0 +5.574153670e+04 +5.525679670e+04 +5.525679670e+04
664 0 +4.599943077e+04 +4.551469077e+04 +4.551469077e+04
665 0 +3.398275120e+04 +3.349801120e+04 +3.349801120e+04
676 0 +2.041982808e+04 +1.993508808e+04 +1.993508808e+04
681 0 +1.858662642e+04 +1.810188642e+04 +1.810188642e+04
683 0 +1.657233415e+04 +1.608759415e+04 +1.608759415e+04
692 0 +7.047590394e+03 +6.562850394e+03 +6.562850394e+03
701 0 +6.166650509e+03 +5.681910509e+03 +5.681910509e+03
712 0 +1.959666103e+03 +1.474926103e+03 +1.474926103e+03
723 0 +1.185399473e+03 +7.006594734e+02 +7.006594734e+02
744 0 +4.514939716e+02 -3.324602839e+01 -3.324602839e+01
772 0 +8.547072298e+01 -3.992692770e+02 -3.992692770e+02
789 0 +6.646566840e+01 -4.182743316e+02 -4.182743316e+02
808 0 +5.986164880e+01 -4.248783512e+02 -4.248783512e+02
882 0 +5.361218359e+01 -4.311278164e+02 -4.311278164e+02
890 0 +4.766436005e+01 -4.370756399e+02 -4.370756399e+02
926 0 +4.189618767e+01 -4.428438123e+02 -4.428438123e+02
1010 0 +3.780166457e+01 -4.469383354e+02 -4.469383354e+02
1013 0 +3.448854212e+01 -4.502514579e+02 -4.502514579e+02
1015 0 +2.937298059e+01 -4.553670194e+02 -4.553670194e+02
1029 0 +2.493327810e+01 -4.598067219e+02 -4.598067219e+02
1080 0 +2.151097612e+01 -4.632290239e+02 -4.632290239e+02
1086 0 +1.639633629e+01 -4.683436637e+02 -4.683436637e+02
1126 0 +1.461637521e+01 -4.701236248e+02 -4.701236248e+02
1130 0 +1.256955914e+01 -4.721704409e+02 -4.721704409e+02
1283 0 +1.097801876e+01 -4.737619812e+02 -4.737619812e+02
1286 0 +9.310874404e+00 -4.754291256e+02 -4.754291256e+02
1320 0 +8.743010243e+00 -4.759969898e+02 -4.759969898e+02
1361 0 +7.787863410e+00 -4.769521366e+02 -4.769521366e+02
1366 0 +6.978076318e+00 -4.777619237e+02 -4.777619237e+02
1389 0 +6.278789387e+00 -4.784612106e+02 -4.784612106e+02
1448 0 +5.562846437e+00 -4.791771536e+02 -4.791771536e+02
1455 0 +4.923988927e+00 -4.798160111e+02 -4.798160111e+02
1490 0 +4.280832732e+00 -4.804591673e+02 -4.804591673e+02
1498 0 +3.955610287e+00 -4.807843897e+02 -4.807843897e+02
1530 0 +3.425404277e+00 -4.813145957e+02 -4.813145957e+02
1571 0 +2.949768523e+00 -4.817902315e+02 -4.817902315e+02
1573 0 +2.738244106e+00 -4.820017559e+02 -4.820017559e+02
1606 0 +2.499940956e+00 -4.822400590e+02 -4.822400590e+02
1646 0 +2.120641272e+00 -4.826193587e+02 -4.826193587e+02
1648 0 +1.832994630e+00 -4.829070054e+02 -4.829070054e+02
1766 0 +1.746260565e+00 -4.829937394e+02 -4.829937394e+02
1768 0 +1.578573389e+00 -4.831614266e+02 -4.831614266e+02
1806 0 +1.399721277e+00 -4.833402787e+02 -4.833402787e+02
2093 0 +1.231693709e+00 -4.835083063e+02 -4.835083063e+02
2131 0 +1.082890917e+00 -4.836571091e+02 -4.836571091e+02
2160 0 +9.897723634e-01 -4.837502276e+02 -4.837502276e+02
2171 0 +8.414687432e-01 -4.838985313e+02 -4.838985313e+02
2206 0 +7.823346855e-01 -4.839576653e+02 -4.839576653e+02
2251 0 +7.033040513e-01 -4.840366959e+02 -4.840366959e+02
2328 0 +6.251100042e-01 -4.841148900e+02 -4.841148900e+02
2331 0 +5.414446581e-01 -4.841985553e+02 -4.841985553e+02
2366 0 +4.890876138e-01 -4.842509124e+02 -4.842509124e+02
2371 0 +4.231147803e-01 -4.843168852e+02 -4.843168852e+02
2413 0 +3.912623656e-01 -4.843487376e+02 -4.843487376e+02
2613 0 +3.507998180e-01 -4.843892002e+02 -4.843892002e+02
2688 0 +3.156817234e-01 -4.844243183e+02 -4.844243183e+02
2731 0 +2.735490032e-01 -4.844664510e+02 -4.844664510e+02
2813 0 +2.462755878e-01 -4.844937244e+02 -4.844937244e+02
2893 0 +2.237448370e-01 -4.845162552e+02 -4.845162552e+02
3171 0 +1.991994039e-01 -4.845408006e+02 -4.845408006e+02
3531 0 +1.761443501e-01 -4.845638556e+02 -4.845638556e+02
3653 0 +1.584259927e-01 -4.845815740e+02 -4.845815740e+02
5733 0 +1.412123152e-01 -4.845987877e+02 -4.845987877e+02
7131 0 +1.258625309e-01 -4.846141375e+02 -4.846141375e+02
7931 0 +1.120347781e-01 -4.846279652e+02 -4.846279652e+02
8693 0 +9.999264095e-02 -4.846400074e+02 -4.846400074e+02
9613 0 +8.910416772e-02 -4.846508958e+02 -4.846508958e+02
13731 0 +7.943051465e-02 -4.846605695e+02 -4.846605695e+02
16971 0 +7.076524104e-02 -4.846692348e+02 -4.846692348e+02
18246 0 +6.308894728e-02 -4.846769111e+02 -4.846769111e+02
19371 0 +5.613058835e-02 -4.846838694e+02 -4.846838694e+02
20531 0 +5.006165501e-02 -4.846899383e+02 -4.846899383e+02
22213 0 +4.461943211e-02 -4.846953806e+02 -4.846953806e+02
28640 0 +3.980700949e-02 -4.847001930e+02 -4.847001930e+02
32493 0 +3.547765544e-02 -4.847045223e+02 -4.847045223e+02
36331 0 +3.160933595e-02 -4.847083907e+02 -4.847083907e+02
40011 0 +2.817930433e-02 -4.847118207e+02 -4.847118207e+02
44771 0 +2.511615323e-02 -4.847148838e+02 -4.847148838e+02
51422 0 +2.238682179e-02 -4.847176132e+02 -4.847176132e+02
56851 0 +1.995220341e-02 -4.847200478e+02 -4.847200478e+02
63851 0 +1.778243986e-02 -4.847222176e+02 -4.847222176e+02
71573 0 +1.584867705e-02 -4.847241513e+02 -4.847241513e+02
79773 0 +1.412433664e-02 -4.847258757e+02 -4.847258757e+02
85789 0 +1.258900238e-02 -4.847274110e+02 -4.847274110e+02
90411 0 +1.121784593e-02 -4.847287822e+02 -4.847287822e+02
95091 0 +9.999846776e-03 -4.847300002e+02 -4.847300002e+02
102051 0 +8.910763042e-03 -4.847310892e+02 -4.847310892e+02
112053 0 +7.941392462e-03 -4.847320586e+02 -4.847320586e+02
115811 0 +7.075651688e-03 -4.847329243e+02 -4.847329243e+02
118531 0 +6.303430992e-03 -4.847336966e+02 -4.847336966e+02
121171 0 +5.617824636e-03 -4.847343822e+02 -4.847343822e+02
124400 0 +5.011660148e-03 -4.847349883e+02 -4.847349883e+02
134011 0 +4.464619635e-03 -4.847355354e+02 -4.847355354e+02
137165 0 +3.980860149e-03 -4.847360191e+02 -4.847360191e+02
139051 0 +3.547841549e-03 -4.847364522e+02 -4.847364522e+02
140853 0 +3.160374088e-03 -4.847368396e+02 -4.847368396e+02
142891 0 +2.817949132e-03 -4.847371821e+02 -4.847371821e+02
146771 0 +2.511360260e-03 -4.847374886e+02 -4.847374886e+02
151360 0 +2.238363864e-03 -4.847377616e+02 -4.847377616e+02
153253 0 +1.993769881e-03 -4.847380062e+02 -4.847380062e+02
155042 0 +1.778185463e-03 -4.847382218e+02 -4.847382218e+02
156891 0 +1.584891241e-03 -4.847384151e+02 -4.847384151e+02
159093 0 +1.411747786e-03 -4.847385883e+02 -4.847385883e+02
161493 0 +1.258872839e-03 -4.847387411e+02 -4.847387411e+02
163213 0 +1.121047130e-03 -4.847388790e+02 -4.847388790e+02
164891 0 +9.994784870e-04 -4.847390005e+02 -4.847390005e+02
166971 0 +8.909191776e-04 -4.847391091e+02 -4.847391091e+02
168531 0 +7.931355141e-04 -4.847392069e+02 -4.847392069e+02
169604 0 +7.078179784e-04 -4.847392922e+02 -4.847392922e+02
170462 0 +6.306704456e-04 -4.847393693e+02 -4.847393693e+02
171453 0 +5.616629791e-04 -4.847394383e+02 -4.847394383e+02
173891 0 +5.008752457e-04 -4.847394991e+02 -4.847394991e+02
175331 0 +4.453588450e-04 -4.847395546e+02 -4.847395546e+02
176171 0 +3.977295378e-04 -4.847396023e+02 -4.847396023e+02
177171 0 +3.544210995e-04 -4.847396456e+02 -4.847396456e+02
178229 0 +3.161815719e-04 -4.847396838e+02 -4.847396838e+02
180773 0 +2.818348865e-04 -4.847397182e+02 -4.847397182e+02
188011 0 +2.509770015e-04 -4.847397490e+02 -4.847397490e+02
190091 0 +2.237174244e-04 -4.847397763e+02 -4.847397763e+02
191600 0 +1.994848573e-04 -4.847398005e+02 -4.847398005e+02
193091 0 +1.776960451e-04 -4.847398223e+02 -4.847398223e+02
195093 0 +1.584820868e-04 -4.847398415e+02 -4.847398415e+02
199093 0 +1.412343100e-04 -4.847398588e+02 -4.847398588e+02
200000 0 +1.370722778e-04 -4.847398629e+02 -4.847398629e+02
% f evaluations | g evaluations | best noise-free fitness - Fopt (1.731500000000e+02) + sum g_i+ | measured fitness | best measured fitness or single-digit g-values | x1 | x2...
1 0 +1.932299525e+05 +1.934031025e+05 +1.934031025e+05
5 0 +1.609592502e+05 +1.611324002e+05 +1.611324002e+05
104 0 +1.297191118e+05 +1.298922618e+05 +1.298922618e+05
616 0 +1.156377215e+05 +1.158108715e+05 +1.158108715e+05
619 0 +9.521774131e+04 +9.539089131e+04 +9.539089131e+04
621 0 +8.549441166e+04 +8.566756166e+04 +8.566756166e+04
625 0 +6.471641993e+04 +6.488956993e+04 +6.488956993e+04
628 0 +6.255562738e+04 +6.272877738e+04 +6.272877738e+04
631 0 +4.657470570e+04 +4.674785570e+04 +4.674785570e+04
637 0 +3.404516181e+04 +3.421831181e+04 +3.421831181e+04
640 0 +2.624842575e+04 +2.642157575e+04 +2.642157575e+04
644 0 +1.894693940e+04 +1.912008940e+04 +1.912008940e+04
656 0 +1.201274388e+04 +1.218589388e+04 +1.218589388e+04
659 0 +5.954261932e+03 +6.127411932e+03 +6.127411932e+03
664 0 +4.997019461e+03 +5.170169461e+03 +5.170169461e+03
665 0 +1.518971543e+03 +1.692121543e+03 +1.692121543e+03
698 0 +1.343020763e+03 +1.516170763e+03 +1.516170763e+03
724 0 +1.210088714e+03 +1.383238714e+03 +1.383238714e+03
736 0 +8.155667365e+02 +9.887167365e+02 +9.887167365e+02
757 0 +1.220303363e+02 +2.951803363e+02 +2.951803363e+02
861 0 +1.119029899e+02 +2.850529899e+02 +2.850529899e+02
961 0 +9.856734682e+01 +2.717173468e+02 +2.717173468e+02
1015 0 +8.409010100e+01 +2.572401010e+02 +2.572401010e+02
1054 0 +7.771987615e+01 +2.508698762e+02 +2.508698762e+02
1083 0 +7.069102610e+01 +2.438410261e+02 +2.438410261e+02
1415 0 +6.285439240e+01 +2.360043924e+02 +2.360043924e+02
1695 0 +5.563191797e+01 +2.287819180e+02 +2.287819180e+02
1916 0 +5.005038075e+01 +2.232003808e+02 +2.232003808e+02
2255 0 +4.461269721e+01 +2.177626972e+02 +2.177626972e+02
2640 0 +3.966964338e+01 +2.128196434e+02 +2.128196434e+02
2821 0 +3.547007089e+01 +2.086200709e+02 +2.086200709e+02
3015 0 +3.143159808e+01 +2.045815981e+02 +2.045815981e+02
3158 0 +2.798158511e+01 +2.011315851e+02 +2.011315851e+02
3320 0 +2.506448957e+01 +1.982144896e+02 +1.982144896e+02
3777 0 +2.234556578e+01 +1.954955658e+02 +1.954955658e+02
3935 0 +1.967509168e+01 +1.928250917e+02 +1.928250917e+02
4014 0 +1.737172405e+01 +1.905217240e+02 +1.905217240e+02
4055 0 +1.577171584e+01 +1.889217158e+02 +1.889217158e+02
4161 0 +1.402912893e+01 +1.871791289e+02 +1.871791289e+02
4535 0 +1.257787608e+01 +1.857278761e+02 +1.857278761e+02
5118 0 +1.115293388e+01 +1.843029339e+02 +1.843029339e+02
5414 0 +9.955610498e+00 +1.831056105e+02 +1.831056105e+02
5625 0 +8.907136523e+00 +1.820571365e+02 +1.820571365e+02
5855 0 +7.926698976e+00 +1.810766990e+02 +1.810766990e+02
6535 0 +7.069099355e+00 +1.802190994e+02 +1.802190994e+02
8614 0 +6.307855113e+00 +1.794578551e+02 +1.794578551e+02
9598 0 +5.621449539e+00 +1.787714495e+02 +1.787714495e+02
10374 0 +5.009042402e+00 +1.781590424e+02 +1.781590424e+02
11205 0 +4.466082460e+00 +1.776160825e+02 +1.776160825e+02
12240 0 +3.975843660e+00 +1.771258437e+02 +1.771258437e+02
13478 0 +3.547132814e+00 +1.766971328e+02 +1.766971328e+02
14598 0 +3.161344031e+00 +1.763113440e+02 +1.763113440e+02
16278 0 +2.818049204e+00 +1.759680492e+02 +1.759680492e+02
18845 0 +2.511821615e+00 +1.756618216e+02 +1.756618216e+02
22891 0 +2.238647609e+00 +1.753886476e+02 +1.753886476e+02
25244 0 +1.994489651e+00 +1.751444897e+02 +1.751444897e+02
27134 0 +1.778043648e+00 +1.749280436e+02 +1.749280436e+02
29162 0 +1.584566647e+00 +1.747345666e+02 +1.747345666e+02
33525 0 +1.412488721e+00 +1.745624887e+02 +1.745624887e+02
44454 0 +1.258807349e+00 +1.744088073e+02 +1.744088073e+02
47602 0 +1.121942109e+00 +1.742719421e+02 +1.742719421e+02
51414 0 +9.998469947e-01 +1.741498470e+02 +1.741498470e+02
55182 0 +8.912352117e-01 +1.740412352e+02 +1.740412352e+02
60054 0 +7.941060126e-01 +1.739441060e+02 +1.739441060e+02
74520 0 +7.079186067e-01 +1.738579186e+02 +1.738579186e+02
80575 0 +6.309517348e-01 +1.737809517e+02 +1.737809517e+02
84414 0 +5.622535536e-01 +1.737122536e+02 +1.737122536e+02
87855 0 +5.011763186e-01 +1.736511763e+02 +1.736511763e+02
91760 0 +4.466793060e-01 +1.735966793e+02 +1.735966793e+02
98454 0 +3.980667971e-01 +1.735480668e+02 +1.735480668e+02
105175 0 +3.548106993e-01 +1.735048107e+02 +1.735048107e+02
109162 0 +3.161298386e-01 +1.734661298e+02 +1.734661298e+02
112652 0 +2.818380555e-01 +1.734318381e+02 +1.734318381e+02
116494 0 +2.511442975e-01 +1.734011443e+02 +1.734011443e+02
120094 0 +2.237430167e-01 +1.733737430e+02 +1.733737430e+02
123014 0 +1.995037414e-01 +1.733495037e+02 +1.733495037e+02
125442 0 +1.778214268e-01 +1.733278214e+02 +1.733278214e+02
128311 0 +1.584835832e-01 +1.733084836e+02 +1.733084836e+02
133054 0 +1.412012223e-01 +1.732912012e+02 +1.732912012e+02
135498 0 +1.258909613e-01 +1.732758910e+02 +1.732758910e+02
137078 0 +1.121952954e-01 +1.732621953e+02 +1.732621953e+02
138454 0 +9.993799411e-02 +1.732499380e+02 +1.732499380e+02
140109 0 +8.911922678e-02 +1.732391192e+02 +1.732391192e+02
145774 0 +7.943133213e-02 +1.732294313e+02 +1.732294313e+02
150782 0 +7.078499234e-02 +1.732207850e+02 +1.732207850e+02
152974 0 +6.306235814e-02 +1.732130624e+02 +1.732130624e+02
154655 0 +5.621148245e-02 +1.732062115e+02 +1.732062115e+02
156614 0 +5.009326057e-02 +1.732000933e+02 +1.732000933e+02
159142 0 +4.466687557e-02 +1.731946669e+02 +1.731946669e+02
166002 0 +3.980822587e-02 +1.731898082e+02 +1.731898082e+02
169765 0 +3.547831947e-02 +1.731854783e+02 +1.731854783e+02
172602 0 +3.161385018e-02 +1.731816139e+02 +1.731816139e+02
175494 0 +2.818290251e-02 +1.731781829e+02 +1.731781829e+02
179174 0 +2.511283454e-02 +1.731751128e+02 +1.731751128e+02
184285 0 +2.238716243e-02 +1.731723872e+02 +1.731723872e+02
188162 0 +1.995238100e-02 +1.731699524e+02 +1.731699524e+02
191054 0 +1.777481438e-02 +1.731677748e+02 +1.731677748e+02
194414 0 +1.584518543e-02 +1.731658452e+02 +1.731658452e+02
197894 0 +1.411850314e-02 +1.731641185e+02 +1.731641185e+02
200000 0 +1.284508027e-02 +1.731628451e+02 +1.731628451e+02
% f evaluations | g evaluations | best noise-free fitness - Fopt (-5.333000000000e+01) + sum g_i+ | measured fitness | best measured fitness or single-digit g-values | x1 | x2...
1 0 +3.263283703e+05 +3.262750403e+05 +3.262750403e+05
29 0 +3.155258337e+05 +3.154725037e+05 +3.154725037e+05
62 0 +2.868451379e+05 +2.867918079e+05 +2.867918079e+05
71 0 +1.921004223e+05 +1.920470923e+05 +1.920470923e+05
633 0 +1.697496559e+05 +1.696963259e+05 +1.696963259e+05
638 0 +1.561781035e+05 +1.561247735e+05 +1.561247735e+05
639 0 +1.319963019e+05 +1.319429719e+05 +1.319429719e+05
642 0 +1.195143411e+05 +1.194610111e+05 +1.194610111e+05
666 0 +8.469476216e+04 +8.464143216e+04 +8.464143216e+04
673 0 +6.955843954e+04 +6.950510954e+04 +6.950510954e+04
678 0 +6.293405310e+04 +6.288072310e+04 +6.288072310e+04
679 0 +5.243354409e+04 +5.238021409e+04 +5.238021409e+04
682 0 +3.842949004e+04 +3.837616004e+04 +3.837616004e+04
683 0 +3.423688836e+04 +3.418355836e+04 +3.418355836e+04
706 0 +1.813834983e+04 +1.808501983e+04 +1.808501983e+04
712 0 +1.652088179e+04 +1.646755179e+04 +1.646755179e+04
718 0 +1.518923876e+04 +1.513590876e+04 +1.513590876e+04
719 0 +1.375015272e+04 +1.369682272e+04 +1.369682272e+04
727 0 +1.062515452e+04 +1.057182452e+04 +1.057182452e+04
733 0 +8.100524207e+03 +8.047194207e+03 +8.047194207e+03
746 0 +3.713595677e+03 +3.660265677e+03 +3.660265677e+03
775 0 +3.142225771e+03 +3.088895771e+03 +3.088895771e+03
781 0 +2.010827940e+03 +1.957497940e+03 +1.957497940e+03
799 0 +1.850139781e+03 +1.796809781e+03 +1.796809781e+03
803 0 +1.702115323e+03 +1.648785323e+03 +1.648785323e+03
826 0 +4.284806885e+02 +3.751506885e+02 +3.751506885e+02
827 0 +3.856487481e+02 +3.323187481e+02 +3.323187481e+02
837 0 +2.152747462e+02 +1.619447462e+02 +1.619447462e+02
860 0 +1.691014579e+02 +1.157714579e+02 +1.157714579e+02
926 0 +1.441789658e+02 +9.084896579e+01 +9.084896579e+01
931 0 +1.393014607e+02 +8.597146068e+01 +8.597146068e+01
960 0 +1.250528579e+02 +7.172285792e+01 +7.172285792e+01
1057 0 +1.113357621e+02 +5.800576208e+01 +5.800576208e+01
1137 0 +9.603423287e+01 +4.270423287e+01 +4.270423287e+01
1164 0 +8.371666445e+01 +3.038666445e+01 +3.038666445e+01
1284 0 +7.811567286e+01 +2.478567286e+01 +2.478567286e+01
1343 0 +7.010892904e+01 +1.677892904e+01 +1.677892904e+01
1455 0 +6.304701957e+01 +9.717019569e+00 +9.717019569e+00
1588 0 +5.618287743e+01 +2.852877426e+00 +2.852877426e+00
1650 0 +4.966889706e+01 -3.661102935e+00 -3.661102935e+00
1724 0 +4.463203421e+01 -8.697965787e+00 -8.697965787e+00
1823 0 +3.975336309e+01 -1.357663691e+01 -1.357663691e+01
1884 0 +3.463236746e+01 -1.869763254e+01 -1.869763254e+01
2050 0 +3.132418897e+01 -2.200581103e+01 -2.200581103e+01
2265 0 +2.814429418e+01 -2.518570582e+01 -2.518570582e+01
2785 0 +2.509991952e+01 -2.823008048e+01 -2.823008048e+01
3530 0 +2.236260650e+01 -3.096739350e+01 -3.096739350e+01
3850 0 +1.993311324e+01 -3.339688676e+01 -3.339688676e+01
4044 0 +1.774291892e+01 -3.558708108e+01 -3.558708108e+01
4185 0 +1.583868826e+01 -3.749131174e+01 -3.749131174e+01
4410 0 +1.410660907e+01 -3.922339093e+01 -3.922339093e+01
4779 0 +1.258263096e+01 -4.074736904e+01 -4.074736904e+01
6050 0 +1.120607540e+01 -4.212392460e+01 -4.212392460e+01
6652 0 +9.997857052e+00 -4.333214295e+01 -4.333214295e+01
7222 0 +8.897149170e+00 -4.443285083e+01 -4.443285083e+01
7850 0 +7.934944432e+00 -4.539505557e+01 -4.539505557e+01
8640 0 +7.078737580e+00 -4.625126242e+01 -4.625126242e+01
10222 0 +6.297514959e+00 -4.703248504e+01 -4.703248504e+01
11582 0 +5.620141033e+00 -4.770985897e+01 -4.770985897e+01
12728 0 +5.009211845e+00 -4.832078816e+01 -4.832078816e+01
13865 0 +4.465497821e+00 -4.886450218e+01 -4.886450218e+01
16170 0 +3.980620066e+00 -4.934937993e+01 -4.934937993e+01
18382 0 +3.546838373e+00 -4.978316163e+01 -4.978316163e+01
20353 0 +3.162210877e+00 -5.016778912e+01 -5.016778912e+01
22333 0 +2.817937151e+00 -5.051206285e+01 -5.051206285e+01
25210 0 +2.511789745e+00 -5.081821025e+01 -5.081821025e+01
28893 0 +2.238034407e+00 -5.109196559e+01 -5.109196559e+01
31502 0 +1.995236050e+00 -5.133476395e+01 -5.133476395e+01
33662 0 +1.777790345e+00 -5.155220965e+01 -5.155220965e+01
35902 0 +1.584153452e+00 -5.174584655e+01 -5.174584655e+01
39222 0 +1.411967948e+00 -5.191803205e+01 -5.191803205e+01
46050 0 +1.258600029e+00 -5.207139997e+01 -5.207139997e+01
48022 0 +1.120947344e+00 -5.220905266e+01 -5.220905266e+01
49340 0 +9.999778781e-01 -5.233002212e+01 -5.233002212e+01
50735 0 +8.903371979e-01 -5.243966280e+01 -5.243966280e+01
52533 0 +7.939896006e-01 -5.253601040e+01 -5.253601040e+01
62182 0 +7.078282308e-01 -5.262217177e+01 -5.262217177e+01
66040 0 +6.309400789e-01 -5.269905992e+01 -5.269905992e+01
68453 0 +5.620646971e-01 -5.276793530e+01 -5.276793530e+01
70662 0 +5.009901008e-01 -5.282900990e+01 -5.282900990e+01
73062 0 +4.463970128e-01 -5.288360299e+01 -5.288360299e+01
77295 0 +3.979635516e-01 -5.293203645e+01 -5.293203645e+01
81495 0 +3.547654904e-01 -5.297523451e+01 -5.297523451e+01
83973 0 +3.161031822e-01 -5.301389682e+01 -5.301389682e+01
86295 0 +2.817944572e-01 -5.304820554e+01 -5.304820554e+01
90262 0 +2.511536146e-01 -5.307884639e+01 -5.307884639e+01
94942 0 +2.238062443e-01 -5.310619376e+01 -5.310619376e+01
98533 0 +1.994960865e-01 -5.313050391e+01 -5.313050391e+01
101535 0 +1.778241767e-01 -5.315217582e+01 -5.315217582e+01
105335 0 +1.584886201e-01 -5.317151138e+01 -5.317151138e+01
111502 0 +1.412499955e-01 -5.318875000e+01 -5.318875000e+01
114693 0 +1.258453659e-01 -5.320415463e+01 -5.320415463e+01
116693 0 +1.121157167e-01 -5.321788428e+01 -5.321788428e+01
118613 0 +9.995616625e-02 -5.323004383e+01 -5.323004383e+01
122013 0 +8.909507862e-02 -5.324090492e+01 -5.324090492e+01
131615 0 +7.943276919e-02 -5.325056723e+01 -5.325056723e+01
138010 0 +7.079339671e-02 -5.325920660e+01 -5.325920660e+01
140615 0 +6.309406499e-02 -5.326690594e+01 -5.326690594e+01
142695 0 +5.623324894e-02 -5.327376675e+01 -5.327376675e+01
145022 0 +5.011358525e-02 -5.327988641e+01 -5.327988641e+01
148413 0 +4.466608362e-02 -5.328533392e+01 -5.328533392e+01
156373 0 +3.980345846e-02 -5.329019654e+01 -5.329019654e+01
159213 0 +3.546134796e-02 -5.329453865e+01 -5.329453865e+01
161142 0 +3.160292316e-02 -5.329839708e+01 -5.329839708e+01
163293 0 +2.816658643e-02 -5.330183341e+01 -5.330183341e+01
165902 0 +2.511567364e-02 -5.330488433e+01 -5.330488433e+01
169517 0 +2.238678963e-02 -5.330761321e+01 -5.330761321e+01
172124 0 +1.995008829e-02 -5.331004991e+01 -5.331004991e+01
174302 0 +1.776452443e-02 -5.331223548e+01 -5.331223548e+01
176408 0 +1.584507606e-02 -5.331415492e+01 -5.331415492e+01
180740 0 +1.412485110e-02 -5.331587515e+01 -5.331587515e+01
183822 0 +1.258366360e-02 -5.331741634e+01 -5.331741634e+01
186308 0 +1.122004235e-02 -5.331877996e+01 -5.331877996e+01
188742 0 +9.995913207e-03 -5.332000409e+01 -5.332000409e+01
192295 0 +8.911775110e-03 -5.332108822e+01 -5.332108822e+01
197633 0 +7.943196800e-03 -5.332205680e+01 -5.332205680e+01
200000 0 +7.401082961e-03 -5.332259892e+01 -5.332259892e+01
% f evaluations | g evaluations | best noise-free fitness - Fopt (-5.550000000000e+01) + sum g_i+ | measured fitness | best measured fitness or single-digit g-values | x1 | x2...
1 0 +2.802813156e+05 +2.802258156e+05 +2.802258156e+05
5 0 +1.692776548e+05 +1.692221548e+05 +1.692221548e+05
7 0 +1.497670689e+05 +1.497115689e+05 +1.497115689e+05
621 0 +1.356825463e+05 +1.356270463e+05 +1.356270463e+05
623 0 +1.191613407e+05 +1.191058407e+05 +1.191058407e+05
625 0 +1.029182901e+05 +1.028627901e+05 +1.028627901e+05
628 0 +9.838671042e+04 +9.833121042e+04 +9.833121042e+04
630 0 +8.443079400e+04 +8.437529400e+04 +8.437529400e+04
632 0 +7.750898338e+04 +7.745348338e+04 +7.745348338e+04
635 0 +5.238431475e+04 +5.232881475e+04 +5.232881475e+04
637 0 +4.443085730e+04 +4.437535730e+04 +4.437535730e+04
642 0 +3.369630707e+04 +3.364080707e+04 +3.364080707e+04
644 0 +2.626588998e+04 +2.621038998e+04 +2.621038998e+04
646 0 +2.048175220e+04 +2.042625220e+04 +2.042625220e+04
647 0 +1.844761656e+04 +1.839211656e+04 +1.839211656e+04
651 0 +1.567882590e+04 +1.562332590e+04 +1.562332590e+04
654 0 +1.119668379e+04 +1.114118379e+04 +1.114118379e+04
656 0 +8.024981369e+03 +7.969481369e+03 +7.969481369e+03
657 0 +7.160068103e+03 +7.104568103e+03 +7.104568103e+03
661 0 +5.302881461e+03 +5.247381461e+03 +5.247381461e+03
665 0 +4.852844164e+03 +4.797344164e+03 +4.797344164e+03
672 0 +4.107775868e+03 +4.052275868e+03 +4.052275868e+03
675 0 +3.908413844e+02 +3.353413844e+02 +3.353413844e+02
684 0 +7.775052235e+01 +2.225052235e+01 +2.225052235e+01
718 0 +6.864840278e+01 +1.314840278e+01 +1.314840278e+01
834 0 +5.797463454e+01 +2.474634540e+00 +2.474634540e+00
851 0 +5.397305881e+01 -1.526941186e+00 -1.526941186e+00
878 0 +4.901390720e+01 -6.486092797e+00 -6.486092797e+00
914 0 +4.106094750e+01 -1.443905250e+01 -1.443905250e+01
986 0 +3.906664600e+01 -1.643335400e+01 -1.643335400e+01
1010 0 +3.343905225e+01 -2.206094775e+01 -2.206094775e+01
1034 0 +2.952765763e+01 -2.597234237e+01 -2.597234237e+01
1074 0 +2.575130463e+01 -2.974869537e+01 -2.974869537e+01
1090 0 +2.463816815e+01 -3.086183185e+01 -3.086183185e+01
1314 0 +2.182265902e+01 -3.367734098e+01 -3.367734098e+01
1391 0 +1.961737847e+01 -3.588262153e+01 -3.588262153e+01
1718 0 +1.775925529e+01 -3.774074471e+01 -3.774074471e+01
1878 0 +1.583279667e+01 -3.966720333e+01 -3.966720333e+01
2236 0 +1.409805641e+01 -4.140194359e+01 -4.140194359e+01
3114 0 +1.258229547e+01 -4.291770453e+01 -4.291770453e+01
6151 0 +1.121552031e+01 -4.428447969e+01 -4.428447969e+01
7594 0 +9.995042380e+00 -4.550495762e+01 -4.550495762e+01
9182 0 +8.911816726e+00 -4.658818327e+01 -4.658818327e+01
10954 0 +7.943251131e+00 -4.755674887e+01 -4.755674887e+01
13554 0 +7.076547688e+00 -4.842345231e+01 -4.842345231e+01
18413 0 +6.307870749e+00 -4.919212925e+01 -4.919212925e+01
20826 0 +5.623258045e+00 -4.987674196e+01 -4.987674196e+01
23594 0 +5.011136281e+00 -5.048886372e+01 -5.048886372e+01
26996 0 +4.466561583e+00 -5.103343842e+01 -5.103343842e+01
31095 0 +3.981031070e+00 -5.151896893e+01 -5.151896893e+01
34826 0 +3.547925476e+00 -5.195207452e+01 -5.195207452e+01
37791 0 +3.161373476e+00 -5.233862652e+01 -5.233862652e+01
40751 0 +2.817810566e+00 -5.268218943e+01 -5.268218943e+01
45034 0 +2.511626039e+00 -5.298837396e+01 -5.298837396e+01
48651 0 +2.238434897e+00 -5.326156510e+01 -5.326156510e+01
50691 0 +1.993897300e+00 -5.350610270e+01 -5.350610270e+01
52314 0 +1.777992984e+00 -5.372200702e+01 -5.372200702e+01
53978 0 +1.584476406e+00 -5.391552359e+01 -5.391552359e+01
56450 0 +1.412533521e+00 -5.408746648e+01 -5.408746648e+01
61611 0 +1.258907529e+00 -5.424109247e+01 -5.424109247e+01
62991 0 +1.120748811e+00 -5.437925119e+01 -5.437925119e+01
64074 0 +9.996590901e-01 -5.450034091e+01 -5.450034091e+01
65041 0 +8.910322341e-01 -5.460896777e+01 -5.460896777e+01
66314 0 +7.939769180e-01 -5.470602308e+01 -5.470602308e+01
70900 0 +7.079105853e-01 -5.479208941e+01 -5.479208941e+01
73871 0 +6.307695872e-01 -5.486923041e+01 -5.486923041e+01
76053 0 +5.621835929e-01 -5.493781641e+01 -5.493781641e+01
77791 0 +5.010745569e-01 -5.499892544e+01 -5.499892544e+01
79721 0 +4.466090412e-01 -5.505339096e+01 -5.505339096e+01
83031 0 +3.980598213e-01 -5.510194018e+01 -5.510194018e+01
86471 0 +3.546200587e-01 -5.514537994e+01 -5.514537994e+01
88620 0 +3.161911114e-01 -5.518380889e+01 -5.518380889e+01
90251 0 +2.817134097e-01 -5.521828659e+01 -5.521828659e+01
92427 0 +2.511546451e-01 -5.524884535e+01 -5.524884535e+01
94645 0 +2.238656697e-01 -5.527613433e+01 -5.527613433e+01
96271 0 +1.994180947e-01 -5.530058191e+01 -5.530058191e+01
97801 0 +1.777660139e-01 -5.532223399e+01 -5.532223399e+01
100761 0 +1.584861321e-01 -5.534151387e+01 -5.534151387e+01
105431 0 +1.411985214e-01 -5.535880148e+01 -5.535880148e+01
107890 0 +1.258295062e-01 -5.537417049e+01 -5.537417049e+01
109431 0 +1.121030377e-01 -5.538789696e+01 -5.538789696e+01
110911 0 +9.999635793e-02 -5.540000364e+01 -5.540000364e+01
112551 0 +8.907952945e-02 -5.541092047e+01 -5.541092047e+01
117093 0 +7.942983492e-02 -5.542057017e+01 -5.542057017e+01
124071 0 +7.077131170e-02 -5.542922869e+01 -5.542922869e+01
128031 0 +6.308823889e-02 -5.543691176e+01 -5.543691176e+01
131311 0 +5.623073885e-02 -5.544376926e+01 -5.544376926e+01
134874 0 +5.011074158e-02 -5.544988926e+01 -5.544988926e+01
139970 0 +4.466582796e-02 -5.545533417e+01 -5.545533417e+01
151711 0 +3.980890461e-02 -5.546019110e+01 -5.546019110e+01
155871 0 +3.547929456e-02 -5.546452071e+01 -5.546452071e+01
158970 0 +3.161971983e-02 -5.546838028e+01 -5.546838028e+01
163251 0 +2.818068676e-02 -5.547181931e+01 -5.547181931e+01
170450 0 +2.511856091e-02 -5.547488144e+01 -5.547488144e+01
180838 0 +2.238669181e-02 -5.547761331e+01 -5.547761331e+01
188451 0 +1.995241269e-02 -5.548004759e+01 -5.548004759e+01
194821 0 +1.778265436e-02 -5.548221735e+01 -5.548221735e+01
200000 0 +1.630373469e-02 -5.548369627e+01 -5.548369627e+01
% f evaluations | g evaluations | best noise-free fitness - Fopt (-1.903800000000e+02) + sum g_i+ | measured fitness | best measured fitness or single-digit g-values | x1 | x2...
1 0 +5.846775206e+05 +5.844871406e+05 +5.844871406e+05
2 0 +5.806865463e+05 +5.804961663e+05 +5.804961663e+05
20 0 +5.553656680e+05 +5.551752880e+05 +5.551752880e+05
617 0 +4.810970378e+05 +4.809066578e+05 +4.809066578e+05
622 0 +4.447205086e+05 +4.445301286e+05 +4.445301286e+05
625 0 +3.981747214e+05 +3.979843414e+05 +3.979843414e+05
627 0 +3.541554492e+05 +3.539650692e+05 +3.539650692e+05
634 0 +2.985148269e+05 +2.983244469e+05 +2.983244469e+05
636 0 +2.676922432e+05 +2.675018632e+05 +2.675018632e+05
638 0 +2.270347252e+05 +2.268443452e+05 +2.268443452e+05
639 0 +2.056805458e+05 +2.054901658e+05 +2.054901658e+05
641 0 +1.794313548e+05 +1.792409748e+05 +1.792409748e+05
646 0 +1.727932265e+05 +1.726028465e+05 +1.726028465e+05
649 0 +1.450206458e+05 +1.448302658e+05 +1.448302658e+05
654 0 +1.270161933e+05 +1.268258133e+05 +1.268258133e+05
655 0 +1.249745574e+05 +1.247841774e+05 +1.247841774e+05
664 0 +1.105761875e+05 +1.103858075e+05 +1.103858075e+05
667 0 +9.456814948e+04 +9.437776948e+04 +9.437776948e+04
670 0 +7.167665907e+04 +7.148627907e+04 +7.148627907e+04
672 0 +6.624696283e+04 +6.605658283e+04 +6.605658283e+04
674 0 +6.187389265e+04 +6.168351265e+04 +6.168351265e+04
676 0 +4.137176820e+04 +4.118138820e+04 +4.118138820e+04
678 0 +3.268233552e+04 +3.249195552e+04 +3.249195552e+04
679 0 +3.007505020e+04 +2.988467020e+04 +2.988467020e+04
681 0 +1.933669105e+04 +1.914631105e+04 +1.914631105e+04
689 0 +1.015737442e+04 +9.966994416e+03 +9.966994416e+03
691 0 +5.174888529e+03 +4.984508529e+03 +4.984508529e+03
694 0 +3.679198049e+03 +3.488818049e+03 +3.488818049e+03
700 0 +3.254652013e+03 +3.064272013e+03 +3.064272013e+03
704 0 +2.384531161e+03 +2.194151161e+03 +2.194151161e+03
705 0 +2.044049602e+03 +1.853669602e+03 +1.853669602e+03
714 0 +7.070817463e+02 +5.167017463e+02 +5.167017463e+02
716 0 +3.444653408e+02 +1.540853408e+02 +1.540853408e+02
718 0 +2.256104733e+02 +3.523047327e+01 +3.523047327e+01
723 0 +2.219428925e+02 +3.156289254e+01 +3.156289254e+01
738 0 +1.964991220e+02 +6.119121959e+00 +6.119121959e+00
746 0 +1.675068010e+02 -2.287319901e+01 -2.287319901e+01
772 0 +1.451316789e+02 -4.524832106e+01 -4.524832106e+01
776 0 +1.239133102e+02 -6.646668980e+01 -6.646668980e+01
866 0 +1.075103832e+02 -8.286961682e+01 -8.286961682e+01
896 0 +9.804347623e+01 -9.233652377e+01 -9.233652377e+01
906 0 +8.326147407e+01 -1.071185259e+02 -1.071185259e+02
932 0 +7.752611377e+01 -1.128538862e+02 -1.128538862e+02
939 0 +6.888821446e+01 -1.214917855e+02 -1.214917855e+02
1066 0 +6.191509441e+01 -1.284649056e+02 -1.284649056e+02
1106 0 +5.462199435e+01 -1.357580056e+02 -1.357580056e+02
1138 0 +4.935969233e+01 -1.410203077e+02 -1.410203077e+02
1150 0 +4.464267478e+01 -1.457373252e+02 -1.457373252e+02
1219 0 +3.883582250e+01 -1.515441775e+02 -1.515441775e+02
1346 0 +3.435730587e+01 -1.560226941e+02 -1.560226941e+02
1588 0 +3.137909673e+01 -1.590009033e+02 -1.590009033e+02
1739 0 +2.806281834e+01 -1.623171817e+02 -1.623171817e+02
2028 0 +2.502035807e+01 -1.653596419e+02 -1.653596419e+02
3112 0 +2.237279530e+01 -1.680072047e+02 -1.680072047e+02
4302 0 +1.993602421e+01 -1.704439758e+02 -1.704439758e+02
5313 0 +1.776949453e+01 -1.726105055e+02 -1.726105055e+02
6019 0 +1.580949690e+01 -1.745705031e+02 -1.745705031e+02
6739 0 +1.411174072e+01 -1.762682593e+02 -1.762682593e+02
8226 0 +1.258838819e+01 -1.777916118e+02 -1.777916118e+02
10097 0 +1.121968234e+01 -1.791603177e+02 -1.791603177e+02
10668 0 +9.996818565e+00 -1.803831814e+02 -1.803831814e+02
11219 0 +8.878116638e+00 -1.815018834e+02 -1.815018834e+02
11783 0 +7.941839494e+00 -1.824381605e+02 -1.824381605e+02
12746 0 +7.078060059e+00 -1.833019399e+02 -1.833019399e+02
14379 0 +6.300109719e+00 -1.840798903e+02 -1.840798903e+02
15103 0 +5.621034270e+00 -1.847589657e+02 -1.847589657e+02
16059 0 +5.011014304e+00 -1.853689857e+02 -1.853689857e+02
17859 0 +4.464888876e+00 -1.859151111e+02 -1.859151111e+02
21299 0 +3.979561649e+00 -1.864004384e+02 -1.864004384e+02
24419 0 +3.543348412e+00 -1.868366516e+02 -1.868366516e+02
26899 0 +3.161902301e+00 -1.872180977e+02 -1.872180977e+02
29379 0 +2.815249924e+00 -1.875647501e+02 -1.875647501e+02
32862 0 +2.511065107e+00 -1.878689349e+02 -1.878689349e+02
35902 0 +2.238590647e+00 -1.881414094e+02 -1.881414094e+02
37502 0 +1.992300043e+00 -1.883877000e+02 -1.883877000e+02
38942 0 +1.775043834e+00 -1.886049562e+02 -1.886049562e+02
41579 0 +1.584242088e+00 -1.887957579e+02 -1.887957579e+02
45462 0 +1.412485296e+00 -1.889675147e+02 -1.889675147e+02
53779 0 +1.257794624e+00 -1.891222054e+02 -1.891222054e+02
56017 0 +1.122013874e+00 -1.892579861e+02 -1.892579861e+02
57619 0 +9.986900092e-01 -1.893813100e+02 -1.893813100e+02
59303 0 +8.912477240e-01 -1.894887523e+02 -1.894887523e+02
61419 0 +7.936023281e-01 -1.895863977e+02 -1.895863977e+02
67459 0 +7.076968048e-01 -1.896723032e+02 -1.896723032e+02
71419 0 +6.309190580e-01 -1.897490809e+02 -1.897490809e+02
74259 0 +5.617000622e-01 -1.898182999e+02 -1.898182999e+02
76701 0 +5.011484821e-01 -1.898788515e+02 -1.898788515e+02
79902 0 +4.466613755e-01 -1.899333386e+02 -1.899333386e+02
84707 0 +3.981057205e-01 -1.899818943e+02 -1.899818943e+02
89379 0 +3.546780019e-01 -1.900253220e+02 -1.900253220e+02
92343 0 +3.161941415e-01 -1.900638059e+02 -1.900638059e+02
94902 0 +2.817494348e-01 -1.900982506e+02 -1.900982506e+02
97899 0 +2.511687887e-01 -1.901288312e+02 -1.901288312e+02
100742 0 +2.237607151e-01 -1.901562393e+02 -1.901562393e+02
103859 0 +1.995205771e-01 -1.901804794e+02 -1.901804794e+02
107419 0 +1.777346942e-01 -1.902022653e+02 -1.902022653e+02
111779 0 +1.584270361e-01 -1.902215730e+02 -1.902215730e+02
118979 0 +1.411639353e-01 -1.902388361e+02 -1.902388361e+02
122459 0 +1.258674720e-01 -1.902541325e+02 -1.902541325e+02
124779 0 +1.120313830e-01 -1.902679686e+02 -1.902679686e+02
126779 0 +9.988961048e-02 -1.902801104e+02 -1.902801104e+02
128979 0 +8.902181092e-02 -1.902909782e+02 -1.902909782e+02
134825 0 +7.942932488e-02 -1.903005707e+02 -1.903005707e+02
138619 0 +7.078518099e-02 -1.903092148e+02 -1.903092148e+02
140183 0 +6.308864992e-02 -1.903169114e+02 -1.903169114e+02
141463 0 +5.619364708e-02 -1.903238064e+02 -1.903238064e+02
142936 0 +5.009720731e-02 -1.903299028e+02 -1.903299028e+02
144979 0 +4.461457654e-02 -1.903353854e+02 -1.903353854e+02
151665 0 +3.980742073e-02 -1.903401926e+02 -1.903401926e+02
154743 0 +3.546468344e-02 -1.903445353e+02 -1.903445353e+02
157099 0 +3.161838951e-02 -1.903483816e+02 -1.903483816e+02
159343 0 +2.817660289e-02 -1.903518234e+02 -1.903518234e+02
162216 0 +2.511522701e-02 -1.903548848e+02 -1.903548848e+02
166179 0 +2.237919255e-02 -1.903576208e+02 -1.903576208e+02
169262 0 +1.995149407e-02 -1.903600485e+02 -1.903600485e+02
171539 0 +1.776332461e-02 -1.903622367e+02 -1.903622367e+02
174059 0 +1.584733372e-02 -1.903641527e+02 -1.903641527e+02
176622 0 +1.412422431e-02 -1.903658758e+02 -1.903658758e+02
180216 0 +1.258845037e-02 -1.903674115e+02 -1.903674115e+02
183019 0 +1.121145445e-02 -1.903687885e+02 -1.903687885e+02
186019 0 +9.992977227e-03 -1.903700070e+02 -1.903700070e+02
190296 0 +8.911680715e-03 -1.903710883e+02 -1.903710883e+02
196379 0 +7.939205591e-03 -1.903720608e+02 -1.903720608e+02
198663 0 +7.076940428e-03 -1.903729231e+02 -1.903729231e+02
200000 0 +6.468186337e-03 -1.903735318e+02 -1.903735318e+02
