% f evaluations | g evaluations | best noise-free fitness - Fopt (2.997000000000e+01) + sum g_i+ | measured fitness | best measured fitness or single-digit g-values | x1 | x2...
1 0 +7.202573670e+02 +7.502273670e+02 +7.502273670e+02 +0.0000e+00 +0.0000e+00 +0.0000e+00
7 0 +2.021608916e+02 +2.321308916e+02 +2.321308916e+02 +8.3640e-01 -2.0925e+00 -2.0925e+00
103 0 +1.439896957e+02 +1.739596957e+02 +1.739596957e+02 +1.0006e+00 -2.0013e+00 -2.4275e+00
107 0 +1.316004914e+02 +1.615704914e+02 +1.615704914e+02 +1.0006e+00 -3.0019e+00 -2.4275e+00
109 0 +1.216030255e+02 +1.515730255e+02 +1.515730255e+02 +1.0006e+00 -3.0019e+00 -3.4282e+00
114 0 +1.082173280e+01 +4.079173280e+01 +4.079173280e+01 +1.0006e+00 -2.0013e+00 -3.4282e+00
139 0 +7.043685166e+00 +3.701368517e+01 +3.701368517e+01 +1.0006e+00 -1.8762e+00 -3.5533e+00
152 0 +2.441319784e+00 +3.241131978e+01 +3.241131978e+01 +1.0006e+00 -1.8762e+00 -3.4907e+00
161 0 +1.938402722e+00 +3.190840272e+01 +3.190840272e+01 +1.0006e+00 -1.9075e+00 -3.4907e+00
174 0 +8.898671987e-01 +3.085986720e+01 +3.085986720e+01 +1.0006e+00 -1.8919e+00 -3.4907e+00
198 0 +7.072102877e-01 +3.067721029e+01 +3.067721029e+01 +1.0006e+00 -1.8879e+00 -3.4985e+00
201 0 +5.688378694e-01 +3.053883787e+01 +3.053883787e+01 +9.9674e-01 -1.8879e+00 -3.4985e+00
214 0 +4.198652194e-01 +3.038986522e+01 +3.038986522e+01 +9.9869e-01 -1.8879e+00 -3.4985e+00
230 0 +3.726747839e-01 +3.034267478e+01 +3.034267478e+01 +9.9869e-01 -1.8879e+00 -3.4976e+00
239 0 +3.470152308e-01 +3.031701523e+01 +3.031701523e+01 +9.9869e-01 -1.8884e+00 -3.4976e+00
884 0 +2.473211936e-01 +3.021732119e+01 +3.021732119e+01 +9.0293e-01 -1.7477e+00 -3.6241e+00
895 0 +9.538323051e-02 +3.006538323e+01 +3.006538323e+01 +9.0293e-01 -1.7457e+00 -3.6241e+00
910 0 +4.580704890e-02 +3.001580705e+01 +3.001580705e+01 +9.0244e-01 -1.7457e+00 -3.6241e+00
925 0 +2.601520829e-02 +2.999601521e+01 +2.999601521e+01 +9.0244e-01 -1.7455e+00 -3.6241e+00
940 0 +2.065664157e-02 +2.999065664e+01 +2.999065664e+01 +9.0238e-01 -1.7455e+00 -3.6241e+00
943 0 +1.957763027e-02 +2.998957763e+01 +2.998957763e+01 +9.0238e-01 -1.7454e+00 -3.6241e+00
954 0 +1.753703279e-02 +2.998753703e+01 +2.998753703e+01 +9.0238e-01 -1.7455e+00 -3.6241e+00
20758 0 +1.448045574e-02 +2.998448046e+01 +2.998448046e+01 +8.5199e-01 -1.6708e+00 -3.6902e+00
20775 0 +1.231365513e-02 +2.998231366e+01 +2.998231366e+01 +8.5196e-01 -1.6708e+00 -3.6902e+00
20790 0 +1.115466737e-02 +2.998115467e+01 +2.998115467e+01 +8.5196e-01 -1.6707e+00 -3.6902e+00
24184 0 +1.876527709e-03 +2.997187653e+01 +2.997187653e+01 +8.7801e-01 -1.7094e+00 -3.6561e+00
24215 0 +9.754793898e-04 +2.997097548e+01 +2.997097548e+01 +8.7801e-01 -1.7093e+00 -3.6561e+00
24224 0 +7.709771815e-04 +2.997077098e+01 +2.997077098e+01 +8.7800e-01 -1.7093e+00 -3.6561e+00
24237 0 +3.829204793e-04 +2.997038292e+01 +2.997038292e+01 +8.7801e-01 -1.7093e+00 -3.6561e+00
24254 0 +3.333451976e-04 +2.997033335e+01 +2.997033335e+01 +8.7801e-01 -1.7093e+00 -3.6561e+00
24271 0 +2.961198770e-04 +2.997029612e+01 +2.997029612e+01 +8.7801e-01 -1.7093e+00 -3.6561e+00
24291 0 +2.805133703e-04 +2.997028051e+01 +2.997028051e+01 +8.7801e-01 -1.7093e+00 -3.6561e+00
30000 0 +2.750857860e-04 +2.997027509e+01 +2.997027509e+01 +8.7801e-01 -1.7093e+00 -3.6561e+00
% f evaluations | g evaluations | best noise-free fitness - Fopt (-5.171000000000e+01) + sum g_i+ | measured fitness | best measured fitness or single-digit g-values | x1 | x2...
1 0 +9.345492948e+02 +8.828392948e+02 +8.828392948e+02 +0.0000e+00 +0.0000e+00 +0.0000e+00
5 0 +6.910116343e+02 +6.393016343e+02 +6.393016343e+02 +2.9289e+00 +0.0000e+00 +0.0000e+00
15 0 +4.536010261e+02 +4.018910261e+02 +4.018910261e+02 +2.0925e+00 +2.0925e+00 -8.3640e-01
102 0 +4.274081312e+02 +3.756981312e+02 +3.756981312e+02 +2.0013e+00 +2.4275e+00 -1.0006e+00
103 0 +2.643724527e+02 +2.126624527e+02 +2.126624527e+02 +2.0013e+00 +2.4275e+00 -2.0013e+00
106 0 +2.293198473e+02 +1.776098473e+02 +1.776098473e+02 +3.0019e+00 +2.4275e+00 -2.0013e+00
109 0 +1.114033221e+02 +5.969332214e+01 +5.969332214e+01 +3.0019e+00 +2.4275e+00 -3.0019e+00
112 0 +3.830339082e+01 -1.340660918e+01 -1.340660918e+01 +4.0026e+00 +2.4275e+00 -3.0019e+00
133 0 +2.808630837e+01 -2.362369163e+01 -2.362369163e+01 +4.0026e+00 +2.4275e+00 -3.2521e+00
136 0 +1.816449654e+01 -3.354550346e+01 -3.354550346e+01 +4.2528e+00 +2.4275e+00 -3.2521e+00
153 0 +1.709313788e+01 -3.461686212e+01 -3.461686212e+01 +4.1902e+00 +2.4275e+00 -3.2521e+00
158 0 +7.400590744e+00 -4.430940926e+01 -4.430940926e+01 +4.1902e+00 +2.4275e+00 -3.1896e+00
172 0 +4.639281442e+00 -4.707071856e+01 -4.707071856e+01 +4.1589e+00 +2.4275e+00 -3.1896e+00
200 0 +4.313068097e+00 -4.739693190e+01 -4.739693190e+01 +4.1589e+00 +2.4275e+00 -3.1857e+00
873 0 +2.857725072e+00 -4.885227493e+01 -4.885227493e+01 +3.7412e+00 +2.6195e+00 -3.2365e+00
880 0 +2.656445095e+00 -4.905355490e+01 -4.905355490e+01 +3.7334e+00 +2.6195e+00 -3.2365e+00
909 0 +2.245714038e+00 -4.946428596e+01 -4.946428596e+01 +3.7353e+00 +2.6195e+00 -3.2345e+00
916 0 +2.208707799e+00 -4.950129220e+01 -4.950129220e+01 +3.7343e+00 +2.6195e+00 -3.2345e+00
3759 0 +1.212742403e+00 -5.049725760e+01 -5.049725760e+01 +3.3147e+00 +2.8115e+00 -3.2834e+00
3799 0 +1.010037706e+00 -5.069996229e+01 -5.069996229e+01 +3.3127e+00 +2.8115e+00 -3.2814e+00
3800 0 +9.118969975e-01 -5.079810300e+01 -5.079810300e+01 +3.3107e+00 +2.8115e+00 -3.2814e+00
3822 0 +8.678805546e-01 -5.084211945e+01 -5.084211945e+01 +3.3112e+00 +2.8115e+00 -3.2819e+00
14114 0 +7.138581655e-01 -5.099614183e+01 -5.099614183e+01 +3.0551e+00 +2.9265e+00 -3.3107e+00
14117 0 +4.298894946e-01 -5.128011051e+01 -5.128011051e+01 +3.0590e+00 +2.9265e+00 -3.3107e+00
14145 0 +3.730641807e-01 -5.133693582e+01 -5.133693582e+01 +3.0585e+00 +2.9265e+00 -3.3103e+00
14171 0 +3.502507275e-01 -5.135974927e+01 -5.135974927e+01 +3.0584e+00 +2.9265e+00 -3.3104e+00
27473 0 +2.764335369e-01 -5.143356646e+01 -5.143356646e+01 +2.8873e+00 +3.0048e+00 -3.3303e+00
27497 0 +2.272004599e-01 -5.148279954e+01 -5.148279954e+01 +2.8863e+00 +3.0048e+00 -3.3303e+00
27513 0 +1.764546805e-01 -5.153354532e+01 -5.153354532e+01 +2.8863e+00 +3.0048e+00 -3.3298e+00
27514 0 +1.386047840e-01 -5.157139522e+01 -5.157139522e+01 +2.8859e+00 +3.0048e+00 -3.3298e+00
28157 0 +9.447655124e-02 -5.161552345e+01 -5.161552345e+01 +2.4627e+00 +3.1968e+00 -3.3772e+00
28179 0 +5.075950327e-02 -5.165924050e+01 -5.165924050e+01 +2.4630e+00 +3.1968e+00 -3.3774e+00
28182 0 +4.852005211e-02 -5.166147995e+01 -5.166147995e+01 +2.4632e+00 +3.1968e+00 -3.3774e+00
28193 0 +4.389931334e-02 -5.166610069e+01 -5.166610069e+01 +2.4631e+00 +3.1968e+00 -3.3774e+00
28209 0 +3.916566861e-02 -5.167083433e+01 -5.167083433e+01 +2.4631e+00 +3.1968e+00 -3.3775e+00
28212 0 +3.397608240e-02 -5.167602392e+01 -5.167602392e+01 +2.4631e+00 +3.1968e+00 -3.3775e+00
30000 0 +3.299948006e-02 -5.167700052e+01 -5.167700052e+01 +2.4631e+00 +3.1968e+00 -3.3775e+00
% f evaluations | g evaluations | best noise-free fitness - Fopt (-2.799500000000e+02) + sum g_i+ | measured fitness | best measured fitness or single-digit g-values | x1 | x2...
1 0 +1.696773180e+03 +1.416823180e+03 +1.416823180e+03 +0.0000e+00 +0.0000e+00 +0.0000e+00
2 0 +1.602005107e+03 +1.322055107e+03 +1.322055107e+03 -2.9289e+00 +0.0000e+00 +0.0000e+00
4 0 +1.445115295e+03 +1.165165295e+03 +1.165165295e+03 -5.0215e+00 -2.0925e+00 -2.0925e+00
8 0 +9.790893345e+02 +6.991393345e+02 +6.991393345e+02 +0.0000e+00 -2.9289e+00 +0.0000e+00
10 0 +8.371626633e+02 +5.572126633e+02 +5.572126633e+02 -2.0925e+00 -5.0215e+00 -2.0925e+00
104 0 +6.665642156e+02 +3.866142156e+02 +3.866142156e+02 -2.0013e+00 -2.4275e+00 +2.0013e+00
105 0 +6.300866863e+02 +3.501366863e+02 +3.501366863e+02 -3.0019e+00 -2.4275e+00 +2.0013e+00
107 0 +3.810771403e+02 +1.011271403e+02 +1.011271403e+02 -3.0019e+00 -3.4282e+00 +2.0013e+00
110 0 +2.059453520e+02 -7.400464796e+01 -7.400464796e+01 -3.0019e+00 -3.4282e+00 +3.0019e+00
111 0 +1.745477199e+02 -1.054022801e+02 -1.054022801e+02 -4.0026e+00 -3.4282e+00 +3.0019e+00
113 0 +9.948925928e+01 -1.804607407e+02 -1.804607407e+02 -4.0026e+00 -4.4288e+00 +3.0019e+00
118 0 +5.654928587e+01 -2.234007141e+02 -2.234007141e+02 -3.0019e+00 -4.4288e+00 +3.0019e+00
133 0 +4.457357693e+01 -2.353764231e+02 -2.353764231e+02 -3.0019e+00 -4.4288e+00 +2.5016e+00
143 0 +2.900189661e+01 -2.509481034e+02 -2.509481034e+02 -3.0019e+00 -4.6790e+00 +2.5016e+00
148 0 +2.257294823e+01 -2.573770518e+02 -2.573770518e+02 -2.7518e+00 -4.6790e+00 +2.5016e+00
163 0 +1.501587997e+01 -2.649341200e+02 -2.649341200e+02 -2.7518e+00 -4.6790e+00 +2.3765e+00
171 0 +1.318439058e+01 -2.667656094e+02 -2.667656094e+02 -2.8143e+00 -4.6790e+00 +2.3765e+00
176 0 +1.029476458e+01 -2.696552354e+02 -2.696552354e+02 -2.8143e+00 -4.6790e+00 +2.4391e+00
186 0 +9.030975547e+00 -2.709190245e+02 -2.709190245e+02 -2.8143e+00 -4.6477e+00 +2.4391e+00
189 0 +7.832154270e+00 -2.721178457e+02 -2.721178457e+02 -2.8456e+00 -4.6477e+00 +2.4391e+00
208 0 +6.631954803e+00 -2.733180452e+02 -2.733180452e+02 -2.8300e+00 -4.6634e+00 +2.4391e+00
223 0 +6.062764688e+00 -2.738872353e+02 -2.738872353e+02 -2.8221e+00 -4.6634e+00 +2.4313e+00
266 0 +5.567617057e+00 -2.743823829e+02 -2.743823829e+02 -2.8280e+00 -4.6614e+00 +2.4362e+00
1092 0 +3.082425508e+00 -2.768675745e+02 -2.768675745e+02 -3.8506e+00 -3.7765e+00 +3.5023e+00
1097 0 +1.677761075e+00 -2.782722389e+02 -2.782722389e+02 -3.8194e+00 -3.7765e+00 +3.5023e+00
1117 0 +1.162502054e+00 -2.787874979e+02 -2.787874979e+02 -3.8272e+00 -3.7687e+00 +3.5023e+00
1120 0 +9.672067427e-01 -2.789827933e+02 -2.789827933e+02 -3.8350e+00 -3.7687e+00 +3.5023e+00
1137 0 +6.790437869e-01 -2.792709562e+02 -2.792709562e+02 -3.8350e+00 -3.7687e+00 +3.5062e+00
1150 0 +6.113494051e-01 -2.793386506e+02 -2.793386506e+02 -3.8330e+00 -3.7687e+00 +3.5062e+00
1164 0 +5.156022570e-01 -2.794343977e+02 -2.794343977e+02 -3.8330e+00 -3.7697e+00 +3.5042e+00
1169 0 +4.587842376e-01 -2.794912158e+02 -2.794912158e+02 -3.8321e+00 -3.7697e+00 +3.5042e+00
1184 0 +4.445807003e-01 -2.795054193e+02 -2.795054193e+02 -3.8321e+00 -3.7697e+00 +3.5037e+00
2867 0 +3.933696754e-01 -2.795566303e+02 -2.795566303e+02 -3.5883e+00 -3.9876e+00 +3.2448e+00
2877 0 +2.428251259e-01 -2.797071749e+02 -2.797071749e+02 -3.5863e+00 -3.9857e+00 +3.2448e+00
2880 0 +1.113633763e-01 -2.798386366e+02 -2.798386366e+02 -3.5883e+00 -3.9857e+00 +3.2448e+00
2904 0 +9.704879222e-02 -2.798529512e+02 -2.798529512e+02 -3.5888e+00 -3.9857e+00 +3.2457e+00
2907 0 +5.655478451e-02 -2.798934452e+02 -2.798934452e+02 -3.5888e+00 -3.9852e+00 +3.2457e+00
2910 0 +2.836915980e-02 -2.799216308e+02 -2.799216308e+02 -3.5892e+00 -3.9852e+00 +3.2457e+00
2930 0 +2.059097991e-02 -2.799294090e+02 -2.799294090e+02 -3.5892e+00 -3.9853e+00 +3.2457e+00
2935 0 +1.365087123e-02 -2.799363491e+02 -2.799363491e+02 -3.5891e+00 -3.9853e+00 +3.2457e+00
2950 0 +1.230621366e-02 -2.799376938e+02 -2.799376938e+02 -3.5891e+00 -3.9853e+00 +3.2457e+00
2965 0 +9.317294836e-03 -2.799406827e+02 -2.799406827e+02 -3.5891e+00 -3.9853e+00 +3.2457e+00
2980 0 +8.278595288e-03 -2.799417214e+02 -2.799417214e+02 -3.5891e+00 -3.9853e+00 +3.2457e+00
2995 0 +7.825814162e-03 -2.799421742e+02 -2.799421742e+02 -3.5891e+00 -3.9853e+00 +3.2457e+00
30000 0 +7.165694587e-03 -2.799428343e+02 -2.799428343e+02 -3.5891e+00 -3.9853e+00 +3.2457e+00
% f evaluations | g evaluations | best noise-free fitness - Fopt (9.319900000000e+02) + sum g_i+ | measured fitness | best measured fitness or single-digit g-values | x1 | x2...
1 0 +3.905578211e+02 +1.322547821e+03 +1.322547821e+03 +0.0000e+00 +0.0000e+00 +0.0000e+00
9 0 +3.510003045e+02 +1.282990304e+03 +1.282990304e+03 +2.0925e+00 -8.3640e-01 +2.0925e+00
17 0 +2.150813137e+02 +1.147071314e+03 +1.147071314e+03 +0.0000e+00 +0.0000e+00 +2.9289e+00
42 0 +1.870897761e+02 +1.119079776e+03 +1.119079776e+03 +1.8327e+00 +1.0995e+00 +1.0995e+00
72 0 +1.079294733e+02 +1.039919473e+03 +1.039919473e+03 +1.5302e+00 +7.9700e-01 +1.9126e+00
104 0 +8.732432013e+01 +1.019314320e+03 +1.019314320e+03 +1.4269e+00 +1.0006e+00 +2.0013e+00
110 0 +1.393732734e+01 +9.459273273e+02 +9.459273273e+02 +1.4269e+00 +1.0006e+00 +3.0019e+00
133 0 +8.382716952e+00 +9.403727170e+02 +9.403727170e+02 +1.4269e+00 +1.0006e+00 +2.8769e+00
138 0 +3.928156748e+00 +9.359181567e+02 +9.359181567e+02 +1.4269e+00 +1.1257e+00 +2.8769e+00
149 0 +2.722868256e+00 +9.347128683e+02 +9.347128683e+02 +1.4269e+00 +1.0632e+00 +2.8769e+00
162 0 +1.154713210e+00 +9.331447132e+02 +9.331447132e+02 +1.4269e+00 +1.0945e+00 +2.8769e+00
179 0 +9.811065777e-01 +9.329711066e+02 +9.329711066e+02 +1.4269e+00 +1.0866e+00 +2.8769e+00
181 0 +6.687356603e-01 +9.326587357e+02 +9.326587357e+02 +1.4269e+00 +1.0866e+00 +2.8690e+00
192 0 +4.053830238e-01 +9.323953830e+02 +9.323953830e+02 +1.4269e+00 +1.0906e+00 +2.8690e+00
212 0 +3.414726802e-01 +9.323314727e+02 +9.323314727e+02 +1.4269e+00 +1.0906e+00 +2.8700e+00
258 0 +3.133525398e-01 +9.323033525e+02 +9.323033525e+02 +1.4269e+00 +1.0902e+00 +2.8700e+00
26027 0 +2.437043615e-01 +9.322337044e+02 +9.322337044e+02 +1.3875e+00 +9.9908e-01 +2.8975e+00
26036 0 +2.054853184e-01 +9.321954853e+02 +9.321954853e+02 +1.3875e+00 +9.9713e-01 +2.8975e+00
26049 0 +1.882634199e-01 +9.321782634e+02 +9.321782634e+02 +1.3875e+00 +9.9811e-01 +2.8975e+00
26050 0 +1.034291650e-01 +9.320934292e+02 +9.320934292e+02 +1.3875e+00 +9.9811e-01 +2.8965e+00
26085 0 +9.967784286e-02 +9.320896778e+02 +9.320896778e+02 +1.3875e+00 +9.9805e-01 +2.8965e+00
30000 0 +9.586347230e-02 +9.320858635e+02 +9.320858635e+02 +1.3875e+00 +9.9803e-01 +2.8965e+00
% f evaluations | g evaluations | best noise-free fitness - Fopt (1.133100000000e+02) + sum g_i+ | measured fitness | best measured fitness or single-digit g-values | x1 | x2...
1 0 +7.209444707e+02 +8.342544707e+02 +8.342544707e+02 +0.0000e+00 +0.0000e+00 +0.0000e+00
3 0 +5.126581115e+02 +6.259681115e+02 +6.259681115e+02 -8.3640e-01 +2.0925e+00 +2.0925e+00
5 0 +3.681864708e+02 +4.814964708e+02 +4.814964708e+02 +2.9289e+00 +0.0000e+00 +0.0000e+00
15 0 +2.794274859e+02 +3.927374859e+02 +3.927374859e+02 +2.0925e+00 +2.0925e+00 -8.3640e-01
42 0 +2.215577400e+02 +3.348677400e+02 +3.348677400e+02 +1.8327e+00 +1.0995e+00 +1.0995e+00
100 0 +1.879978601e+02 +3.013078601e+02 +3.013078601e+02 +2.4275e+00 +1.0006e+00 +1.0006e+00
102 0 +7.785110972e+01 +1.911611097e+02 +1.911611097e+02 +2.4275e+00 +2.0013e+00 +1.0006e+00
114 0 +5.275686085e+01 +1.660668608e+02 +1.660668608e+02 +2.4275e+00 +2.5016e+00 +1.0006e+00
123 0 +2.735726411e+01 +1.406672641e+02 +1.406672641e+02 +2.1774e+00 +2.5016e+00 +1.0006e+00
126 0 +1.397377137e+01 +1.272837714e+02 +1.272837714e+02 +2.1774e+00 +2.7518e+00 +1.0006e+00
138 0 +1.258801769e+01 +1.258980177e+02 +1.258980177e+02 +2.0523e+00 +2.8769e+00 +1.0006e+00
149 0 +1.073831641e+01 +1.240483164e+02 +1.240483164e+02 +2.0523e+00 +2.8143e+00 +1.0006e+00
154 0 +8.280317307e+00 +1.215903173e+02 +1.215903173e+02 +2.1148e+00 +2.8143e+00 +1.0006e+00
155 0 +2.860917182e+00 +1.161709172e+02 +1.161709172e+02 +2.1148e+00 +2.7518e+00 +1.0006e+00
180 0 +2.610301114e+00 +1.159203011e+02 +1.159203011e+02 +2.1148e+00 +2.7596e+00 +1.0006e+00
189 0 +2.423608177e+00 +1.157336082e+02 +1.157336082e+02 +2.1109e+00 +2.7596e+00 +1.0006e+00
215 0 +2.211473417e+00 +1.155214734e+02 +1.155214734e+02 +2.1129e+00 +2.7586e+00 +1.0006e+00
1727 0 +1.968965036e+00 +1.152789650e+02 +1.152789650e+02 +2.1153e+00 +2.8182e+00 +9.3467e-01
1730 0 +1.653012804e+00 +1.149630128e+02 +1.149630128e+02 +2.1153e+00 +2.8221e+00 +9.3467e-01
1764 0 +1.547974261e+00 +1.148579743e+02 +1.148579743e+02 +2.1160e+00 +2.8217e+00 +9.3418e-01
3057 0 +1.295514253e+00 +1.146055143e+02 +1.146055143e+02 +2.1192e+00 +2.9394e+00 +8.0865e-01
3086 0 +7.548527965e-01 +1.140648528e+02 +1.140648528e+02 +2.1231e+00 +2.9394e+00 +8.0865e-01
3109 0 +6.790259620e-01 +1.139890260e+02 +1.139890260e+02 +2.1226e+00 +2.9394e+00 +8.0865e-01
13929 0 +5.425286577e-01 +1.138525287e+02 +1.138525287e+02 +2.1242e+00 +2.9801e+00 +7.6612e-01
13953 0 +4.716396543e-01 +1.137816397e+02 +1.137816397e+02 +2.1247e+00 +2.9796e+00 +7.6612e-01
15312 0 +2.672179437e-01 +1.135772179e+02 +1.135772179e+02 +2.1325e+00 +3.1094e+00 +6.2541e-01
15335 0 +8.473399232e-02 +1.133947340e+02 +1.133947340e+02 +2.1325e+00 +3.1113e+00 +6.2541e-01
15357 0 +7.276328373e-02 +1.133827633e+02 +1.133827633e+02 +2.1323e+00 +3.1113e+00 +6.2541e-01
15360 0 +4.926133216e-02 +1.133592613e+02 +1.133592613e+02 +2.1323e+00 +3.1116e+00 +6.2541e-01
15381 0 +4.410451586e-02 +1.133541045e+02 +1.133541045e+02 +2.1322e+00 +3.1116e+00 +6.2541e-01
15384 0 +3.855340190e-02 +1.133485534e+02 +1.133485534e+02 +2.1322e+00 +3.1117e+00 +6.2541e-01
30000 0 +3.792532420e-02 +1.133479253e+02 +1.133479253e+02 +2.1322e+00 +3.1117e+00 +6.2541e-01
% f evaluations | g evaluations | best noise-free fitness - Fopt (2.264000000000e+01) + sum g_i+ | measured fitness | best measured fitness or single-digit g-values | x1 | x2...
1 0 +1.668886455e+03 +1.691526455e+03 +1.691526455e+03 +0.0000e+00 +0.0000e+00 +0.0000e+00
5 0 +9.665362184e+02 +9.891762184e+02 +9.891762184e+02 +2.9289e+00 +0.0000e+00 +0.0000e+00
6 0 +5.886575775e+02 +6.112975775e+02 +6.112975775e+02 +5.0215e+00 +2.0925e+00 +2.0925e+00
106 0 +3.363603890e+02 +3.590003890e+02 +3.590003890e+02 +3.4282e+00 +2.0013e+00 -2.0013e+00
108 0 +1.909448726e+02 +2.135848726e+02 +2.135848726e+02 +3.4282e+00 +3.0019e+00 -2.0013e+00
109 0 +7.007238112e+01 +9.271238112e+01 +9.271238112e+01 +3.4282e+00 +3.0019e+00 -3.0019e+00
115 0 +6.144683594e+01 +8.408683594e+01 +8.408683594e+01 +3.4282e+00 +3.0019e+00 -4.0026e+00
125 0 +4.124433312e+01 +6.388433312e+01 +6.388433312e+01 +3.4282e+00 +2.5016e+00 -4.0026e+00
138 0 +3.500749156e+01 +5.764749156e+01 +5.764749156e+01 +3.4282e+00 +2.7518e+00 -4.0026e+00
140 0 +2.707472383e+01 +4.971472383e+01 +4.971472383e+01 +3.4282e+00 +2.7518e+00 -3.7524e+00
150 0 +2.047566486e+01 +4.311566486e+01 +4.311566486e+01 +3.4282e+00 +2.8769e+00 -3.7524e+00
156 0 +1.637892741e+01 +3.901892741e+01 +3.901892741e+01 +3.4282e+00 +3.0019e+00 -3.6274e+00
158 0 +1.361128361e+01 +3.625128361e+01 +3.625128361e+01 +3.4282e+00 +3.0019e+00 -3.5023e+00
168 0 +9.307413907e+00 +3.194741391e+01 +3.194741391e+01 +3.4282e+00 +3.0645e+00 -3.5023e+00
177 0 +7.299142169e+00 +2.993914217e+01 +2.993914217e+01 +3.3969e+00 +3.0645e+00 -3.5023e+00
180 0 +4.899791434e+00 +2.753979143e+01 +2.753979143e+01 +3.3969e+00 +3.0958e+00 -3.5023e+00
208 0 +4.398648456e+00 +2.703864846e+01 +2.703864846e+01 +3.4008e+00 +3.0879e+00 -3.5101e+00
209 0 +3.899170051e+00 +2.653917005e+01 +2.653917005e+01 +3.4008e+00 +3.0840e+00 -3.5101e+00
221 0 +3.348925195e+00 +2.598892519e+01 +2.598892519e+01 +3.4028e+00 +3.0821e+00 -3.5062e+00
909 0 +2.712519832e+00 +2.535251983e+01 +2.535251983e+01 +3.4482e+00 +3.3034e+00 -3.1739e+00
923 0 +2.251912529e+00 +2.489191253e+01 +2.489191253e+01 +3.4521e+00 +3.3034e+00 -3.1739e+00
924 0 +1.803501015e+00 +2.444350101e+01 +2.444350101e+01 +3.4521e+00 +3.2995e+00 -3.1739e+00
944 0 +1.765266435e+00 +2.440526644e+01 +2.440526644e+01 +3.4521e+00 +3.2985e+00 -3.1749e+00
972 0 +1.582173169e+00 +2.422217317e+01 +2.422217317e+01 +3.4528e+00 +3.2968e+00 -3.1754e+00
1580 0 +9.997118059e-01 +2.363971181e+01 +2.363971181e+01 +3.5420e+00 +3.7055e+00 -2.5598e+00
1599 0 +8.300264259e-01 +2.347002643e+01 +2.347002643e+01 +3.5420e+00 +3.7016e+00 -2.5637e+00
1605 0 +6.632003021e-01 +2.330320030e+01 +2.330320030e+01 +3.5420e+00 +3.6977e+00 -2.5676e+00
1614 0 +5.627738221e-01 +2.320277382e+01 +2.320277382e+01 +3.5440e+00 +3.6977e+00 -2.5676e+00
1615 0 +2.912174943e-01 +2.293121749e+01 +2.293121749e+01 +3.5440e+00 +3.6958e+00 -2.5676e+00
1618 0 +2.357630208e-01 +2.287576302e+01 +2.287576302e+01 +3.5440e+00 +3.6958e+00 -2.5656e+00
1626 0 +2.145527494e-01 +2.285455275e+01 +2.285455275e+01 +3.5449e+00 +3.6958e+00 -2.5656e+00
1627 0 +1.592370259e-01 +2.279923703e+01 +2.279923703e+01 +3.5449e+00 +3.6948e+00 -2.5656e+00
1643 0 +1.425221806e-01 +2.278252218e+01 +2.278252218e+01 +3.5447e+00 +3.6948e+00 -2.5656e+00
1646 0 +1.101808169e-01 +2.275018082e+01 +2.275018082e+01 +3.5447e+00 +3.6950e+00 -2.5656e+00
1655 0 +9.376173152e-02 +2.273376173e+01 +2.273376173e+01 +3.5446e+00 +3.6950e+00 -2.5659e+00
1658 0 +7.667175277e-02 +2.271667175e+01 +2.271667175e+01 +3.5446e+00 +3.6951e+00 -2.5659e+00
3057 0 +5.936301291e-02 +2.269936301e+01 +2.269936301e+01 +3.5576e+00 +3.7525e+00 -2.4782e+00
3069 0 +3.481002680e-02 +2.267481003e+01 +2.267481003e+01 +3.5576e+00 +3.7522e+00 -2.4787e+00
3086 0 +2.657459844e-02 +2.266657460e+01 +2.266657460e+01 +3.5577e+00 +3.7522e+00 -2.4787e+00
3087 0 +2.018777271e-02 +2.266018777e+01 +2.266018777e+01 +3.5577e+00 +3.7521e+00 -2.4787e+00
3107 0 +1.988940520e-02 +2.265988941e+01 +2.265988941e+01 +3.5577e+00 +3.7521e+00 -2.4787e+00
12557 0 +1.589413327e-02 +2.265589413e+01 +2.265589413e+01 +3.5647e+00 +3.7822e+00 -2.4325e+00
12569 0 +1.465872651e-02 +2.265465873e+01 +2.265465873e+01 +3.5647e+00 +3.7823e+00 -2.4325e+00
12571 0 +1.311959490e-02 +2.265311959e+01 +2.265311959e+01 +3.5647e+00 +3.7823e+00 -2.4324e+00
12581 0 +8.335418144e-03 +2.264833542e+01 +2.264833542e+01 +3.5647e+00 +3.7823e+00 -2.4324e+00
12582 0 +5.981317967e-03 +2.264598132e+01 +2.264598132e+01 +3.5647e+00 +3.7823e+00 -2.4325e+00
12599 0 +4.719936717e-03 +2.264471994e+01 +2.264471994e+01 +3.5647e+00 +3.7823e+00 -2.4325e+00
12600 0 +4.219874710e-03 +2.264421987e+01 +2.264421987e+01 +3.5647e+00 +3.7823e+00 -2.4325e+00
12617 0 +3.816071950e-03 +2.264381607e+01 +2.264381607e+01 +3.5647e+00 +3.7823e+00 -2.4325e+00
30000 0 +3.736051692e-03 +2.264373605e+01 +2.264373605e+01 +3.5647e+00 +3.7823e+00 -2.4325e+00
% f evaluations | g evaluations | best noise-free fitness - Fopt (7.553000000000e+01) + sum g_i+ | measured fitness | best measured fitness or single-digit g-values | x1 | x2...
1 0 +7.469469860e+02 +8.224769860e+02 +8.224769860e+02 +0.0000e+00 +0.0000e+00 +0.0000e+00
2 0 +3.587665487e+02 +4.342965487e+02 +4.342965487e+02 -2.9289e+00 +0.0000e+00 +0.0000e+00
4 0 +2.772216710e+02 +3.527516710e+02 +3.527516710e+02 -5.0215e+00 -2.0925e+00 -2.0925e+00
17 0 +2.250642947e+02 +3.005942947e+02 +3.005942947e+02 +0.0000e+00 +0.0000e+00 +2.9289e+00
19 0 +1.041771224e+02 +1.797071224e+02 +1.797071224e+02 -2.0925e+00 -2.0925e+00 +8.3640e-01
99 0 +8.570872043e+01 +1.612387204e+02 +1.612387204e+02 -2.0013e+00 -1.0006e+00 +1.4269e+00
119 0 +4.791251775e+01 +1.234425177e+02 +1.234425177e+02 -1.7511e+00 -1.2508e+00 +1.4269e+00
131 0 +2.925738537e+01 +1.047873854e+02 +1.047873854e+02 -1.6261e+00 -1.3759e+00 +1.4269e+00
137 0 +2.727951842e+01 +1.028095184e+02 +1.028095184e+02 -1.6261e+00 -1.5010e+00 +1.4269e+00
139 0 +2.161543807e+01 +9.714543807e+01 +9.714543807e+01 -1.6261e+00 -1.5010e+00 +1.3018e+00
149 0 +1.489330373e+01 +9.042330373e+01 +9.042330373e+01 -1.6261e+00 -1.5635e+00 +1.3018e+00
160 0 +1.330502179e+01 +8.883502179e+01 +8.883502179e+01 -1.5948e+00 -1.5635e+00 +1.3018e+00
185 0 +1.178699031e+01 +8.731699031e+01 +8.731699031e+01 -1.6026e+00 -1.5713e+00 +1.3018e+00
197 0 +1.120066706e+01 +8.673066706e+01 +8.673066706e+01 -1.5987e+00 -1.5752e+00 +1.3018e+00
2268 0 +7.372045825e+00 +8.290204582e+01 +8.290204582e+01 -1.3759e+00 -1.4428e+00 +1.6189e+00
2309 0 +6.972703322e+00 +8.250270332e+01 +8.250270332e+01 -1.3759e+00 -1.4389e+00 +1.6228e+00
2361 0 +6.296133436e+00 +8.182613344e+01 +8.182613344e+01 -1.3766e+00 -1.4328e+00 +1.6267e+00
4317 0 +4.816813069e+00 +8.034681307e+01 +8.034681307e+01 -5.7303e-01 -8.7995e-01 +2.8595e+00
4330 0 +1.433511584e+00 +7.696351158e+01 +7.696351158e+01 -5.4176e-01 -8.7995e-01 +2.8595e+00
4347 0 +1.241311614e+00 +7.677131161e+01 +7.677131161e+01 -5.4957e-01 -8.7995e-01 +2.8595e+00
4350 0 +4.508197071e-01 +7.598081971e+01 +7.598081971e+01 -5.4957e-01 -8.7213e-01 +2.8595e+00
4359 0 +3.933449072e-01 +7.592334491e+01 +7.592334491e+01 -5.5348e-01 -8.7213e-01 +2.8595e+00
4372 0 +1.353167403e-01 +7.566531674e+01 +7.566531674e+01 -5.5153e-01 -8.7213e-01 +2.8595e+00
4391 0 +1.042814813e-01 +7.563428148e+01 +7.563428148e+01 -5.5153e-01 -8.7262e-01 +2.8595e+00
4402 0 +9.463907727e-02 +7.562463908e+01 +7.562463908e+01 -5.5128e-01 -8.7262e-01 +2.8595e+00
4413 0 +8.896071468e-02 +7.561896071e+01 +7.561896071e+01 -5.5141e-01 -8.7262e-01 +2.8595e+00
4425 0 +7.745596466e-02 +7.560745596e+01 +7.560745596e+01 -5.5147e-01 -8.7250e-01 +2.8595e+00
6519 0 +5.956304401e-02 +7.558956304e+01 +7.558956304e+01 -5.9304e-01 -9.0098e-01 +2.7970e+00
6534 0 +2.240016170e-02 +7.555240016e+01 +7.555240016e+01 -5.9329e-01 -9.0098e-01 +2.7970e+00
6561 0 +1.984103161e-02 +7.554984103e+01 +7.554984103e+01 -5.9329e-01 -9.0094e-01 +2.7970e+00
6596 0 +1.763117275e-02 +7.554763117e+01 +7.554763117e+01 -5.9333e-01 -9.0095e-01 +2.7970e+00
8703 0 +1.419493855e-02 +7.554419494e+01 +7.554419494e+01 -6.4560e-01 -9.3654e-01 +2.7188e+00
8706 0 +7.396922905e-03 +7.553739692e+01 +7.553739692e+01 -6.4560e-01 -9.3648e-01 +2.7188e+00
8715 0 +5.415161614e-03 +7.553541516e+01 +7.553541516e+01 -6.4564e-01 -9.3648e-01 +2.7188e+00
8718 0 +4.761507180e-03 +7.553476151e+01 +7.553476151e+01 -6.4564e-01 -9.3645e-01 +2.7188e+00
8727 0 +3.361410115e-03 +7.553336141e+01 +7.553336141e+01 -6.4565e-01 -9.3645e-01 +2.7188e+00
8743 0 +2.738526723e-03 +7.553273853e+01 +7.553273853e+01 -6.4565e-01 -9.3646e-01 +2.7188e+00
8753 0 +2.446038207e-03 +7.553244604e+01 +7.553244604e+01 -6.4565e-01 -9.3646e-01 +2.7188e+00
8764 0 +2.188931425e-03 +7.553218893e+01 +7.553218893e+01 -6.4565e-01 -9.3646e-01 +2.7188e+00
30000 0 +2.107037226e-03 +7.553210704e+01 +7.553210704e+01 -6.4565e-01 -9.3646e-01 +2.7188e+00
% f evaluations | g evaluations | best noise-free fitness - Fopt (1.923000000000e+01) + sum g_i+ | measured fitness | best measured fitness or single-digit g-values | x1 | x2...
1 0 +6.915716499e+02 +7.108016499e+02 +7.108016499e+02 +0.0000e+00 +0.0000e+00 +0.0000e+00
3 0 +2.772030923e+02 +2.964330923e+02 +2.964330923e+02 -8.3640e-01 +2.0925e+00 +2.0925e+00
9 0 +2.442554716e+02 +2.634854716e+02 +2.634854716e+02 +2.0925e+00 -8.3640e-01 +2.0925e+00
17 0 +1.314892031e+02 +1.507192031e+02 +1.507192031e+02 +0.0000e+00 +0.0000e+00 +2.9289e+00
27 0 +1.201314048e+02 +1.393614048e+02 +1.393614048e+02 +1.5168e+00 +2.3226e+00 +1.5168e+00
42 0 +9.869999160e+01 +1.179299916e+02 +1.179299916e+02 +2.6385e+00 +1.9053e+00 +1.0995e+00
102 0 +3.570791013e+01 +5.493791013e+01 +5.493791013e+01 +2.0013e+00 +1.5751e+00 +1.0006e+00
118 0 +8.900257167e+00 +2.813025717e+01 +2.813025717e+01 +2.2515e+00 +1.5751e+00 +1.0006e+00
138 0 +6.109219145e+00 +2.533921914e+01 +2.533921914e+01 +2.2515e+00 +1.6376e+00 +1.0006e+00
141 0 +4.572929304e+00 +2.380292930e+01 +2.380292930e+01 +2.1889e+00 +1.6376e+00 +1.0006e+00
154 0 +2.047200967e+00 +2.127720097e+01 +2.127720097e+01 +2.2202e+00 +1.6376e+00 +1.0006e+00
171 0 +1.606291444e+00 +2.083629144e+01 +2.083629144e+01 +2.2124e+00 +1.6376e+00 +1.0006e+00
174 0 +1.320795136e+00 +2.055079514e+01 +2.055079514e+01 +2.2124e+00 +1.6454e+00 +1.0006e+00
185 0 +1.138443802e+00 +2.036844380e+01 +2.036844380e+01 +2.2124e+00 +1.6415e+00 +1.0006e+00
198 0 +1.102640090e+00 +2.033264009e+01 +2.033264009e+01 +2.2124e+00 +1.6435e+00 +1.0006e+00
226 0 +9.998612125e-01 +2.022986121e+01 +2.022986121e+01 +2.2119e+00 +1.6430e+00 +1.0006e+00
4318 0 +7.634365203e-01 +1.999343652e+01 +1.999343652e+01 +2.3614e+00 +1.7059e+00 +8.8573e-01
4319 0 +4.413690258e-01 +1.967136903e+01 +1.967136903e+01 +2.3614e+00 +1.7020e+00 +8.8573e-01
4336 0 +3.720505637e-01 +1.960205056e+01 +1.960205056e+01 +2.3624e+00 +1.7020e+00 +8.8573e-01
4353 0 +3.544271509e-01 +1.958442715e+01 +1.958442715e+01 +2.3621e+00 +1.7020e+00 +8.8573e-01
23266 0 +2.628523671e-01 +1.949285237e+01 +1.949285237e+01 +2.4625e+00 +1.7434e+00 +8.0865e-01
23277 0 +1.788579347e-01 +1.940885793e+01 +1.940885793e+01 +2.4625e+00 +1.7415e+00 +8.0865e-01
23288 0 +1.744646596e-01 +1.940446466e+01 +1.940446466e+01 +2.4635e+00 +1.7415e+00 +8.0865e-01
23299 0 +1.428611509e-01 +1.937286115e+01 +1.937286115e+01 +2.4630e+00 +1.7415e+00 +8.0865e-01
23302 0 +1.129195091e-01 +1.934291951e+01 +1.934291951e+01 +2.4630e+00 +1.7420e+00 +8.0865e-01
23311 0 +1.051165738e-01 +1.933511657e+01 +1.933511657e+01 +2.4628e+00 +1.7420e+00 +8.0865e-01
23324 0 +9.734966285e-02 +1.932734966e+01 +1.932734966e+01 +2.4629e+00 +1.7420e+00 +8.0865e-01
30000 0 +9.158231175e-02 +1.932158231e+01 +1.932158231e+01 +2.4629e+00 +1.7419e+00 +8.0865e-01
% f evaluations | g evaluations | best noise-free fitness - Fopt (7.046300000000e+02) + sum g_i+ | measured fitness | best measured fitness or single-digit g-values | x1 | x2...
1 0 +1.200587054e+03 +1.905217054e+03 +1.905217054e+03 +0.0000e+00 +0.0000e+00 +0.0000e+00
7 0 +1.033090839e+03 +1.737720839e+03 +1.737720839e+03 +8.3640e-01 -2.0925e+00 -2.0925e+00
8 0 +4.593568477e+02 +1.163986848e+03 +1.163986848e+03 +0.0000e+00 -2.9289e+00 +0.0000e+00
10 0 +4.058039129e+02 +1.110433913e+03 +1.110433913e+03 -2.0925e+00 -5.0215e+00 -2.0925e+00
101 0 +3.896378473e+02 +1.094267847e+03 +1.094267847e+03 +2.0013e+00 -2.4275e+00 +1.0006e+00
104 0 +2.123385925e+02 +9.169685925e+02 +9.169685925e+02 +2.0013e+00 -2.4275e+00 +2.0013e+00
107 0 +5.262740028e+01 +7.572574003e+02 +7.572574003e+02 +2.0013e+00 -3.4282e+00 +2.0013e+00
121 0 +4.392951569e+01 +7.485595157e+02 +7.485595157e+02 +2.0013e+00 -3.4282e+00 +1.5010e+00
131 0 +2.971154689e+01 +7.343415469e+02 +7.343415469e+02 +1.7511e+00 -3.6783e+00 +1.5010e+00
133 0 +2.002432498e+01 +7.246543250e+02 +7.246543250e+02 +1.7511e+00 -3.6783e+00 +1.2508e+00
143 0 +1.821149684e+01 +7.228414968e+02 +7.228414968e+02 +1.7511e+00 -3.8034e+00 +1.2508e+00
153 0 +1.624459780e+01 +7.208745978e+02 +7.208745978e+02 +1.6886e+00 -3.8034e+00 +1.2508e+00
156 0 +2.312819622e+00 +7.069428196e+02 +7.069428196e+02 +1.6886e+00 -3.7409e+00 +1.2508e+00
179 0 +2.057289386e+00 +7.066872894e+02 +7.066872894e+02 +1.6886e+00 -3.7487e+00 +1.2508e+00
181 0 +1.745496505e+00 +7.063754965e+02 +7.063754965e+02 +1.6886e+00 -3.7487e+00 +1.2430e+00
203 0 +1.256981846e+00 +7.058869818e+02 +7.058869818e+02 +1.6866e+00 -3.7507e+00 +1.2430e+00
5183 0 +8.496992798e-01 +7.054796993e+02 +7.054796993e+02 +2.1342e+00 -3.2661e+00 +1.9602e+00
5187 0 +7.415610434e-01 +7.053715610e+02 +7.053715610e+02 +2.1342e+00 -3.2661e+00 +1.9680e+00
5195 0 +5.367911614e-01 +7.051667912e+02 +7.051667912e+02 +2.1381e+00 -3.2661e+00 +1.9680e+00
5197 0 +4.942186744e-01 +7.051242187e+02 +7.051242187e+02 +2.1381e+00 -3.2621e+00 +1.9680e+00
5199 0 +3.792825174e-01 +7.050092825e+02 +7.050092825e+02 +2.1381e+00 -3.2621e+00 +1.9719e+00
5201 0 +2.983522846e-01 +7.049283523e+02 +7.049283523e+02 +2.1420e+00 -3.2621e+00 +1.9719e+00
5212 0 +2.111576834e-01 +7.048411577e+02 +7.048411577e+02 +2.1401e+00 -3.2621e+00 +1.9719e+00
5216 0 +1.918884582e-01 +7.048218885e+02 +7.048218885e+02 +2.1401e+00 -3.2621e+00 +1.9699e+00
5224 0 +1.563097896e-01 +7.047863098e+02 +7.047863098e+02 +2.1391e+00 -3.2621e+00 +1.9699e+00
5226 0 +1.190859930e-01 +7.047490860e+02 +7.047490860e+02 +2.1391e+00 -3.2631e+00 +1.9699e+00
5228 0 +9.636245204e-02 +7.047263625e+02 +7.047263625e+02 +2.1391e+00 -3.2631e+00 +1.9690e+00
5236 0 +7.128218639e-02 +7.047012822e+02 +7.047012822e+02 +2.1386e+00 -3.2631e+00 +1.9690e+00
5241 0 +5.966523970e-02 +7.046896652e+02 +7.046896652e+02 +2.1386e+00 -3.2631e+00 +1.9695e+00
5243 0 +4.043358833e-02 +7.046704336e+02 +7.046704336e+02 +2.1391e+00 -3.2631e+00 +1.9695e+00
5254 0 +3.521346812e-02 +7.046652135e+02 +7.046652135e+02 +2.1388e+00 -3.2631e+00 +1.9695e+00
5258 0 +3.034609927e-02 +7.046603461e+02 +7.046603461e+02 +2.1388e+00 -3.2631e+00 +1.9692e+00
5268 0 +2.405294256e-02 +7.046540529e+02 +7.046540529e+02 +2.1388e+00 -3.2632e+00 +1.9692e+00
5276 0 +1.847427119e-02 +7.046484743e+02 +7.046484743e+02 +2.1387e+00 -3.2632e+00 +1.9691e+00
5286 0 +1.629823243e-02 +7.046462982e+02 +7.046462982e+02 +2.1387e+00 -3.2633e+00 +1.9691e+00
5299 0 +1.146603290e-02 +7.046414660e+02 +7.046414660e+02 +2.1387e+00 -3.2633e+00 +1.9691e+00
5309 0 +1.032604783e-02 +7.046403260e+02 +7.046403260e+02 +2.1387e+00 -3.2633e+00 +1.9691e+00
5335 0 +9.354641454e-03 +7.046393546e+02 +7.046393546e+02 +2.1387e+00 -3.2633e+00 +1.9691e+00
10214 0 +8.648724900e-03 +7.046386487e+02 +7.046386487e+02 +2.0759e+00 -3.3308e+00 +1.8684e+00
10231 0 +4.820464110e-03 +7.046348205e+02 +7.046348205e+02 +2.0759e+00 -3.3308e+00 +1.8684e+00
10266 0 +4.466667121e-03 +7.046344667e+02 +7.046344667e+02 +2.0759e+00 -3.3308e+00 +1.8684e+00
13799 0 +3.917929379e-03 +7.046339179e+02 +7.046339179e+02 +2.0814e+00 -3.3249e+00 +1.8772e+00
13814 0 +3.238251377e-03 +7.046332383e+02 +7.046332383e+02 +2.0814e+00 -3.3249e+00 +1.8772e+00
13822 0 +3.145981210e-03 +7.046331460e+02 +7.046331460e+02 +2.0814e+00 -3.3249e+00 +1.8772e+00
13850 0 +2.792732288e-03 +7.046327927e+02 +7.046327927e+02 +2.0814e+00 -3.3249e+00 +1.8772e+00
30000 0 +2.722300059e-03 +7.046327223e+02 +7.046327223e+02 +2.0814e+00 -3.3249e+00 +1.8772e+00
% f evaluations | g evaluations | best noise-free fitness - Fopt (1.011200000000e+02) + sum g_i+ | measured fitness | best measured fitness or single-digit g-values | x1 | x2...
1 0 +5.628891171e+02 +6.640091171e+02 +6.640091171e+02 +0.0000e+00 +0.0000e+00 +0.0000e+00
5 0 +4.766490510e+02 +5.777690510e+02 +5.777690510e+02 +2.9289e+00 +0.0000e+00 +0.0000e+00
7 0 +2.525093416e+02 +3.536293416e+02 +3.536293416e+02 +8.3640e-01 -2.0925e+00 -2.0925e+00
15 0 +5.163963824e+01 +1.527596382e+02 +1.527596382e+02 +2.0925e+00 +2.0925e+00 -8.3640e-01
117 0 +3.831296195e+01 +1.394329620e+02 +1.394329620e+02 +2.1774e+00 +2.0013e+00 -1.0006e+00
119 0 +1.574427521e+01 +1.168642752e+02 +1.168642752e+02 +2.1774e+00 +1.7511e+00 -1.0006e+00
138 0 +8.514242976e+00 +1.096342430e+02 +1.096342430e+02 +2.1774e+00 +1.8762e+00 -8.7557e-01
152 0 +6.723632053e+00 +1.078436321e+02 +1.078436321e+02 +2.1774e+00 +1.8762e+00 -8.1303e-01
162 0 +5.291421222e+00 +1.064114212e+02 +1.064114212e+02 +2.1774e+00 +1.9075e+00 -8.1303e-01
175 0 +4.348223644e+00 +1.054682236e+02 +1.054682236e+02 +2.1774e+00 +1.8919e+00 -8.2866e-01
198 0 +3.856279582e+00 +1.049762796e+02 +1.049762796e+02 +2.1774e+00 +1.8879e+00 -8.2866e-01
823 0 +2.931063853e+00 +1.040510639e+02 +1.040510639e+02 +2.1192e+00 +1.6617e+00 -1.0006e+00
848 0 +2.694750844e+00 +1.038147508e+02 +1.038147508e+02 +2.1192e+00 +1.6578e+00 -1.0046e+00
858 0 +2.488062112e+00 +1.036080621e+02 +1.036080621e+02 +2.1192e+00 +1.6558e+00 -1.0046e+00
2866 0 +1.952532596e+00 +1.030725326e+02 +1.030725326e+02 +1.8690e+00 +6.8357e-01 -1.7511e+00
2889 0 +1.236652680e+00 +1.023566527e+02 +1.023566527e+02 +1.8690e+00 +6.6793e-01 -1.7511e+00
2895 0 +7.845561491e-01 +1.019045561e+02 +1.019045561e+02 +1.8690e+00 +6.5230e-01 -1.7668e+00
2908 0 +1.958046275e-01 +1.013158046e+02 +1.013158046e+02 +1.8690e+00 +6.6011e-01 -1.7668e+00
2925 0 +5.399228356e-02 +1.011739923e+02 +1.011739923e+02 +1.8690e+00 +6.5816e-01 -1.7668e+00
2944 0 +1.481073231e-02 +1.011348107e+02 +1.011348107e+02 +1.8690e+00 +6.5865e-01 -1.7668e+00
2961 0 +1.143373884e-02 +1.011314337e+02 +1.011314337e+02 +1.8690e+00 +6.5852e-01 -1.7668e+00
2963 0 +9.700964060e-03 +1.011297010e+02 +1.011297010e+02 +1.8690e+00 +6.5852e-01 -1.7669e+00
2973 0 +4.509272776e-03 +1.011245093e+02 +1.011245093e+02 +1.8690e+00 +6.5846e-01 -1.7669e+00
2995 0 +3.305200651e-03 +1.011233052e+02 +1.011233052e+02 +1.8690e+00 +6.5846e-01 -1.7669e+00
2997 0 +2.735275277e-03 +1.011227353e+02 +1.011227353e+02 +1.8690e+00 +6.5846e-01 -1.7669e+00
3063 0 +2.506952869e-03 +1.011225070e+02 +1.011225070e+02 +1.8690e+00 +6.5846e-01 -1.7669e+00
24509 0 +1.333917679e-03 +1.011213339e+02 +1.011213339e+02 +1.8565e+00 +6.0864e-01 -1.8050e+00
24531 0 +1.136036656e-03 +1.011211360e+02 +1.011211360e+02 +1.8565e+00 +6.0864e-01 -1.8050e+00
24533 0 +1.086871383e-03 +1.011210869e+02 +1.011210869e+02 +1.8565e+00 +6.0864e-01 -1.8050e+00
24535 0 +8.766528793e-04 +1.011208767e+02 +1.011208767e+02 +1.8565e+00 +6.0864e-01 -1.8050e+00
24545 0 +7.691726899e-04 +1.011207692e+02 +1.011207692e+02 +1.8565e+00 +6.0865e-01 -1.8050e+00
24569 0 +6.898902728e-04 +1.011206899e+02 +1.011206899e+02 +1.8565e+00 +6.0865e-01 -1.8050e+00
30000 0 +6.669424485e-04 +1.011206669e+02 +1.011206669e+02 +1.8565e+00 +6.0865e-01 -1.8050e+00
% f evaluations | g evaluations | best noise-free fitness - Fopt (-1.000000000000e+03) + sum g_i+ | measured fitness | best measured fitness or single-digit g-values | x1 | x2...
1 0 +5.096343115e+02 -4.903656885e+02 -4.903656885e+02 +0.0000e+00 +0.0000e+00 +0.0000e+00
2 0 +2.406400586e+02 -7.593599414e+02 -7.593599414e+02 -2.9289e+00 +0.0000e+00 +0.0000e+00
21 0 +1.469186583e+02 -8.530813417e+02 -8.530813417e+02 -3.5352e+00 +1.5168e+00 +1.5168e+00
110 0 +1.033804201e+02 -8.966195799e+02 -8.966195799e+02 -2.5757e+00 +3.0019e+00 +1.0006e+00
111 0 +2.449537239e+01 -9.755046276e+02 -9.755046276e+02 -3.5764e+00 +3.0019e+00 +1.0006e+00
114 0 +1.398487285e+01 -9.860151271e+02 -9.860151271e+02 -3.5764e+00 +4.0026e+00 +1.0006e+00
136 0 +4.764779855e+00 -9.952352201e+02 -9.952352201e+02 -3.4513e+00 +4.0026e+00 +1.0006e+00
137 0 +4.418146839e+00 -9.955818532e+02 -9.955818532e+02 -3.4513e+00 +3.8775e+00 +1.0006e+00
157 0 +2.699256024e+00 -9.973007440e+02 -9.973007440e+02 -3.4513e+00 +3.8775e+00 +9.6938e-01
161 0 +2.420701672e+00 -9.975792983e+02 -9.975792983e+02 -3.4513e+00 +3.8462e+00 +9.6938e-01
167 0 +2.218777762e+00 -9.977812222e+02 -9.977812222e+02 -3.4513e+00 +3.8150e+00 +9.6938e-01
190 0 +1.017161260e+00 -9.989828387e+02 -9.989828387e+02 -3.4356e+00 +3.7524e+00 +9.6938e-01
191 0 +8.301633099e-01 -9.991698367e+02 -9.991698367e+02 -3.4356e+00 +3.7368e+00 +9.6938e-01
197 0 +6.661714608e-01 -9.993338285e+02 -9.993338285e+02 -3.4356e+00 +3.7212e+00 +9.6938e-01
203 0 +5.428480860e-01 -9.994571519e+02 -9.994571519e+02 -3.4356e+00 +3.7055e+00 +9.6938e-01
209 0 +4.864278826e-01 -9.995135721e+02 -9.995135721e+02 -3.4356e+00 +3.6899e+00 +9.6938e-01
226 0 +3.646244573e-01 -9.996353755e+02 -9.996353755e+02 -3.4317e+00 +3.6899e+00 +9.6938e-01
227 0 +3.150726159e-01 -9.996849274e+02 -9.996849274e+02 -3.4317e+00 +3.6860e+00 +9.6938e-01
233 0 +2.662446978e-01 -9.997337553e+02 -9.997337553e+02 -3.4317e+00 +3.6821e+00 +9.6938e-01
239 0 +2.185539961e-01 -9.997814460e+02 -9.997814460e+02 -3.4317e+00 +3.6782e+00 +9.6938e-01
245 0 +1.730295160e-01 -9.998269705e+02 -9.998269705e+02 -3.4317e+00 +3.6743e+00 +9.6938e-01
251 0 +1.328159003e-01 -9.998671841e+02 -9.998671841e+02 -3.4317e+00 +3.6703e+00 +9.6938e-01
257 0 +1.084364992e-01 -9.998915635e+02 -9.998915635e+02 -3.4317e+00 +3.6664e+00 +9.6938e-01
292 0 +8.578888401e-02 -9.999142111e+02 -9.999142111e+02 -3.4312e+00 +3.6655e+00 +9.6938e-01
299 0 +7.461225150e-02 -9.999253877e+02 -9.999253877e+02 -3.4312e+00 +3.6645e+00 +9.6938e-01
305 0 +6.947507573e-02 -9.999305249e+02 -9.999305249e+02 -3.4312e+00 +3.6640e+00 +9.6938e-01
317 0 +6.170520573e-02 -9.999382948e+02 -9.999382948e+02 -3.4312e+00 +3.6630e+00 +9.6938e-01
340 0 +5.595006993e-02 -9.999440499e+02 -9.999440499e+02 -3.4311e+00 +3.6625e+00 +9.6938e-01
365 0 +4.922862625e-02 -9.999507714e+02 -9.999507714e+02 -3.4311e+00 +3.6619e+00 +9.6938e-01
7193 0 +4.366091516e-02 -9.999563391e+02 -9.999563391e+02 -3.4229e+00 +3.5791e+00 +9.6500e-01
7199 0 +3.275128707e-02 -9.999672487e+02 -9.999672487e+02 -3.4229e+00 +3.5781e+00 +9.6500e-01
7205 0 +2.185992900e-02 -9.999781401e+02 -9.999781401e+02 -3.4229e+00 +3.5771e+00 +9.6500e-01
7211 0 +1.099721864e-02 -9.999890028e+02 -9.999890028e+02 -3.4229e+00 +3.5761e+00 +9.6500e-01
7217 0 +2.629902554e-03 -9.999973701e+02 -9.999973701e+02 -3.4229e+00 +3.5752e+00 +9.6500e-01
7242 0 +2.090188891e-03 -9.999979098e+02 -9.999979098e+02 -3.4229e+00 +3.5753e+00 +9.6500e-01
7281 0 +1.721409167e-03 -9.999982786e+02 -9.999982786e+02 -3.4229e+00 +3.5753e+00 +9.6500e-01
7290 0 +1.563688808e-03 -9.999984363e+02 -9.999984363e+02 -3.4229e+00 +3.5753e+00 +9.6500e-01
7308 0 +1.390925674e-03 -9.999986091e+02 -9.999986091e+02 -3.4229e+00 +3.5753e+00 +9.6500e-01
7362 0 +1.242778080e-03 -9.999987572e+02 -9.999987572e+02 -3.4229e+00 +3.5753e+00 +9.6500e-01
30000 0 +1.182440675e-03 -9.999988176e+02 -9.999988176e+02 -3.4229e+00 +3.5753e+00 +9.6500e-01
% f evaluations | g evaluations | best noise-free fitness - Fopt (2.577000000000e+01) + sum g_i+ | measured fitness | best measured fitness or single-digit g-values | x1 | x2...
1 0 +9.455243536e+02 +9.712943536e+02 +9.712943536e+02 +0.0000e+00 +0.0000e+00 +0.0000e+00
5 0 +4.655631218e+02 +4.913331218e+02 +4.913331218e+02 +2.9289e+00 +0.0000e+00 +0.0000e+00
9 0 +3.847824678e+02 +4.105524678e+02 +4.105524678e+02 +2.0925e+00 -8.3640e-01 +2.0925e+00
100 0 +3.506626376e+02 +3.764326376e+02 +3.764326376e+02 +2.0013e+00 -1.4269e+00 +1.0006e+00
104 0 +2.767854513e+02 +3.025554513e+02 +3.025554513e+02 +2.0013e+00 -1.4269e+00 +2.0013e+00
106 0 +1.104448948e+02 +1.362148948e+02 +1.362148948e+02 +3.0019e+00 -1.4269e+00 +2.0013e+00
112 0 +6.329484429e+01 +8.906484429e+01 +8.906484429e+01 +4.0026e+00 -1.4269e+00 +2.0013e+00
123 0 +3.336707099e+01 +5.913707099e+01 +5.913707099e+01 +3.5023e+00 -1.4269e+00 +2.0013e+00
136 0 +2.752055690e+01 +5.329055690e+01 +5.329055690e+01 +3.7524e+00 -1.4269e+00 +2.0013e+00
147 0 +2.214794956e+01 +4.791794956e+01 +4.791794956e+01 +3.6274e+00 -1.4269e+00 +2.0013e+00
152 0 +2.752393782e+00 +2.852239378e+01 +2.852239378e+01 +3.6274e+00 -1.4269e+00 +2.1264e+00
172 0 +1.272999776e+00 +2.704299978e+01 +2.704299978e+01 +3.6430e+00 -1.4269e+00 +2.1264e+00
189 0 +1.008971934e+00 +2.677897193e+01 +2.677897193e+01 +3.6391e+00 -1.4269e+00 +2.1264e+00
203 0 +9.136276902e-01 +2.668362769e+01 +2.668362769e+01 +3.6391e+00 -1.4288e+00 +2.1264e+00
207 0 +7.449406624e-01 +2.651494066e+01 +2.651494066e+01 +3.6371e+00 -1.4288e+00 +2.1264e+00
226 0 +6.840242581e-01 +2.645402426e+01 +2.645402426e+01 +3.6376e+00 -1.4288e+00 +2.1264e+00
794 0 +3.924980327e-01 +2.616249803e+01 +2.616249803e+01 +3.3928e+00 -1.6189e+00 +2.2940e+00
826 0 +3.385822291e-01 +2.610858223e+01 +2.610858223e+01 +3.3918e+00 -1.6189e+00 +2.2959e+00
832 0 +2.126485313e-01 +2.598264853e+01 +2.598264853e+01 +3.3909e+00 -1.6199e+00 +2.2959e+00
862 0 +1.950389625e-01 +2.596503896e+01 +2.596503896e+01 +3.3910e+00 -1.6199e+00 +2.2959e+00
2846 0 +1.606572855e-01 +2.593065729e+01 +2.593065729e+01 +3.3469e+00 -1.6541e+00 +2.3262e+00
2868 0 +1.480593507e-01 +2.591805935e+01 +2.591805935e+01 +3.3469e+00 -1.6541e+00 +2.3264e+00
2890 0 +1.402085593e-01 +2.591020856e+01 +2.591020856e+01 +3.3469e+00 -1.6540e+00 +2.3263e+00
3535 0 +1.227845201e-01 +2.589278452e+01 +2.589278452e+01 +3.1827e+00 -1.7816e+00 +2.4401e+00
3549 0 +8.193361030e-02 +2.585193361e+01 +2.585193361e+01 +3.1822e+00 -1.7816e+00 +2.4401e+00
3552 0 +2.544540759e-02 +2.579544541e+01 +2.579544541e+01 +3.1822e+00 -1.7816e+00 +2.4396e+00
3571 0 +2.023291527e-02 +2.579023292e+01 +2.579023292e+01 +3.1822e+00 -1.7816e+00 +2.4397e+00
3582 0 +1.621777977e-02 +2.578621778e+01 +2.578621778e+01 +3.1822e+00 -1.7816e+00 +2.4396e+00
3591 0 +1.459289391e-02 +2.578459289e+01 +2.578459289e+01 +3.1823e+00 -1.7816e+00 +2.4396e+00
3607 0 +1.274474495e-02 +2.578274474e+01 +2.578274474e+01 +3.1823e+00 -1.7816e+00 +2.4396e+00
3615 0 +1.238013201e-02 +2.578238013e+01 +2.578238013e+01 +3.1823e+00 -1.7816e+00 +2.4396e+00
16432 0 +8.296844282e-03 +2.577829684e+01 +2.577829684e+01 +3.0826e+00 -1.8588e+00 +2.5082e+00
16443 0 +6.280778152e-03 +2.577628078e+01 +2.577628078e+01 +3.0826e+00 -1.8588e+00 +2.5082e+00
16456 0 +3.647354104e-03 +2.577364735e+01 +2.577364735e+01 +3.0826e+00 -1.8588e+00 +2.5082e+00
16473 0 +3.277055040e-03 +2.577327706e+01 +2.577327706e+01 +3.0826e+00 -1.8588e+00 +2.5082e+00
16478 0 +2.214230157e-03 +2.577221423e+01 +2.577221423e+01 +3.0826e+00 -1.8588e+00 +2.5082e+00
21190 0 +1.741480050e-03 +2.577174148e+01 +2.577174148e+01 +3.0954e+00 -1.8488e+00 +2.4994e+00
21195 0 +8.824471502e-04 +2.577088245e+01 +2.577088245e+01 +3.0954e+00 -1.8488e+00 +2.4994e+00
21212 0 +7.679283862e-04 +2.577076793e+01 +2.577076793e+01 +3.0954e+00 -1.8488e+00 +2.4994e+00
21236 0 +6.904767744e-04 +2.577069048e+01 +2.577069048e+01 +3.0954e+00 -1.8488e+00 +2.4994e+00
30000 0 +6.617742302e-04 +2.577066177e+01 +2.577066177e+01 +3.0954e+00 -1.8488e+00 +2.4994e+00
% f evaluations | g evaluations | best noise-free fitness - Fopt (-1.150100000000e+02) + sum g_i+ | measured fitness | best measured fitness or single-digit g-values | x1 | x2...
1 0 +2.108769441e+02 +9.586694405e+01 +9.586694405e+01 +0.0000e+00 +0.0000e+00 +0.0000e+00
7 0 +8.682173091e+01 -2.818826909e+01 -2.818826909e+01 +8.3640e-01 -2.0925e+00 -2.0925e+00
32 0 +5.360594735e+01 -6.140405265e+01 -6.140405265e+01 +0.0000e+00 -2.9289e+00 -2.1231e+00
166 0 +4.473997869e+01 -7.027002131e+01 -7.027002131e+01 +1.1637e+00 -1.7715e-01 -1.0810e+00
178 0 +4.424796282e+01 -7.076203718e+01 -7.076203718e+01 +1.2263e+00 -1.7715e-01 -1.0810e+00
181 0 +3.957277806e+01 -7.543722194e+01 -7.543722194e+01 +1.2263e+00 -1.1461e-01 -1.1435e+00
184 0 +3.482335923e+01 -8.018664077e+01 -8.018664077e+01 +1.2888e+00 -1.1461e-01 -1.1435e+00
190 0 +2.593926094e+01 -8.907073906e+01 -8.907073906e+01 +1.3514e+00 -1.1461e-01 -1.2061e+00
220 0 +2.484471149e+01 -9.016528851e+01 -9.016528851e+01 +1.3592e+00 -1.1461e-01 -1.2139e+00
1042 0 +2.225973021e+01 -9.275026979e+01 -9.275026979e+01 +1.1012e+00 -4.8547e-01 -1.2642e+00
1058 0 +1.977820807e+01 -9.523179193e+01 -9.523179193e+01 +1.1325e+00 -4.8547e-01 -1.2955e+00
1072 0 +1.759980745e+01 -9.741019255e+01 -9.741019255e+01 +1.1481e+00 -4.8547e-01 -1.2955e+00
6924 0 +1.282729806e+01 -1.021827019e+02 -1.021827019e+02 +8.6120e-01 -9.9456e-01 -1.3792e+00
6935 0 +1.176193270e+01 -1.032480673e+02 -1.032480673e+02 +8.2993e-01 -9.9456e-01 -1.3792e+00
6960 0 +1.092937518e+01 -1.040806248e+02 -1.040806248e+02 +8.5338e-01 -9.7892e-01 -1.3792e+00
6966 0 +9.861539098e+00 -1.051484609e+02 -1.051484609e+02 +8.6120e-01 -9.7892e-01 -1.3870e+00
8660 0 +4.020149128e+00 -1.109898509e+02 -1.109898509e+02 +2.9833e-01 -1.9283e+00 -1.5624e+00
8687 0 +2.973173631e+00 -1.120368264e+02 -1.120368264e+02 +2.9833e-01 -1.9283e+00 -1.5780e+00
8690 0 +1.755961984e+00 -1.132540380e+02 -1.132540380e+02 +3.1397e-01 -1.9283e+00 -1.5780e+00
8704 0 +1.548299370e+00 -1.134617006e+02 -1.134617006e+02 +3.1397e-01 -1.9205e+00 -1.5780e+00
8716 0 +1.371217204e+00 -1.136387828e+02 -1.136387828e+02 +3.1788e-01 -1.9166e+00 -1.5780e+00
8734 0 +1.207674989e+00 -1.138023250e+02 -1.138023250e+02 +3.2179e-01 -1.9126e+00 -1.5780e+00
8747 0 +1.110860176e+00 -1.138991398e+02 -1.138991398e+02 +3.2276e-01 -1.9117e+00 -1.5790e+00
8765 0 +9.914077237e-01 -1.140185923e+02 -1.140185923e+02 +3.2374e-01 -1.9117e+00 -1.5795e+00
14564 0 +7.849881447e-01 -1.142250119e+02 -1.142250119e+02 +1.9827e-01 -2.1370e+00 -1.6289e+00
14578 0 +7.019521913e-01 -1.143080478e+02 -1.143080478e+02 +1.9632e-01 -2.1390e+00 -1.6289e+00
14581 0 +5.704722544e-01 -1.144395277e+02 -1.144395277e+02 +1.9632e-01 -2.1390e+00 -1.6269e+00
14582 0 +3.863304286e-01 -1.146236696e+02 -1.146236696e+02 +1.9436e-01 -2.1390e+00 -1.6269e+00
14599 0 +3.296059021e-01 -1.146803941e+02 -1.146803941e+02 +1.9436e-01 -2.1390e+00 -1.6259e+00
14600 0 +2.399981141e-01 -1.147700019e+02 -1.147700019e+02 +1.9338e-01 -2.1390e+00 -1.6259e+00
14624 0 +2.162909682e-01 -1.147937090e+02 -1.147937090e+02 +1.9314e-01 -2.1395e+00 -1.6259e+00
14654 0 +1.988110871e-01 -1.148111889e+02 -1.148111889e+02 +1.9302e-01 -2.1396e+00 -1.6259e+00
30017 0 +1.918946732e-01 -1.148181053e+02 -1.148181053e+02 +1.9298e-01 -2.1396e+00 -1.6258e+00
% f evaluations | g evaluations | best noise-free fitness - Fopt (2.556500000000e+02) + sum g_i+ | measured fitness | best measured fitness or single-digit g-values | x1 | x2...
1 0 +2.612926924e+02 +5.169426924e+02 +5.169426924e+02 +0.0000e+00 +0.0000e+00 +0.0000e+00
8 0 +2.148234968e+02 +4.704734968e+02 +4.704734968e+02 +0.0000e+00 -2.9289e+00 +0.0000e+00
38 0 +1.983106345e+02 +4.539606345e+02 +4.539606345e+02 -1.5390e+00 +0.0000e+00 -8.0583e-01
44 0 +1.058959842e+02 +3.615459842e+02 +3.615459842e+02 +0.0000e+00 -1.5390e+00 -8.0583e-01
74 0 +9.853628012e+01 +3.541862801e+02 +3.541862801e+02 -8.0865e-01 +0.0000e+00 -3.8241e-01
91 0 +8.548192018e+01 +3.411319202e+02 +3.411319202e+02 -5.7773e-01 -5.7773e-01 -1.5149e-01
109 0 +5.983962315e+01 +3.154896231e+02 +3.154896231e+02 -1.0006e+00 +0.0000e+00 -1.0747e+00
118 0 +5.452858552e+01 +3.101785855e+02 +3.101785855e+02 -7.5049e-01 +0.0000e+00 -1.0747e+00
122 0 +4.574732446e+01 +3.013973245e+02 +3.013973245e+02 -7.5049e-01 +0.0000e+00 -8.2458e-01
125 0 +2.647133781e+01 +2.821213378e+02 +2.821213378e+02 -7.5049e-01 -2.5016e-01 -8.2458e-01
138 0 +2.470474372e+01 +2.803547437e+02 +2.803547437e+02 -7.5049e-01 -1.2508e-01 -8.2458e-01
149 0 +1.796599803e+01 +2.736159980e+02 +2.736159980e+02 -7.5049e-01 -1.8762e-01 -8.2458e-01
166 0 +1.774112378e+01 +2.733911238e+02 +2.733911238e+02 -7.3485e-01 -1.8762e-01 -8.2458e-01
197 0 +1.576885316e+01 +2.714188532e+02 +2.714188532e+02 -7.3290e-01 -2.0521e-01 -8.1676e-01
798 0 +1.264520070e+01 +2.682952007e+02 +2.682952007e+02 +0.0000e+00 -1.5591e+00 -1.3225e-01
817 0 +5.383023933e+00 +2.610330239e+02 +2.610330239e+02 +0.0000e+00 -1.4966e+00 -1.3225e-01
842 0 +4.959267232e+00 +2.606092672e+02 +2.606092672e+02 +0.0000e+00 -1.5044e+00 -1.4007e-01
872 0 +4.444915832e+00 +2.600949158e+02 +2.600949158e+02 -3.9088e-03 -1.4946e+00 -1.4202e-01
5629 0 +3.626820523e+00 +2.592768205e+02 +2.592768205e+02 +1.3055e-01 -1.7355e+00 -1.2948e-02
5646 0 +3.267235281e+00 +2.589172353e+02 +2.589172353e+02 +1.3446e-01 -1.7355e+00 -1.2948e-02
5647 0 +3.082765949e+00 +2.587327659e+02 +2.587327659e+02 +1.3446e-01 -1.7394e+00 -1.2948e-02
13927 0 +2.185953753e+00 +2.578359538e+02 +2.578359538e+02 +5.4176e-01 -2.4660e+00 +3.5791e-01
13940 0 +1.617025172e+00 +2.572670252e+02 +2.572670252e+02 +5.4176e-01 -2.4503e+00 +3.5791e-01
13949 0 +1.331332088e+00 +2.569813321e+02 +2.569813321e+02 +5.3394e-01 -2.4503e+00 +3.5791e-01
13952 0 +7.573551837e-01 +2.564073552e+02 +2.564073552e+02 +5.3394e-01 -2.4425e+00 +3.5791e-01
13974 0 +5.893716948e-01 +2.562393717e+02 +2.562393717e+02 +5.3589e-01 -2.4464e+00 +3.5791e-01
13985 0 +5.064822024e-01 +2.561564822e+02 +2.561564822e+02 +5.3492e-01 -2.4464e+00 +3.5791e-01
13988 0 +4.857544174e-01 +2.561357544e+02 +2.561357544e+02 +5.3492e-01 -2.4455e+00 +3.5791e-01
13999 0 +4.384999207e-01 +2.560884999e+02 +2.560884999e+02 +5.3492e-01 -2.4459e+00 +3.5791e-01
19503 0 +2.000459101e-01 +2.558500459e+02 +2.558500459e+02 +7.5049e-01 -2.8276e+00 +5.5679e-01
19524 0 +1.629208761e-01 +2.558129209e+02 +2.558129209e+02 +7.5049e-01 -2.8276e+00 +5.5874e-01
19535 0 +1.042359847e-01 +2.557542360e+02 +2.557542360e+02 +7.5049e-01 -2.8276e+00 +5.5777e-01
19540 0 +6.421267201e-02 +2.557142127e+02 +2.557142127e+02 +7.5049e-01 -2.8266e+00 +5.5777e-01
19551 0 +3.184647703e-02 +2.556818465e+02 +2.556818465e+02 +7.5049e-01 -2.8271e+00 +5.5777e-01
19564 0 +2.935843074e-02 +2.556793584e+02 +2.556793584e+02 +7.5049e-01 -2.8269e+00 +5.5777e-01
19565 0 +2.808640162e-02 +2.556780864e+02 +2.556780864e+02 +7.5049e-01 -2.8269e+00 +5.5752e-01
19578 0 +1.853767274e-02 +2.556685377e+02 +2.556685377e+02 +7.5049e-01 -2.8269e+00 +5.5765e-01
19581 0 +1.612491872e-02 +2.556661249e+02 +2.556661249e+02 +7.5049e-01 -2.8270e+00 +5.5765e-01
19594 0 +1.088050959e-02 +2.556608805e+02 +2.556608805e+02 +7.5049e-01 -2.8269e+00 +5.5765e-01
19611 0 +9.283014375e-03 +2.556592830e+02 +2.556592830e+02 +7.5049e-01 -2.8270e+00 +5.5768e-01
19623 0 +8.598414682e-03 +2.556585984e+02 +2.556585984e+02 +7.5050e-01 -2.8270e+00 +5.5768e-01
19637 0 +7.615966235e-03 +2.556576160e+02 +2.556576160e+02 +7.5050e-01 -2.8270e+00 +5.5768e-01
30000 0 +7.266614059e-03 +2.556572666e+02 +2.556572666e+02 +7.5050e-01 -2.8270e+00 +5.5768e-01
% f evaluations | g evaluations | best noise-free fitness - Fopt (5.382000000000e+01) + sum g_i+ | measured fitness | best measured fitness or single-digit g-values | x1 | x2...
1 0 +2.578834167e+02 +3.117034167e+02 +3.117034167e+02 +0.0000e+00 +0.0000e+00 +0.0000e+00
7 0 +1.007159773e+02 +1.545359773e+02 +1.545359773e+02 +8.3640e-01 -2.0925e+00 -2.0925e+00
783 0 +9.979161756e+01 +1.536116176e+02 +1.536116176e+02 -3.8241e-01 +5.0471e-01 -8.1303e-01
2038 0 +8.377947033e+01 +1.375994703e+02 +1.375994703e+02 +1.1791e-01 -5.0032e-01 -1.6930e+00
2048 0 +6.021806744e+01 +1.140380674e+02 +1.140380674e+02 +3.6808e-01 -7.5049e-01 -1.6930e+00
2063 0 +4.871466809e+01 +1.025346681e+02 +1.025346681e+02 +3.6808e-01 -7.5049e-01 -1.8181e+00
2086 0 +4.382641758e+01 +9.764641758e+01 +9.764641758e+01 +3.9935e-01 -8.4430e-01 -1.8493e+00
6045 0 +3.950286541e+01 +9.332286541e+01 +9.332286541e+01 +5.4116e-01 -1.0632e+00 -2.0115e+00
6100 0 +3.530630594e+01 +8.912630594e+01 +8.912630594e+01 +5.4897e-01 -1.1003e+00 -2.0447e+00
14687 0 +2.630412745e+01 +8.012412745e+01 +8.012412745e+01 +7.9570e-01 -1.5534e+00 -2.3722e+00
14709 0 +2.455731497e+01 +7.837731497e+01 +7.837731497e+01 +7.9570e-01 -1.5377e+00 -2.3722e+00
18093 0 +2.202690909e+01 +7.584690909e+01 +7.584690909e+01 +9.0624e-01 -1.7199e+00 -2.5016e+00
18140 0 +1.988024534e+01 +7.370024534e+01 +7.370024534e+01 +9.0624e-01 -1.7287e+00 -2.5173e+00
18684 0 +1.219200936e+01 +6.601200936e+01 +6.601200936e+01 +1.3484e+00 -2.5016e+00 -3.0601e+00
18701 0 +9.368535444e+00 +6.318853544e+01 +6.318853544e+01 +1.3484e+00 -2.5016e+00 -3.1226e+00
18714 0 +8.295080474e+00 +6.211508047e+01 +6.211508047e+01 +1.3484e+00 -2.5016e+00 -3.0914e+00
18725 0 +7.744250200e+00 +6.156425020e+01 +6.156425020e+01 +1.3484e+00 -2.5016e+00 -3.1070e+00
18749 0 +7.062937847e+00 +6.088293785e+01 +6.088293785e+01 +1.3484e+00 -2.5055e+00 -3.1031e+00
30000 0 +6.864836912e+00 +6.068483691e+01 +6.068483691e+01 +1.3495e+00 -2.5086e+00 -3.1037e+00
