% f evaluations | g evaluations | best noise-free fitness - Fopt (-4.620900000000e+02) + sum g_i+ | measured fitness | best measured fitness or single-digit g-values | x1 | x2...
1 0 +1.270868857e+02 -3.350031143e+02 -3.350031143e+02 +0.0000e+00 +0.0000e+00 +0.0000e+00 +0.0000e+00 +0.0000e+00
2 0 +1.206947173e+02 -3.413952827e+02 -3.413952827e+02 -2.9289e+00 +0.0000e+00 +0.0000e+00 +0.0000e+00 +0.0000e+00
3 0 +1.841851770e+01 -4.436714823e+02 -4.436714823e+02 -1.3081e+00 +1.6209e+00 +1.6209e+00 +1.6209e+00 +1.6209e+00
4944 0 +1.354522692e+01 -4.485447731e+02 -4.485447731e+02 -2.2515e+00 +1.5010e+00 +2.8099e+00 +7.5049e-01 +2.8840e+00
4946 0 +8.272991381e+00 -4.538170086e+02 -4.538170086e+02 -2.2515e+00 +1.5010e+00 +2.8099e+00 +7.5049e-01 +2.6339e+00
4958 0 +6.925652463e+00 -4.551643475e+02 -4.551643475e+02 -2.3765e+00 +1.5010e+00 +2.8099e+00 +7.5049e-01 +2.6339e+00
4982 0 +4.462072163e+00 -4.576279278e+02 -4.576279278e+02 -2.3140e+00 +1.5010e+00 +2.7474e+00 +7.5049e-01 +2.6339e+00
5004 0 +3.871856053e+00 -4.582181439e+02 -4.582181439e+02 -2.3453e+00 +1.5010e+00 +2.7474e+00 +7.1922e-01 +2.6339e+00
5007 0 +3.431198611e+00 -4.586588014e+02 -4.586588014e+02 -2.3453e+00 +1.5010e+00 +2.7474e+00 +7.1922e-01 +2.6651e+00
5023 0 +3.095707591e+00 -4.589942924e+02 -4.589942924e+02 -2.3453e+00 +1.5010e+00 +2.7630e+00 +7.1922e-01 +2.6651e+00
7877 0 +2.606590904e+00 -4.594834091e+02 -4.594834091e+02 -2.3453e+00 +1.5010e+00 +2.2246e+00 +7.1922e-01 +2.6339e+00
7880 0 +2.165933461e+00 -4.599240665e+02 -4.599240665e+02 -2.3453e+00 +1.5010e+00 +2.2246e+00 +7.1922e-01 +2.6651e+00
7940 0 +1.993309651e+00 -4.600966903e+02 -4.600966903e+02 -2.3414e+00 +1.4932e+00 +2.2128e+00 +7.2703e-01 +2.6612e+00
25227 0 +1.159930670e+00 -4.609300693e+02 -4.609300693e+02 -2.3351e+00 +1.5010e+00 +2.2246e+00 +7.1922e-01 +2.3001e+00
25243 0 +1.107655472e+00 -4.609823445e+02 -4.609823445e+02 -2.3351e+00 +1.5010e+00 +2.2089e+00 +7.1922e-01 +2.3001e+00
25283 0 +9.995999476e-01 -4.610904001e+02 -4.610904001e+02 -2.3390e+00 +1.4932e+00 +2.2128e+00 +7.2703e-01 +2.3001e+00
50000 0 +9.949590571e-01 -4.610950409e+02 -4.610950409e+02 -2.3408e+00 +1.4949e+00 +2.2136e+00 +7.2800e-01 +2.2992e+00
% f evaluations | g evaluations | best noise-free fitness - Fopt (7.766000000000e+01) + sum g_i+ | measured fitness | best measured fitness or single-digit g-values | x1 | x2...
1 0 +2.502431191e+02 +3.279031191e+02 +3.279031191e+02 +0.0000e+00 +0.0000e+00 +0.0000e+00 +0.0000e+00 +0.0000e+00
5 0 +2.496422981e+02 +3.273022981e+02 +3.273022981e+02 +2.9289e+00 +0.0000e+00 +0.0000e+00 +0.0000e+00 +0.0000e+00
7 0 +1.944246767e+02 +2.720846767e+02 +2.720846767e+02 +1.3081e+00 -1.6209e+00 -1.6209e+00 -1.6209e+00 -1.6209e+00
25 0 +8.302845140e+01 +1.606884514e+02 +1.606884514e+02 -1.6209e+00 -1.6209e+00 -1.6209e+00 +1.3081e+00 -1.6209e+00
251 0 +4.692803432e+01 +1.245880343e+02 +1.245880343e+02 +0.0000e+00 +0.0000e+00 -2.0013e+00 +3.0019e+00 -1.4913e+00
261 0 +3.948900992e+01 +1.171490099e+02 +1.171490099e+02 +0.0000e+00 +0.0000e+00 -2.0013e+00 +3.0019e+00 -2.4919e+00
273 0 +3.293841200e+01 +1.105984120e+02 +1.105984120e+02 -5.0032e-01 +0.0000e+00 -2.0013e+00 +3.0019e+00 -2.4919e+00
274 0 +2.346754558e+01 +1.011275456e+02 +1.011275456e+02 +5.0032e-01 +0.0000e+00 -2.0013e+00 +3.0019e+00 -2.4919e+00
298 0 +2.063391131e+01 +9.829391131e+01 +9.829391131e+01 +5.0032e-01 +0.0000e+00 -1.7511e+00 +3.0019e+00 -2.4919e+00
300 0 +1.607363845e+01 +9.373363845e+01 +9.373363845e+01 +5.0032e-01 +0.0000e+00 -1.7511e+00 +3.2521e+00 -2.4919e+00
317 0 +1.240113460e+01 +9.006113460e+01 +9.006113460e+01 +5.0032e-01 +0.0000e+00 -1.8762e+00 +3.2521e+00 -2.4919e+00
320 0 +1.101607770e+01 +8.867607770e+01 +8.867607770e+01 +5.0032e-01 +0.0000e+00 -1.8762e+00 +3.3772e+00 -2.4919e+00
339 0 +7.800816115e+00 +8.546081611e+01 +8.546081611e+01 +4.3778e-01 +0.0000e+00 -1.8762e+00 +3.3147e+00 -2.4919e+00
361 0 +6.088935870e+00 +8.374893587e+01 +8.374893587e+01 +4.3778e-01 -3.1270e-02 -1.8762e+00 +3.3147e+00 -2.4606e+00
6688 0 +4.142590017e+00 +8.180259002e+01 +8.180259002e+01 +1.4028e+00 -3.1270e-02 -1.8762e+00 +3.3147e+00 -2.7690e+00
6788 0 +3.979974539e+00 +8.163997454e+01 +8.163997454e+01 +1.4018e+00 -2.4430e-02 -1.8684e+00 +3.3234e+00 -2.7738e+00
27292 0 +3.439240033e+00 +8.109924003e+01 +8.109924003e+01 +1.4028e+00 -2.1109e-02 -1.8762e+00 +3.3147e+00 -2.4774e+00
27318 0 +3.063976721e+00 +8.072397672e+01 +8.072397672e+01 +1.4028e+00 -2.1109e-02 -1.8606e+00 +3.3303e+00 -2.4617e+00
34490 0 +2.544768884e+00 +8.020476888e+01 +8.020476888e+01 +1.4173e+00 -3.1270e-02 -1.2777e+00 +3.3147e+00 -2.4774e+00
34506 0 +2.451365470e+00 +8.011136547e+01 +8.011136547e+01 +1.4017e+00 -3.1270e-02 -1.2777e+00 +3.3147e+00 -2.4774e+00
34515 0 +2.080000339e+00 +7.974000034e+01 +7.974000034e+01 +1.4017e+00 -3.1270e-02 -1.2777e+00 +3.3303e+00 -2.4617e+00
34575 0 +1.990826848e+00 +7.965082685e+01 +7.965082685e+01 +1.4017e+00 -2.5407e-02 -1.2718e+00 +3.3225e+00 -2.4637e+00
50000 0 +1.989918114e+00 +7.964991811e+01 +7.964991811e+01 +1.4019e+00 -2.4777e-02 -1.2720e+00 +3.3232e+00 -2.4640e+00
% f evaluations | g evaluations | best noise-free fitness - Fopt (1.156800000000e+02) + sum g_i+ | measured fitness | best measured fitness or single-digit g-values | x1 | x2...
1 0 +4.301878994e+02 +5.458678994e+02 +5.458678994e+02 +0.0000e+00 +0.0000e+00 +0.0000e+00 +0.0000e+00 +0.0000e+00
2 0 +4.278684760e+02 +5.435484760e+02 +5.435484760e+02 -2.9289e+00 +0.0000e+00 +0.0000e+00 +0.0000e+00 +0.0000e+00
4 0 +2.567961672e+02 +3.724761672e+02 +3.724761672e+02 -4.5498e+00 -1.6209e+00 -1.6209e+00 -1.6209e+00 -1.6209e+00
19 0 +2.298647143e+02 +3.455447143e+02 +3.455447143e+02 -1.6209e+00 -1.6209e+00 +1.3081e+00 -1.6209e+00 -1.6209e+00
25 0 +1.720945372e+02 +2.877745372e+02 +2.877745372e+02 -1.6209e+00 -1.6209e+00 -1.6209e+00 +1.3081e+00 -1.6209e+00
26 0 +1.123706186e+02 +2.280506186e+02 +2.280506186e+02 +0.0000e+00 +0.0000e+00 +0.0000e+00 +0.0000e+00 -2.9289e+00
261 0 +4.193044780e+01 +1.576104478e+02 +1.576104478e+02 +1.0006e+00 -1.0006e+00 +2.0013e+00 +4.0026e+00 -2.4919e+00
291 0 +3.876017429e+01 +1.544401743e+02 +1.544401743e+02 +1.0006e+00 -1.0006e+00 +2.0013e+00 +4.0026e+00 -3.9929e+00
292 0 +3.009931731e+01 +1.457793173e+02 +1.457793173e+02 +1.0006e+00 -1.0006e+00 +2.0013e+00 +4.0026e+00 -2.9922e+00
311 0 +2.590759312e+01 +1.415875931e+02 +1.415875931e+02 +7.5049e-01 -1.0006e+00 +2.0013e+00 +4.0026e+00 -3.2424e+00
324 0 +2.471634601e+01 +1.403963460e+02 +1.403963460e+02 +8.7557e-01 -1.0006e+00 +2.0013e+00 +4.0026e+00 -3.2424e+00
1413 0 +2.078001221e+01 +1.364600122e+02 +1.364600122e+02 +8.7557e-01 -1.0006e+00 +1.9388e+00 +2.6936e+00 -3.2380e+00
1468 0 +1.993726531e+01 +1.356172653e+02 +1.356172653e+02 +8.6775e-01 -9.8501e-01 +1.9622e+00 +2.6780e+00 -3.2380e+00
3510 0 +1.761123284e+01 +1.332912328e+02 +1.332912328e+02 -2.1845e+00 -1.0006e+00 +1.9388e+00 +4.0026e+00 -3.3005e+00
3515 0 +1.470705918e+01 +1.303870592e+02 +1.303870592e+02 -2.1845e+00 -1.0006e+00 +1.9388e+00 +4.0026e+00 -3.2380e+00
3531 0 +1.410450917e+01 +1.297845092e+02 +1.297845092e+02 -2.1845e+00 -9.6938e-01 +1.9700e+00 +4.0026e+00 -3.2380e+00
33869 0 +1.179971785e+01 +1.274797179e+02 +1.274797179e+02 -2.1788e+00 -1.0006e+00 +1.9388e+00 +2.6936e+00 -3.9158e+00
33890 0 +1.119716784e+01 +1.268771678e+02 +1.268771678e+02 -2.1788e+00 -9.6938e-01 +1.9700e+00 +2.6936e+00 -3.9158e+00
35885 0 +7.365472883e+00 +1.230454729e+02 +1.230454729e+02 -2.1162e+00 -1.0006e+00 -3.0832e-01 +4.0026e+00 -3.9158e+00
35928 0 +6.645553456e+00 +1.223255535e+02 +1.223255535e+02 -2.1788e+00 -1.0006e+00 -3.0832e-01 +4.0026e+00 -3.9158e+00
35931 0 +6.246096874e+00 +1.219260969e+02 +1.219260969e+02 -2.1788e+00 -1.0006e+00 -3.7086e-01 +4.0026e+00 -3.9158e+00
50000 0 +5.969749305e+00 +1.216497493e+02 +1.216497493e+02 -2.1784e+00 -9.8320e-01 -3.5124e-01 +4.0064e+00 -3.9147e+00
% f evaluations | g evaluations | best noise-free fitness - Fopt (-3.710000000000e+00) + sum g_i+ | measured fitness | best measured fitness or single-digit g-values | x1 | x2...
1 0 +2.700190966e+02 +2.663090966e+02 +2.663090966e+02 +0.0000e+00 +0.0000e+00 +0.0000e+00 +0.0000e+00 +0.0000e+00
3 0 +1.680294475e+02 +1.643194475e+02 +1.643194475e+02 -1.3081e+00 +1.6209e+00 +1.6209e+00 +1.6209e+00 +1.6209e+00
6 0 +1.506824583e+02 +1.469724583e+02 +1.469724583e+02 +4.5498e+00 +1.6209e+00 +1.6209e+00 +1.6209e+00 +1.6209e+00
9 0 +1.280613920e+02 +1.243513920e+02 +1.243513920e+02 +1.6209e+00 -1.3081e+00 +1.6209e+00 +1.6209e+00 +1.6209e+00
162 0 +1.258435007e+02 +1.221335007e+02 +1.221335007e+02 +1.0006e+00 -1.0006e+00 +1.0006e+00 +1.0006e+00 +1.4269e+00
170 0 +1.061865127e+02 +1.024765127e+02 +1.024765127e+02 +2.0013e+00 -1.0006e+00 +1.0006e+00 +2.0013e+00 +1.4269e+00
172 0 +7.033452280e+01 +6.662452280e+01 +6.662452280e+01 +2.0013e+00 -1.0006e+00 +1.0006e+00 +2.0013e+00 +2.4275e+00
180 0 +3.391462391e+01 +3.020462391e+01 +3.020462391e+01 +3.0019e+00 -1.0006e+00 +1.0006e+00 +3.0019e+00 +2.4275e+00
195 0 +2.916513662e+01 +2.545513662e+01 +2.545513662e+01 +3.0019e+00 -1.5010e+00 +1.0006e+00 +3.0019e+00 +2.4275e+00
200 0 +2.487013219e+01 +2.116013219e+01 +2.116013219e+01 +3.0019e+00 -1.5010e+00 +1.0006e+00 +3.5023e+00 +2.4275e+00
217 0 +1.821221824e+01 +1.450221824e+01 +1.450221824e+01 +3.0019e+00 -1.5010e+00 +7.5049e-01 +3.5023e+00 +2.4275e+00
218 0 +1.330365121e+01 +9.593651209e+00 +9.593651209e+00 +3.0019e+00 -1.5010e+00 +1.2508e+00 +3.5023e+00 +2.4275e+00
234 0 +1.057310825e+01 +6.863108253e+00 +6.863108253e+00 +3.1270e+00 -1.5010e+00 +1.2508e+00 +3.5023e+00 +2.4275e+00
257 0 +9.437335202e+00 +5.727335202e+00 +5.727335202e+00 +3.1270e+00 -1.4384e+00 +1.1883e+00 +3.5023e+00 +2.4275e+00
262 0 +7.985196807e+00 +4.275196807e+00 +4.275196807e+00 +3.1270e+00 -1.4384e+00 +1.1883e+00 +3.5023e+00 +2.4901e+00
275 0 +7.782395467e+00 +4.072395467e+00 +4.072395467e+00 +3.1270e+00 -1.4697e+00 +1.1883e+00 +3.5023e+00 +2.4901e+00
281 0 +7.050600259e+00 +3.340600259e+00 +3.340600259e+00 +3.1270e+00 -1.4697e+00 +1.1883e+00 +3.5023e+00 +2.4588e+00
1318 0 +5.389439208e+00 +1.679439208e+00 +1.679439208e+00 +3.1270e+00 -1.4384e+00 +1.1883e+00 +3.9444e+00 +3.1199e+00
1323 0 +4.460961197e+00 +7.509611969e-01 +7.509611969e-01 +3.1270e+00 -1.4384e+00 +1.1883e+00 +3.9444e+00 +3.1824e+00
1340 0 +3.366996749e+00 -3.430032508e-01 -3.430032508e-01 +3.1270e+00 -1.4697e+00 +1.1883e+00 +3.9132e+00 +3.1824e+00
1342 0 +2.019811965e+00 -1.690188035e+00 -1.690188035e+00 +3.1270e+00 -1.4697e+00 +1.1883e+00 +3.9132e+00 +3.1511e+00
1413 0 +1.991047333e+00 -1.718952667e+00 -1.718952667e+00 +3.1192e+00 -1.4638e+00 +1.1863e+00 +3.9112e+00 +3.1531e+00
50000 0 +1.989918114e+00 -1.720081886e+00 -1.720081886e+00 +3.1200e+00 -1.4640e+00 +1.7832e+00 +3.9104e+00 +3.5138e+00
% f evaluations | g evaluations | best noise-free fitness - Fopt (1.321800000000e+02) + sum g_i+ | measured fitness | best measured fitness or single-digit g-values | x1 | x2...
1 0 +2.589751285e+02 +3.911551285e+02 +3.911551285e+02 +0.0000e+00 +0.0000e+00 +0.0000e+00 +0.0000e+00 +0.0000e+00
2 0 +2.433994418e+02 +3.755794418e+02 +3.755794418e+02 -2.9289e+00 +0.0000e+00 +0.0000e+00 +0.0000e+00 +0.0000e+00
4 0 +1.474622378e+02 +2.796422378e+02 +2.796422378e+02 -4.5498e+00 -1.6209e+00 -1.6209e+00 -1.6209e+00 -1.6209e+00
13 0 +1.410031610e+02 +2.731831610e+02 +2.731831610e+02 -1.6209e+00 +1.3081e+00 -1.6209e+00 -1.6209e+00 -1.6209e+00
19 0 +8.676771470e+01 +2.189477147e+02 +2.189477147e+02 -1.6209e+00 -1.6209e+00 +1.3081e+00 -1.6209e+00 -1.6209e+00
251 0 +4.123394143e+01 +1.734139414e+02 +1.734139414e+02 -1.0006e+00 +0.0000e+00 +4.0026e+00 -2.0013e+00 -1.4913e+00
261 0 +2.614962755e+01 +1.583296275e+02 +1.583296275e+02 -1.0006e+00 +0.0000e+00 +4.0026e+00 -2.0013e+00 -2.4919e+00
294 0 +1.999299898e+01 +1.521729990e+02 +1.521729990e+02 -7.5049e-01 +0.0000e+00 +3.5023e+00 -1.5010e+00 -2.4919e+00
316 0 +1.494213821e+01 +1.471221382e+02 +1.471221382e+02 -7.5049e-01 +1.2508e-01 +3.5023e+00 -1.5010e+00 -2.4919e+00
358 0 +1.405986014e+01 +1.462398601e+02 +1.462398601e+02 -7.1922e-01 +1.2508e-01 +3.4710e+00 -1.5010e+00 -2.4919e+00
2409 0 +1.248255803e+01 +1.446625580e+02 +1.446625580e+02 -7.5049e-01 +6.9233e-01 +3.4397e+00 -1.5010e+00 -2.8002e+00
3409 0 +7.364006488e+00 +1.395440065e+02 +1.395440065e+02 -3.8106e+00 +1.2508e-01 +3.5023e+00 -1.5010e+00 -2.8002e+00
3427 0 +6.941126764e+00 +1.391211268e+02 +1.391211268e+02 -3.7481e+00 +1.2508e-01 +3.5023e+00 -1.5010e+00 -2.8002e+00
3451 0 +6.155550415e+00 +1.383355504e+02 +1.383355504e+02 -3.7481e+00 +1.2508e-01 +3.4710e+00 -1.5010e+00 -2.8002e+00
24019 0 +4.436335057e+00 +1.366163351e+02 +1.366163351e+02 -3.8106e+00 +1.5111e+00 +3.5023e+00 -1.5010e+00 -2.1647e+00
24040 0 +3.469525883e+00 +1.356495259e+02 +1.356495259e+02 -3.7481e+00 +1.5111e+00 +3.4397e+00 -1.5010e+00 -2.1647e+00
24045 0 +3.156204180e+00 +1.353362042e+02 +1.353362042e+02 -3.7481e+00 +1.5111e+00 +3.4397e+00 -1.5010e+00 -2.1021e+00
24061 0 +2.627927982e+00 +1.348079280e+02 +1.348079280e+02 -3.7481e+00 +1.4799e+00 +3.4710e+00 -1.5010e+00 -2.1021e+00
24064 0 +2.143205446e+00 +1.343232054e+02 +1.343232054e+02 -3.7481e+00 +1.4799e+00 +3.4710e+00 -1.5010e+00 -2.1334e+00
24125 0 +1.994350083e+00 +1.341743501e+02 +1.341743501e+02 -3.7637e+00 +1.4838e+00 +3.4632e+00 -1.4971e+00 -2.1295e+00
50000 0 +1.989918114e+00 +1.341699181e+02 +1.341699181e+02 -3.7640e+00 +1.4824e+00 +3.4616e+00 -1.4963e+00 -2.1310e+00
% f evaluations | g evaluations | best noise-free fitness - Fopt (1.204300000000e+02) + sum g_i+ | measured fitness | best measured fitness or single-digit g-values | x1 | x2...
1 0 +1.529457790e+02 +2.733757790e+02 +2.733757790e+02 +0.0000e+00 +0.0000e+00 +0.0000e+00 +0.0000e+00 +0.0000e+00
7 0 +1.336149995e+02 +2.540449995e+02 +2.540449995e+02 +1.3081e+00 -1.6209e+00 -1.6209e+00 -1.6209e+00 -1.6209e+00
19 0 +7.086190739e+01 +1.912919074e+02 +1.912919074e+02 -1.6209e+00 -1.6209e+00 +1.3081e+00 -1.6209e+00 -1.6209e+00
241 0 +6.306323934e+01 +1.834932393e+02 +1.834932393e+02 +1.0006e+00 -1.0006e+00 +1.0006e+00 -2.0013e+00 -4.9060e-01
251 0 +3.836118394e+01 +1.587911839e+02 +1.587911839e+02 +1.0006e+00 -1.0006e+00 +1.0006e+00 -2.0013e+00 -1.4913e+00
263 0 +2.186685952e+01 +1.422968595e+02 +1.422968595e+02 +5.0032e-01 -1.0006e+00 +1.0006e+00 -2.0013e+00 -1.4913e+00
381 0 +1.991143090e+01 +1.403414309e+02 +1.403414309e+02 +4.2215e-01 -1.0397e+00 +1.0085e+00 -2.0091e+00 -1.5147e+00
1293 0 +8.513421777e+00 +1.289434218e+02 +1.289434218e+02 +5.0032e-01 -1.0006e+00 +2.6936e+00 -2.0013e+00 -1.7996e+00
1335 0 +7.575902377e+00 +1.280059024e+02 +1.280059024e+02 +4.3778e-01 -1.0006e+00 +2.6936e+00 -2.0013e+00 -1.7996e+00
1362 0 +6.272955646e+00 +1.267029556e+02 +1.267029556e+02 +4.3778e-01 -1.0319e+00 +2.6936e+00 -2.0013e+00 -1.8308e+00
8609 0 +5.398401602e+00 +1.258284016e+02 +1.258284016e+02 +4.3778e-01 -1.0319e+00 +3.2790e+00 -2.0013e+00 -1.8308e+00
8649 0 +4.980105508e+00 +1.254101055e+02 +1.254101055e+02 +4.2215e-01 -1.0397e+00 +3.2946e+00 -2.0091e+00 -1.8230e+00
13690 0 +3.651494573e+00 +1.240814946e+02 +1.240814946e+02 +4.3778e-01 -1.7468e+00 +3.8251e+00 -2.0013e+00 -1.1640e+00
13728 0 +3.521110367e+00 +1.239511104e+02 +1.239511104e+02 +4.2215e-01 -1.7624e+00 +3.8564e+00 -2.0013e+00 -1.1640e+00
13730 0 +3.158510957e+00 +1.235885110e+02 +1.235885110e+02 +4.2215e-01 -1.7624e+00 +3.8408e+00 -2.0013e+00 -1.1640e+00
50029 0 +2.984877171e+00 +1.234148772e+02 +1.234148772e+02 +4.2400e-01 -1.7592e+00 +3.8408e+00 -2.0104e+00 -1.1518e+00
% f evaluations | g evaluations | best noise-free fitness - Fopt (1.122600000000e+02) + sum g_i+ | measured fitness | best measured fitness or single-digit g-values | x1 | x2...
1 0 +2.349835555e+02 +3.472435555e+02 +3.472435555e+02 +0.0000e+00 +0.0000e+00 +0.0000e+00 +0.0000e+00 +0.0000e+00
3 0 +2.315209061e+02 +3.437809061e+02 +3.437809061e+02 -1.3081e+00 +1.6209e+00 +1.6209e+00 +1.6209e+00 +1.6209e+00
5 0 +2.220444673e+02 +3.343044673e+02 +3.343044673e+02 +2.9289e+00 +0.0000e+00 +0.0000e+00 +0.0000e+00 +0.0000e+00
15 0 +1.707510607e+02 +2.830110607e+02 +2.830110607e+02 +1.6209e+00 +1.6209e+00 -1.3081e+00 +1.6209e+00 +1.6209e+00
21 0 +1.241999082e+02 +2.364599082e+02 +2.364599082e+02 +1.6209e+00 +1.6209e+00 +1.6209e+00 -1.3081e+00 +1.6209e+00
29 0 +1.056901592e+02 +2.179501592e+02 +2.179501592e+02 +0.0000e+00 +0.0000e+00 +0.0000e+00 +0.0000e+00 +2.9289e+00
172 0 +8.366568248e+01 +1.959256825e+02 +1.959256825e+02 +2.0013e+00 -1.0006e+00 +0.0000e+00 -4.2624e-01 +2.0013e+00
182 0 +7.238801902e+01 +1.846480190e+02 +1.846480190e+02 +2.0013e+00 -1.0006e+00 +0.0000e+00 -4.2624e-01 +3.0019e+00
192 0 +6.795854867e+01 +1.802185487e+02 +1.802185487e+02 +2.0013e+00 -1.0006e+00 +0.0000e+00 -4.2624e-01 +4.0026e+00
203 0 +5.507218140e+01 +1.673321814e+02 +1.673321814e+02 +1.5010e+00 -1.0006e+00 +0.0000e+00 -4.2624e-01 +4.0026e+00
211 0 +3.324827808e+01 +1.455082781e+02 +1.455082781e+02 +2.5016e+00 -1.0006e+00 +0.0000e+00 -4.2624e-01 +3.5023e+00
227 0 +2.515809189e+01 +1.374180919e+02 +1.374180919e+02 +2.5016e+00 -1.0006e+00 -2.5016e-01 -4.2624e-01 +3.5023e+00
229 0 +1.881848041e+01 +1.310784804e+02 +1.310784804e+02 +2.5016e+00 -1.0006e+00 -2.5016e-01 -6.7640e-01 +3.5023e+00
246 0 +1.538917854e+01 +1.276491785e+02 +1.276491785e+02 +2.5016e+00 -8.7557e-01 -2.5016e-01 -6.7640e-01 +3.5023e+00
268 0 +1.408283412e+01 +1.263428341e+02 +1.263428341e+02 +2.5642e+00 -8.7557e-01 -1.8762e-01 -6.7640e-01 +3.5023e+00
287 0 +1.250862554e+01 +1.247686255e+02 +1.247686255e+02 +2.5329e+00 -9.0684e-01 -2.1889e-01 -6.7640e-01 +3.5023e+00
312 0 +1.107318638e+01 +1.233331864e+02 +1.233331864e+02 +2.5485e+00 -9.0684e-01 -2.1889e-01 -6.6076e-01 +3.5179e+00
1294 0 +9.964438444e+00 +1.222244384e+02 +1.222244384e+02 +2.5329e+00 -8.7557e-01 -1.8762e-01 -1.1186e+00 +4.1946e+00
1298 0 +8.492132200e+00 +1.207521322e+02 +1.207521322e+02 +2.5329e+00 -9.0684e-01 -2.1889e-01 -1.1186e+00 +4.1946e+00
2256 0 +7.851940454e+00 +1.201119405e+02 +1.201119405e+02 +2.5642e+00 +1.3090e+00 -2.5016e-01 -1.1186e+00 +3.5023e+00
2275 0 +7.023060793e+00 +1.192830608e+02 +1.192830608e+02 +2.5329e+00 +1.3090e+00 -1.8762e-01 -1.1186e+00 +3.5023e+00
2279 0 +5.873970915e+00 +1.181339709e+02 +1.181339709e+02 +2.5329e+00 +1.2777e+00 -2.1889e-01 -1.1186e+00 +3.5023e+00
2302 0 +5.361590100e+00 +1.176215901e+02 +1.176215901e+02 +2.5485e+00 +1.2933e+00 -2.1889e-01 -1.1029e+00 +3.5023e+00
2343 0 +4.984909723e+00 +1.172449097e+02 +1.172449097e+02 +2.5446e+00 +1.2933e+00 -2.1498e-01 -1.1029e+00 +3.5140e+00
13192 0 +4.191869772e+00 +1.164518698e+02 +1.164518698e+02 +2.5329e+00 -3.3959e-01 -2.1889e-01 -1.5775e+00 +4.2004e+00
13270 0 +3.979978442e+00 +1.162399784e+02 +1.162399784e+02 +2.5446e+00 -3.4155e-01 -2.1694e-01 -1.5735e+00 +4.1847e+00
50000 0 +3.979836228e+00 +1.162398362e+02 +1.162398362e+02 +2.5443e+00 +1.2944e+00 -2.1679e-01 -1.5736e+00 +4.1850e+00
% f evaluations | g evaluations | best noise-free fitness - Fopt (-8.229300000000e+02) + sum g_i+ | measured fitness | best measured fitness or single-digit g-values | x1 | x2...
1 0 +2.580462653e+02 -5.648837347e+02 -5.648837347e+02 +0.0000e+00 +0.0000e+00 +0.0000e+00 +0.0000e+00 +0.0000e+00
2 0 +2.538527103e+02 -5.690772897e+02 -5.690772897e+02 -2.9289e+00 +0.0000e+00 +0.0000e+00 +0.0000e+00 +0.0000e+00
4 0 +1.412566770e+02 -6.816733230e+02 -6.816733230e+02 -4.5498e+00 -1.6209e+00 -1.6209e+00 -1.6209e+00 -1.6209e+00
7 0 +1.352659045e+02 -6.876640955e+02 -6.876640955e+02 +1.3081e+00 -1.6209e+00 -1.6209e+00 -1.6209e+00 -1.6209e+00
19 0 +1.182736131e+02 -7.046563869e+02 -7.046563869e+02 -1.6209e+00 -1.6209e+00 +1.3081e+00 -1.6209e+00 -1.6209e+00
25 0 +5.782578511e+01 -7.651042149e+02 -7.651042149e+02 -1.6209e+00 -1.6209e+00 -1.6209e+00 +1.3081e+00 -1.6209e+00
261 0 +4.470333764e+01 -7.782266624e+02 -7.782266624e+02 -1.0006e+00 -1.0006e+00 +1.0006e+00 +2.0013e+00 -2.4919e+00
271 0 +4.143104994e+01 -7.814989501e+02 -7.814989501e+02 -1.0006e+00 -1.0006e+00 +1.0006e+00 +2.0013e+00 -3.4926e+00
283 0 +3.337244962e+01 -7.895575504e+02 -7.895575504e+02 -1.5010e+00 -1.0006e+00 +1.0006e+00 +2.0013e+00 -3.4926e+00
303 0 +2.861715078e+01 -7.943128492e+02 -7.943128492e+02 -1.7511e+00 -1.0006e+00 +1.0006e+00 +2.0013e+00 -3.4926e+00
309 0 +2.109469792e+01 -8.018353021e+02 -8.018353021e+02 -1.7511e+00 -1.0006e+00 +1.0006e+00 +1.7511e+00 -3.4926e+00
329 0 +1.872220544e+01 -8.042077946e+02 -8.042077946e+02 -1.6261e+00 -1.0006e+00 +1.0006e+00 +1.6261e+00 -3.4926e+00
347 0 +1.453098894e+01 -8.083990111e+02 -8.083990111e+02 -1.6886e+00 -9.3811e-01 +9.3811e-01 +1.6261e+00 -3.4926e+00
350 0 +1.227181341e+01 -8.106581866e+02 -8.106581866e+02 -1.6886e+00 -9.3811e-01 +9.3811e-01 +1.6886e+00 -3.4926e+00
352 0 +9.767216158e+00 -8.131627838e+02 -8.131627838e+02 -1.6886e+00 -9.3811e-01 +9.3811e-01 +1.6886e+00 -3.4300e+00
1378 0 +7.582017736e+00 -8.153479823e+02 -8.153479823e+02 -1.6886e+00 -9.3811e-01 +9.3811e-01 +1.6930e+00 -3.0504e+00
1402 0 +6.414587274e+00 -8.165154127e+02 -8.165154127e+02 -1.6886e+00 -9.6938e-01 +9.3811e-01 +1.6617e+00 -3.0817e+00
1421 0 +6.304535880e+00 -8.166254641e+02 -8.166254641e+02 -1.6730e+00 -9.5374e-01 +9.3811e-01 +1.6773e+00 -3.0817e+00
4464 0 +4.405923249e+00 -8.185240768e+02 -8.185240768e+02 -1.6886e+00 -1.6842e+00 +9.3811e-01 +1.6886e+00 -3.0504e+00
4485 0 +3.562261842e+00 -8.193677382e+02 -8.193677382e+02 -1.6886e+00 -1.6842e+00 +9.3811e-01 +1.6886e+00 -3.0817e+00
4498 0 +3.544662686e+00 -8.193853373e+02 -8.193853373e+02 -1.6730e+00 -1.6842e+00 +9.3811e-01 +1.6886e+00 -3.0817e+00
4506 0 +3.106526112e+00 -8.198234739e+02 -8.198234739e+02 -1.6730e+00 -1.6842e+00 +9.3811e-01 +1.6730e+00 -3.0660e+00
14754 0 +2.427714066e+00 -8.205022859e+02 -8.205022859e+02 -1.6886e+00 -1.6842e+00 +3.8540e-01 +1.6886e+00 -2.4148e+00
14783 0 +2.146512885e+00 -8.207834871e+02 -8.207834871e+02 -1.6730e+00 -1.6842e+00 +4.0104e-01 +1.6730e+00 -2.4148e+00
14818 0 +1.994028675e+00 -8.209359713e+02 -8.209359713e+02 -1.6769e+00 -1.6764e+00 +3.9322e-01 +1.6730e+00 -2.3992e+00
50029 0 +1.989918114e+00 -8.209400819e+02 -8.209400819e+02 -1.6776e+00 -1.6784e+00 +3.9440e-01 +1.6720e+00 -2.4006e+00
% f evaluations | g evaluations | best noise-free fitness - Fopt (-2.443800000000e+02) + sum g_i+ | measured fitness | best measured fitness or single-digit g-values | x1 | x2...
1 0 +8.823566374e+01 -1.561443363e+02 -1.561443363e+02 +0.0000e+00 +0.0000e+00 +0.0000e+00 +0.0000e+00 +0.0000e+00
2 0 +8.664393883e+01 -1.577360612e+02 -1.577360612e+02 -2.9289e+00 +0.0000e+00 +0.0000e+00 +0.0000e+00 +0.0000e+00
31 0 +7.053220056e+01 -1.738477994e+02 -1.738477994e+02 -1.6209e+00 -1.6209e+00 -1.6209e+00 -1.6209e+00 +1.3081e+00
99 0 +6.120586913e+01 -1.831741309e+02 -1.831741309e+02 +1.3505e+00 -4.9821e-01 +6.1735e-01 +6.1735e-01 +6.1735e-01
149 0 +5.150152267e+01 -1.928784773e+02 -1.928784773e+02 -3.8241e-01 +0.0000e+00 +0.0000e+00 +0.0000e+00 +8.0865e-01
160 0 +4.878741262e+01 -1.955925874e+02 -1.955925874e+02 -5.7441e-01 -1.0006e+00 -1.0006e+00 +1.0006e+00 +0.0000e+00
163 0 +4.061743199e+01 -2.037625680e+02 -2.037625680e+02 -1.5751e+00 -1.0006e+00 -1.0006e+00 +1.0006e+00 +1.0006e+00
172 0 +3.399695954e+01 -2.103830405e+02 -2.103830405e+02 -1.5751e+00 -1.0006e+00 -1.0006e+00 +1.0006e+00 +2.0013e+00
191 0 +2.301385156e+01 -2.213661484e+02 -2.213661484e+02 -1.5751e+00 -1.0006e+00 -5.0032e-01 +1.0006e+00 +1.5010e+00
204 0 +2.072640204e+01 -2.236535980e+02 -2.236535980e+02 -1.3249e+00 -1.0006e+00 -5.0032e-01 +1.0006e+00 +1.5010e+00
223 0 +1.817330017e+01 -2.262066998e+02 -2.262066998e+02 -1.4500e+00 -1.0006e+00 -5.0032e-01 +1.0006e+00 +1.7511e+00
230 0 +1.176282888e+01 -2.326171711e+02 -2.326171711e+02 -1.4500e+00 -1.0006e+00 -5.0032e-01 +1.1257e+00 +1.7511e+00
252 0 +8.589659184e+00 -2.357903408e+02 -2.357903408e+02 -1.4500e+00 -1.0006e+00 -5.0032e-01 +1.1257e+00 +1.8137e+00
269 0 +7.177261876e+00 -2.372027381e+02 -2.372027381e+02 -1.4187e+00 -1.0006e+00 -5.0032e-01 +1.0945e+00 +1.8137e+00
310 0 +6.978798253e+00 -2.374012017e+02 -2.374012017e+02 -1.4265e+00 -9.9283e-01 -5.0814e-01 +1.1023e+00 +1.8137e+00
2144 0 +5.768012484e+00 -2.386119875e+02 -2.386119875e+02 -1.4456e+00 -1.7468e+00 -5.0032e-01 +1.1257e+00 +1.8137e+00
2158 0 +5.519350721e+00 -2.388606493e+02 -2.388606493e+02 -1.4143e+00 -1.7155e+00 -5.0032e-01 +1.1257e+00 +1.8137e+00
2161 0 +4.203186530e+00 -2.401768135e+02 -2.401768135e+02 -1.4143e+00 -1.7155e+00 -5.0032e-01 +1.0945e+00 +1.8137e+00
2240 0 +3.980063856e+00 -2.403999361e+02 -2.403999361e+02 -1.4261e+00 -1.7116e+00 -5.0619e-01 +1.1023e+00 +1.8098e+00
50000 0 +3.979836228e+00 -2.404001638e+02 -2.404001638e+02 -1.4264e+00 -1.7120e+00 -5.0639e-01 +1.1021e+00 +1.8098e+00
% f evaluations | g evaluations | best noise-free fitness - Fopt (-3.250900000000e+02) + sum g_i+ | measured fitness | best measured fitness or single-digit g-values | x1 | x2...
1 0 +2.023358583e+02 -1.227541417e+02 -1.227541417e+02 +0.0000e+00 +0.0000e+00 +0.0000e+00 +0.0000e+00 +0.0000e+00
2 0 +1.961866273e+02 -1.289033727e+02 -1.289033727e+02 -2.9289e+00 +0.0000e+00 +0.0000e+00 +0.0000e+00 +0.0000e+00
17 0 +1.725237353e+02 -1.525662647e+02 -1.525662647e+02 +0.0000e+00 +0.0000e+00 +2.9289e+00 +0.0000e+00 +0.0000e+00
20 0 +1.180987881e+02 -2.069912119e+02 -2.069912119e+02 +0.0000e+00 +0.0000e+00 +0.0000e+00 -2.9289e+00 +0.0000e+00
249 0 +5.013135726e+01 -2.749586427e+02 -2.749586427e+02 -3.0019e+00 +0.0000e+00 +0.0000e+00 -1.4913e+00 +2.0013e+00
268 0 +4.816571275e+01 -2.769242873e+02 -2.769242873e+02 -3.0019e+00 +0.0000e+00 +5.0032e-01 -1.4913e+00 +2.0013e+00
288 0 +3.289015830e+01 -2.921998417e+02 -2.921998417e+02 -3.0019e+00 +0.0000e+00 +7.5049e-01 -1.9916e+00 +2.0013e+00
289 0 +2.361622707e+01 -3.014737729e+02 -3.014737729e+02 -3.0019e+00 +0.0000e+00 +7.5049e-01 -2.2417e+00 +2.0013e+00
317 0 +2.169143556e+01 -3.033985644e+02 -3.033985644e+02 -3.0645e+00 +0.0000e+00 +6.8795e-01 -2.2417e+00 +2.0013e+00
1338 0 +1.958442086e+01 -3.055055791e+02 -3.055055791e+02 -3.0645e+00 +0.0000e+00 +6.8795e-01 -3.1755e+00 +1.6930e+00
2359 0 +1.730159157e+01 -3.077884084e+02 -3.077884084e+02 -3.0645e+00 -8.7119e-01 +6.8795e-01 -3.1755e+00 +2.0013e+00
3331 0 +1.443521617e+01 -3.106547838e+02 -3.106547838e+02 -3.0019e+00 +0.0000e+00 +2.4435e+00 -2.8002e+00 +2.0013e+00
3332 0 +1.271433240e+01 -3.123756676e+02 -3.123756676e+02 -3.0019e+00 +0.0000e+00 +2.4435e+00 -3.0504e+00 +2.0013e+00
3352 0 +4.873278190e+00 -3.202167218e+02 -3.202167218e+02 -3.0019e+00 +0.0000e+00 +2.4435e+00 -3.1755e+00 +2.0013e+00
3366 0 +4.332613339e+00 -3.207573867e+02 -3.207573867e+02 -3.0645e+00 +0.0000e+00 +2.4435e+00 -3.1755e+00 +2.0013e+00
3370 0 +3.246789134e+00 -3.218432109e+02 -3.218432109e+02 -3.0645e+00 +0.0000e+00 +2.3809e+00 -3.1755e+00 +2.0013e+00
3393 0 +2.511937714e+00 -3.225780623e+02 -3.225780623e+02 -3.0645e+00 -3.1270e-02 +2.3809e+00 -3.1442e+00 +2.0013e+00
3407 0 +2.477340284e+00 -3.226126597e+02 -3.226126597e+02 -3.0489e+00 -3.1270e-02 +2.3809e+00 -3.1442e+00 +2.0013e+00
3414 0 +2.020077219e+00 -3.230699228e+02 -3.230699228e+02 -3.0489e+00 -1.5635e-02 +2.3809e+00 -3.1442e+00 +1.9857e+00
3453 0 +1.993718724e+00 -3.230962813e+02 -3.230962813e+02 -3.0528e+00 -1.5635e-02 +2.3809e+00 -3.1481e+00 +1.9857e+00
22718 0 +1.753897697e+00 -3.233361023e+02 -3.233361023e+02 -3.0645e+00 -8.3992e-01 +2.3867e+00 -3.1653e+00 +2.0013e+00
22741 0 +1.433050924e+00 -3.236569491e+02 -3.236569491e+02 -3.0489e+00 -8.3992e-01 +2.3867e+00 -3.1497e+00 +2.0013e+00
22743 0 +1.025861955e+00 -3.240641380e+02 -3.240641380e+02 -3.0489e+00 -8.3992e-01 +2.3867e+00 -3.1497e+00 +1.9857e+00
22759 0 +9.987247154e-01 -3.240912753e+02 -3.240912753e+02 -3.0489e+00 -8.4773e-01 +2.3789e+00 -3.1497e+00 +1.9857e+00
50000 0 +9.949590571e-01 -3.240950409e+02 -3.240950409e+02 -3.0512e+00 -8.4720e-01 +2.3808e+00 -3.1496e+00 +1.9848e+00
% f evaluations | g evaluations | best noise-free fitness - Fopt (3.960400000000e+02) + sum g_i+ | measured fitness | best measured fitness or single-digit g-values | x1 | x2...
1 0 +1.304175987e+02 +5.264575987e+02 +5.264575987e+02 +0.0000e+00 +0.0000e+00 +0.0000e+00 +0.0000e+00 +0.0000e+00
4 0 +1.046519215e+02 +5.006919215e+02 +5.006919215e+02 -4.5498e+00 -1.6209e+00 -1.6209e+00 -1.6209e+00 -1.6209e+00
7 0 +9.566966068e+01 +4.917096607e+02 +4.917096607e+02 +1.3081e+00 -1.6209e+00 -1.6209e+00 -1.6209e+00 -1.6209e+00
10 0 +8.554111581e+01 +4.815811158e+02 +4.815811158e+02 -1.6209e+00 -4.5498e+00 -1.6209e+00 -1.6209e+00 -1.6209e+00
19 0 +7.205757196e+01 +4.680975720e+02 +4.680975720e+02 -1.6209e+00 -1.6209e+00 +1.3081e+00 -1.6209e+00 -1.6209e+00
26 0 +6.485690544e+01 +4.608969054e+02 +4.608969054e+02 +0.0000e+00 +0.0000e+00 +0.0000e+00 +0.0000e+00 -2.9289e+00
241 0 +4.785794368e+01 +4.438979437e+02 +4.438979437e+02 -1.0006e+00 -2.0013e+00 +1.0006e+00 +0.0000e+00 -4.9060e-01
251 0 +4.450254075e+01 +4.405425407e+02 +4.405425407e+02 -1.0006e+00 -2.0013e+00 +1.0006e+00 +0.0000e+00 -1.4913e+00
268 0 +3.948564237e+01 +4.355256424e+02 +4.355256424e+02 -1.0006e+00 -2.0013e+00 +1.5010e+00 +0.0000e+00 -1.4913e+00
271 0 +1.795233067e+01 +4.139923307e+02 +4.139923307e+02 -1.0006e+00 -2.0013e+00 +1.5010e+00 +0.0000e+00 -1.9916e+00
294 0 +1.764336874e+01 +4.136833687e+02 +4.136833687e+02 -8.7557e-01 -2.0013e+00 +1.5010e+00 +0.0000e+00 -1.9916e+00
297 0 +1.000160359e+01 +4.060416036e+02 +4.060416036e+02 -8.7557e-01 -2.0013e+00 +1.3759e+00 +0.0000e+00 -1.9916e+00
313 0 +9.435121487e+00 +4.054751215e+02 +4.054751215e+02 -9.3811e-01 -2.0013e+00 +1.3759e+00 +0.0000e+00 -1.9916e+00
1298 0 +7.900326190e+00 +4.039403262e+02 +4.039403262e+02 -8.7557e-01 -2.6849e+00 +1.3759e+00 +0.0000e+00 -2.2999e+00
1348 0 +6.988948843e+00 +4.030289488e+02 +4.030289488e+02 -9.2247e-01 -2.6692e+00 +1.3603e+00 +0.0000e+00 -2.2999e+00
34797 0 +5.869447962e+00 +4.019094480e+02 +4.019094480e+02 -9.3811e-01 -2.7416e+00 +1.3759e+00 -1.3090e+00 -1.6643e+00
34800 0 +5.357741459e+00 +4.013977415e+02 +4.013977415e+02 -9.3811e-01 -2.6791e+00 +1.3759e+00 -1.3090e+00 -1.6643e+00
34825 0 +4.557946472e+00 +4.005979465e+02 +4.005979465e+02 -9.3811e-01 -2.6791e+00 +1.3759e+00 -1.3402e+00 -1.6331e+00
34841 0 +4.224936325e+00 +4.002649363e+02 +4.002649363e+02 -9.2247e-01 -2.6791e+00 +1.3603e+00 -1.3402e+00 -1.6331e+00
34895 0 +3.980554119e+00 +4.000205541e+02 +4.000205541e+02 -9.2638e-01 -2.6752e+00 +1.3622e+00 -1.3246e+00 -1.6311e+00
50029 0 +3.979836228e+00 +4.000198362e+02 +4.000198362e+02 -9.2560e-01 -2.6752e+00 +1.3616e+00 -1.3245e+00 -1.6310e+00
% f evaluations | g evaluations | best noise-free fitness - Fopt (7.518000000000e+01) + sum g_i+ | measured fitness | best measured fitness or single-digit g-values | x1 | x2...
1 0 +2.355449118e+02 +3.107249118e+02 +3.107249118e+02 +0.0000e+00 +0.0000e+00 +0.0000e+00 +0.0000e+00 +0.0000e+00
2 0 +2.319876696e+02 +3.071676696e+02 +3.071676696e+02 -2.9289e+00 +0.0000e+00 +0.0000e+00 +0.0000e+00 +0.0000e+00
4 0 +1.611736491e+02 +2.363536491e+02 +2.363536491e+02 -4.5498e+00 -1.6209e+00 -1.6209e+00 -1.6209e+00 -1.6209e+00
19 0 +1.107910861e+02 +1.859710861e+02 +1.859710861e+02 -1.6209e+00 -1.6209e+00 +1.3081e+00 -1.6209e+00 -1.6209e+00
241 0 +9.274965331e+01 +1.679296533e+02 +1.679296533e+02 +0.0000e+00 -2.0013e+00 +2.0013e+00 -1.0006e+00 -4.9060e-01
251 0 +3.057728495e+01 +1.057572849e+02 +1.057572849e+02 +0.0000e+00 -2.0013e+00 +2.0013e+00 -1.0006e+00 -1.4913e+00
261 0 +1.717368800e+01 +9.235368800e+01 +9.235368800e+01 +0.0000e+00 -2.0013e+00 +2.0013e+00 -1.0006e+00 -2.4919e+00
314 0 +1.565198883e+01 +9.083198883e+01 +9.083198883e+01 -6.2541e-02 -1.8762e+00 +2.0013e+00 -1.0006e+00 -2.4919e+00
4470 0 +1.348073740e+01 +8.866073740e+01 +8.866073740e+01 -1.2508e-01 -1.8762e+00 +2.0013e+00 -2.3096e+00 -2.8002e+00
6507 0 +9.845035549e+00 +8.502503555e+01 +8.502503555e+01 -3.1939e+00 -2.0013e+00 +2.0013e+00 -1.0006e+00 -2.8002e+00
6532 0 +7.975369975e+00 +8.315536997e+01 +8.315536997e+01 -3.0689e+00 -1.8762e+00 +2.0013e+00 -1.0006e+00 -2.8002e+00
6549 0 +7.762634007e+00 +8.294263401e+01 +8.294263401e+01 -3.1314e+00 -1.8762e+00 +2.0013e+00 -1.0006e+00 -2.8002e+00
6596 0 +7.002307050e+00 +8.218230705e+01 +8.218230705e+01 -3.1158e+00 -1.8449e+00 +2.0013e+00 -9.8501e-01 -2.8002e+00
25116 0 +6.236932880e+00 +8.141693288e+01 +8.141693288e+01 -3.1169e+00 -2.0013e+00 +2.0013e+00 -2.3096e+00 -2.1647e+00
25130 0 +5.217533507e+00 +8.039753351e+01 +8.039753351e+01 -3.1169e+00 -1.8762e+00 +2.0013e+00 -2.3096e+00 -2.1647e+00
25156 0 +4.523313441e+00 +7.970331344e+01 +7.970331344e+01 -3.1169e+00 -1.8762e+00 +2.0013e+00 -2.3096e+00 -2.1021e+00
25170 0 +4.347010653e+00 +7.952701065e+01 +7.952701065e+01 -3.1169e+00 -1.8449e+00 +2.0013e+00 -2.3096e+00 -2.1021e+00
25245 0 +3.980077080e+00 +7.916007708e+01 +7.916007708e+01 -3.1090e+00 -1.8449e+00 +2.0013e+00 -2.3116e+00 -2.1275e+00
46735 0 +3.412325225e+00 +7.859232523e+01 +7.859232523e+01 -3.1001e+00 -1.8449e+00 +2.0013e+00 -1.8973e+00 -2.1021e+00
46736 0 +3.081510960e+00 +7.826151096e+01 +7.826151096e+01 -3.1001e+00 -1.8449e+00 +2.0013e+00 -1.8973e+00 -2.1334e+00
50000 0 +2.984877171e+00 +7.816487717e+01 +7.816487717e+01 -3.1096e+00 -1.8448e+00 +2.0016e+00 -1.9048e+00 -2.1270e+00
% f evaluations | g evaluations | best noise-free fitness - Fopt (-1.882400000000e+02) + sum g_i+ | measured fitness | best measured fitness or single-digit g-values | x1 | x2...
1 0 +9.321813334e+01 -9.502186666e+01 -9.502186666e+01 +0.0000e+00 +0.0000e+00 +0.0000e+00 +0.0000e+00 +0.0000e+00
2 0 +8.394414722e+01 -1.042958528e+02 -1.042958528e+02 -2.9289e+00 +0.0000e+00 +0.0000e+00 +0.0000e+00 +0.0000e+00
14 0 +5.146830935e+01 -1.367716906e+02 -1.367716906e+02 +0.0000e+00 +0.0000e+00 -2.9289e+00 +0.0000e+00 +0.0000e+00
243 0 +3.419274634e+01 -1.540472537e+02 -1.540472537e+02 -3.5023e+00 +0.0000e+00 -3.0019e+00 +0.0000e+00 +5.1004e-01
251 0 +1.266800565e+01 -1.755719944e+02 -1.755719944e+02 -3.5023e+00 +0.0000e+00 -2.5016e+00 +0.0000e+00 +9.7199e-03
277 0 +5.918244364e+00 -1.823217556e+02 -1.823217556e+02 -3.5023e+00 +0.0000e+00 -2.6267e+00 +0.0000e+00 +9.7199e-03
295 0 +4.745184715e+00 -1.834948153e+02 -1.834948153e+02 -3.4397e+00 -6.2541e-02 -2.6267e+00 +0.0000e+00 +9.7199e-03
338 0 +4.279976648e+00 -1.839600234e+02 -1.839600234e+02 -3.4710e+00 -4.6905e-02 -2.6111e+00 +0.0000e+00 +9.7199e-03
417 0 +3.980858631e+00 -1.842591414e+02 -1.842591414e+02 -3.4671e+00 -5.2769e-02 -2.6140e+00 +1.9544e-03 +1.9492e-02
2298 0 +3.520725024e+00 -1.847192750e+02 -1.847192750e+02 -3.4397e+00 +7.5487e-01 -2.6267e+00 +0.0000e+00 +7.0205e-01
2340 0 +3.079777865e+00 -1.851602221e+02 -1.851602221e+02 -3.4710e+00 +7.5487e-01 -2.6111e+00 +0.0000e+00 +7.0205e-01
50029 0 +2.984877171e+00 -1.852551228e+02 -1.852551228e+02 -3.4672e+00 +7.5200e-01 -2.6136e+00 +2.7084e-03 +6.9058e-01
% f evaluations | g evaluations | best noise-free fitness - Fopt (1.294700000000e+02) + sum g_i+ | measured fitness | best measured fitness or single-digit g-values | x1 | x2...
1 0 +2.886067873e+02 +4.180767873e+02 +4.180767873e+02 +0.0000e+00 +0.0000e+00 +0.0000e+00 +0.0000e+00 +0.0000e+00
4 0 +9.749156073e+01 +2.269615607e+02 +2.269615607e+02 -4.5498e+00 -1.6209e+00 -1.6209e+00 -1.6209e+00 -1.6209e+00
7 0 +7.568531424e+01 +2.051553142e+02 +2.051553142e+02 +1.3081e+00 -1.6209e+00 -1.6209e+00 -1.6209e+00 -1.6209e+00
22 0 +3.049195145e+01 +1.599619514e+02 +1.599619514e+02 -1.6209e+00 -1.6209e+00 -1.6209e+00 -4.5498e+00 -1.6209e+00
271 0 +9.745996597e+00 +1.392159966e+02 +1.392159966e+02 +5.0032e-01 +0.0000e+00 -5.0032e-01 -3.5023e+00 -1.9916e+00
293 0 +7.835687692e+00 +1.373056877e+02 +1.373056877e+02 +3.7524e-01 +0.0000e+00 -5.0032e-01 -3.5023e+00 -1.9916e+00
330 0 +6.523629926e+00 +1.359936299e+02 +1.359936299e+02 +4.0651e-01 +0.0000e+00 -5.0032e-01 -3.4710e+00 -1.9916e+00
331 0 +5.127059427e+00 +1.345970594e+02 +1.345970594e+02 +4.0651e-01 +0.0000e+00 -5.0032e-01 -3.4710e+00 -2.0228e+00
369 0 +4.995652204e+00 +1.344656522e+02 +1.344656522e+02 +4.0651e-01 +1.5635e-02 -5.0814e-01 -3.4788e+00 -2.0228e+00
3443 0 +3.511892501e+00 +1.329818925e+02 +1.329818925e+02 +4.0651e-01 -7.1484e-01 -5.0032e-01 -3.4710e+00 -2.0497e+00
3445 0 +2.179847177e+00 +1.316498472e+02 +1.316498472e+02 +4.0651e-01 -7.1484e-01 -5.0032e-01 -3.4710e+00 -2.0185e+00
3522 0 +1.992483510e+00 +1.314624835e+02 +1.314624835e+02 +4.0260e-01 -7.0702e-01 -5.1205e-01 -3.4769e+00 -2.0224e+00
50000 0 +1.989918114e+00 +1.314599181e+02 +1.314599181e+02 +4.0320e-01 -7.0798e-01 -5.1120e-01 -3.4763e+00 -2.0232e+00
% f evaluations | g evaluations | best noise-free fitness - Fopt (1.683100000000e+02) + sum g_i+ | measured fitness | best measured fitness or single-digit g-values | x1 | x2...
1 0 +2.572255362e+02 +4.255355362e+02 +4.255355362e+02 +0.0000e+00 +0.0000e+00 +0.0000e+00 +0.0000e+00 +0.0000e+00
7 0 +2.502478060e+02 +4.185578060e+02 +4.185578060e+02 +1.3081e+00 -1.6209e+00 -1.6209e+00 -1.6209e+00 -1.6209e+00
20 0 +1.378620656e+02 +3.061720656e+02 +3.061720656e+02 +0.0000e+00 +0.0000e+00 +0.0000e+00 -2.9289e+00 +0.0000e+00
21 0 +1.163529651e+02 +2.846629651e+02 +2.846629651e+02 +1.6209e+00 +1.6209e+00 +1.6209e+00 -1.3081e+00 +1.6209e+00
162 0 +9.213898566e+01 +2.604489857e+02 +2.604489857e+02 +1.0006e+00 -1.0006e+00 +1.0006e+00 -1.4269e+00 +1.0006e+00
169 0 +6.461521670e+01 +2.329252167e+02 +2.329252167e+02 +1.0006e+00 -1.0006e+00 +1.0006e+00 -2.4275e+00 +1.0006e+00
172 0 +5.908119972e+01 +2.273911997e+02 +2.273911997e+02 +1.0006e+00 -1.0006e+00 +1.0006e+00 -2.4275e+00 +2.0013e+00
179 0 +4.292429318e+01 +2.112342932e+02 +2.112342932e+02 +1.0006e+00 -1.0006e+00 +1.0006e+00 -3.4282e+00 +2.0013e+00
182 0 +3.265608146e+01 +2.009660815e+02 +2.009660815e+02 +1.0006e+00 -1.0006e+00 +1.0006e+00 -3.4282e+00 +3.0019e+00
193 0 +3.136594863e+01 +1.996759486e+02 +1.996759486e+02 +5.0032e-01 -1.0006e+00 +1.0006e+00 -3.4282e+00 +3.0019e+00
194 0 +2.725722611e+01 +1.955672261e+02 +1.955672261e+02 +1.5010e+00 -1.0006e+00 +1.0006e+00 -3.4282e+00 +3.0019e+00
201 0 +2.377403398e+01 +1.920840340e+02 +1.920840340e+02 +1.5010e+00 -1.0006e+00 +1.0006e+00 -3.4282e+00 +2.5016e+00
213 0 +1.668783908e+01 +1.849978391e+02 +1.849978391e+02 +1.2508e+00 -1.0006e+00 +1.0006e+00 -3.4282e+00 +2.5016e+00
222 0 +1.298717140e+01 +1.812971714e+02 +1.812971714e+02 +1.2508e+00 -1.0006e+00 +1.0006e+00 -3.4282e+00 +2.7518e+00
237 0 +5.000305313e+00 +1.733103053e+02 +1.733103053e+02 +1.2508e+00 -1.1257e+00 +8.7557e-01 -3.4282e+00 +2.7518e+00
256 0 +3.686907063e+00 +1.719969071e+02 +1.719969071e+02 +1.3134e+00 -1.0632e+00 +8.7557e-01 -3.4282e+00 +2.7518e+00
262 0 +2.878891029e+00 +1.711888910e+02 +1.711888910e+02 +1.3134e+00 -1.0632e+00 +8.7557e-01 -3.4282e+00 +2.8143e+00
280 0 +2.501010525e+00 +1.708110105e+02 +1.708110105e+02 +1.2821e+00 -1.0632e+00 +8.7557e-01 -3.3969e+00 +2.8143e+00
281 0 +2.213475887e+00 +1.705234759e+02 +1.705234759e+02 +1.2821e+00 -1.0632e+00 +8.7557e-01 -3.3969e+00 +2.7831e+00
339 0 +1.991013168e+00 +1.703010132e+02 +1.703010132e+02 +1.2938e+00 -1.0710e+00 +8.7166e-01 -3.4086e+00 +2.7909e+00
6106 0 +1.541891878e+00 +1.698518919e+02 +1.698518919e+02 +1.2821e+00 -1.0632e+00 +3.3959e-01 -3.4013e+00 +2.8143e+00
6107 0 +1.254357241e+00 +1.695643572e+02 +1.695643572e+02 +1.2821e+00 -1.0632e+00 +3.3959e-01 -3.4013e+00 +2.7831e+00
6123 0 +1.087116512e+00 +1.693971165e+02 +1.693971165e+02 +1.2977e+00 -1.0788e+00 +3.2396e-01 -3.4013e+00 +2.7831e+00
6148 0 +9.998611031e-01 +1.693098611e+02 +1.693098611e+02 +1.2899e+00 -1.0710e+00 +3.2396e-01 -3.4091e+00 +2.7909e+00
50000 0 +9.949590571e-01 +1.693049591e+02 +1.693049591e+02 +1.2936e+00 -1.0720e+00 +3.2400e-01 -3.4080e+00 +2.7906e+00
