% f evaluations | g evaluations | best noise-free fitness - Fopt (3.590000000000e+01) + sum g_i+ | measured fitness | best measured fitness or single-digit g-values | x1 | x2...
1 0 +1.102123147e+02 +1.461123147e+02 +1.461123147e+02 +3.0245e+00 +3.4224e+00 -2.0010e+00
2 0 +3.566607386e+01 +7.156607386e+01 +7.156607386e+01 +3.3104e+00 -1.7827e+00 +8.6820e-01
18 0 +3.256625243e+01 +6.846625243e+01 +6.846625243e+01 +2.4910e+00 +1.6147e+00 -4.7900e-03
268 0 +2.669342528e+01 +6.259342528e+01 +6.259342528e+01 +3.1837e+00 -2.4313e+00 +1.5050e+00
272 0 +2.334148108e+01 +5.924148108e+01 +5.924148108e+01 +4.0196e+00 -2.0915e+00 +1.9181e+00
275 0 +1.795107584e+01 +5.385107584e+01 +5.385107584e+01 +4.4609e+00 -1.9381e+00 +2.4228e+00
312 0 +1.003017181e+01 +4.593017181e+01 +4.593017181e+01 +3.3575e+00 +1.4239e+00 +1.6463e+00
322 0 +8.304288381e+00 +4.420428838e+01 +4.420428838e+01 +2.6118e+00 +1.2131e+00 +1.3402e+00
335 0 +1.836071470e+00 +3.773607147e+01 +3.773607147e+01 +3.1782e+00 +6.8840e-01 +2.3390e+00
4810 0 +1.836071470e+00 +3.773607147e+01 +3.773607147e+01 +3.1782e+00 +6.8840e-01 +2.3390e+00
% f evaluations | g evaluations | best noise-free fitness - Fopt (3.137000000000e+01) + sum g_i+ | measured fitness | best measured fitness or single-digit g-values | x1 | x2...
1 0 +2.757498543e+02 +3.071198543e+02 +3.071198543e+02 +3.7550e+00 +4.5114e+00 +2.8140e+00
2 0 +2.158282206e+02 +2.471982206e+02 +2.471982206e+02 +2.8779e+00 +4.6973e+00 +2.2624e+00
3 0 +3.412544962e+01 +6.549544962e+01 +6.549544962e+01 -9.9368e-01 +1.3602e-01 -3.7612e-01
56 0 +2.090635223e+00 +3.346063522e+01 +3.346063522e+01 +2.3956e-01 +1.9227e+00 -3.7747e+00
1469 0 +1.569383297e+00 +3.293938330e+01 +3.293938330e+01 +1.6421e-02 +2.6703e+00 -3.7345e+00
2116 0 +1.357388732e+00 +3.272738873e+01 +3.272738873e+01 +7.5375e-03 +2.5142e+00 -3.7381e+00
5590 0 +1.333899749e+00 +3.270389975e+01 +3.270389975e+01 +1.0085e-03 +2.5005e+00 -3.7438e+00
% f evaluations | g evaluations | best noise-free fitness - Fopt (-1.000000000000e+03) + sum g_i+ | measured fitness | best measured fitness or single-digit g-values | x1 | x2...
1 0 +3.402374843e+05 +3.392374843e+05 +3.392374843e+05 +4.1218e+00 +4.6905e+00 -4.0596e+00
2 0 +1.154428867e+05 +1.144428867e+05 +1.144428867e+05 +3.1439e+00 -4.7400e+00 +2.2083e+00
5 0 +3.280692455e+04 +3.180692455e+04 +3.180692455e+04 -1.9344e+00 -1.0373e+00 +1.7072e+00
15 0 +2.883497906e+04 +2.783497906e+04 +2.783497906e+04 -1.6144e+00 -2.5110e+00 +4.3649e-01
33 0 +2.216568213e+04 +2.116568213e+04 +2.116568213e+04 -3.9007e+00 -5.7994e-01 -9.2451e-01
40 0 +1.205151051e+04 +1.105151051e+04 +1.105151051e+04 +5.3735e-01 -2.8387e+00 +1.6632e+00
53 0 +9.144359032e+03 +8.144359032e+03 +8.144359032e+03 -3.3708e-01 -4.8169e+00 +4.1242e+00
70 0 +5.531339122e+03 +4.531339122e+03 +4.531339122e+03 -8.9645e-02 -3.9716e+00 +2.5334e+00
75 0 +3.259970214e+03 +2.259970214e+03 +2.259970214e+03 -4.9615e+00 -2.3202e+00 +8.0179e-01
86 0 +2.330120246e+01 -9.766987975e+02 -9.766987975e+02 -3.6069e+00 -3.6540e+00 +2.5908e+00
89 0 +1.248757187e+01 -9.875124281e+02 -9.875124281e+02 -2.7929e+00 -4.3433e+00 +4.8553e+00
100 0 +1.248757187e+01 -9.875124281e+02 -9.875124281e+02 -2.7929e+00 -4.3433e+00 +4.8553e+00
% f evaluations | g evaluations | best noise-free fitness - Fopt (1.319200000000e+02) + sum g_i+ | measured fitness | best measured fitness or single-digit g-values | x1 | x2...
1 0 +3.104241693e+05 +3.105560893e+05 +3.105560893e+05 -3.2512e+00 +3.2462e+00 +2.7301e+00
2 0 +6.171921127e+04 +6.185113127e+04 +6.185113127e+04 -2.0245e+00 +9.5467e-01 -6.5095e-01
7 0 +1.611524823e+04 +1.624716823e+04 +1.624716823e+04 +9.7985e-01 -1.8913e+00 -2.2906e+00
8 0 +2.279096937e+02 +3.598296937e+02 +3.598296937e+02 +3.3217e+00 -1.0066e-01 -2.8088e+00
18 0 +1.702768581e+02 +3.021968581e+02 +3.021968581e+02 +3.0893e+00 +1.7082e+00 -3.4307e+00
23 0 +5.624871178e+01 +1.881687118e+02 +1.881687118e+02 -3.0215e+00 -8.2145e-01 -4.5403e+00
43 0 +1.007123751e+01 +1.419912375e+02 +1.419912375e+02 -4.0196e+00 +2.1935e-01 -4.5352e+00
176 0 +6.320922314e+00 +1.382409223e+02 +1.382409223e+02 -3.7057e+00 +8.8343e-01 -4.5216e+00
5800 0 +6.320922314e+00 +1.382409223e+02 +1.382409223e+02 -3.7057e+00 +8.8343e-01 -4.5216e+00
% f evaluations | g evaluations | best noise-free fitness - Fopt (5.908400000000e+02) + sum g_i+ | measured fitness | best measured fitness or single-digit g-values | x1 | x2...
1 0 +2.210248553e+02 +8.118648553e+02 +8.118648553e+02 +8.7758e-01 -4.8998e+00 -9.7704e-01
2 0 +1.213597580e+02 +7.121997580e+02 +7.121997580e+02 +4.0821e+00 -2.5915e+00 +3.8875e+00
5 0 +2.880050116e+01 +6.196405012e+02 +6.196405012e+02 +3.9564e+00 -4.8901e+00 -1.2279e+00
82 0 +2.246552567e+01 +6.133055257e+02 +6.133055257e+02 +2.5553e+00 -4.9904e+00 -1.6170e+00
131 0 +6.121165859e+00 +5.969611659e+02 +5.969611659e+02 +2.5031e+00 -4.7589e+00 -3.2318e+00
135 0 +2.185754466e+00 +5.930257545e+02 +5.930257545e+02 +2.0171e+00 -3.3722e+00 -2.8532e+00
7120 0 +2.185754466e+00 +5.930257545e+02 +5.930257545e+02 +2.0171e+00 -3.3722e+00 -2.8532e+00
% f evaluations | g evaluations | best noise-free fitness - Fopt (-1.330000000000e+00) + sum g_i+ | measured fitness | best measured fitness or single-digit g-values | x1 | x2...
1 0 +1.905203486e+04 +1.905070486e+04 +1.905070486e+04 -1.2898e+00 -2.8566e-01 +1.8840e+00
13 0 +1.031549677e+01 +8.985496767e+00 +8.985496767e+00 -3.4959e+00 +1.3859e+00 +4.7728e+00
305 0 +9.809633424e+00 +8.479633424e+00 +8.479633424e+00 -3.7743e+00 +1.4014e+00 +4.8048e+00
462 0 +6.637621095e+00 +5.307621095e+00 +5.307621095e+00 -3.6604e+00 +1.4142e+00 +4.3712e+00
467 0 +4.624556642e+00 +3.294556642e+00 +3.294556642e+00 -2.6478e+00 +1.8050e+00 +4.0733e+00
483 0 +2.743279222e+00 +1.413279222e+00 +1.413279222e+00 -3.9923e+00 +1.4824e+00 +3.4943e+00
611 0 +2.052249076e+00 +7.222490761e-01 +7.222490761e-01 -3.5375e+00 +1.2231e+00 +2.7179e+00
649 0 +1.841115509e+00 +5.111155094e-01 +5.111155094e-01 -3.7512e+00 +1.4252e+00 +3.1979e+00
692 0 +2.703764200e-01 -1.059623580e+00 -1.059623580e+00 -3.2281e+00 +1.9177e+00 +3.4488e+00
1090 0 +2.703764200e-01 -1.059623580e+00 -1.059623580e+00 -3.2281e+00 +1.9177e+00 +3.4488e+00
% f evaluations | g evaluations | best noise-free fitness - Fopt (1.460000000000e+01) + sum g_i+ | measured fitness | best measured fitness or single-digit g-values | x1 | x2...
1 0 +1.880654903e+05 +1.880800903e+05 +1.880800903e+05 -3.2978e+00 +3.7407e+00 -2.9306e-01
3 0 +1.055690695e+02 +1.201690695e+02 +1.201690695e+02 -3.0846e+00 -4.9067e+00 +3.0256e+00
6 0 +2.860720327e+01 +4.320720327e+01 +4.320720327e+01 -1.1640e-01 -4.9904e+00 +2.0255e+00
78 0 +2.546415602e+01 +4.006415602e+01 +4.006415602e+01 -3.7702e+00 -2.7666e+00 -1.6064e+00
116 0 +1.332591552e+01 +2.792591552e+01 +2.792591552e+01 -1.5806e+00 -3.4737e+00 -2.2006e-01
222 0 +1.178106027e+01 +2.638106027e+01 +2.638106027e+01 -4.0979e-01 -3.4490e+00 +1.6619e+00
388 0 +4.446659266e+00 +1.904665927e+01 +1.904665927e+01 -3.8803e-01 -2.6209e+00 +1.7460e+00
447 0 +2.197447294e+00 +1.679744729e+01 +1.679744729e+01 -3.7021e-01 -2.2271e+00 +1.6614e+00
4990 0 +2.197447294e+00 +1.679744729e+01 +1.679744729e+01 -3.7021e-01 -2.2271e+00 +1.6614e+00
% f evaluations | g evaluations | best noise-free fitness - Fopt (-2.233600000000e+02) + sum g_i+ | measured fitness | best measured fitness or single-digit g-values | x1 | x2...
1 0 +2.304061945e+05 +2.301828345e+05 +2.301828345e+05 -1.7515e+00 -6.4395e-01 -4.6783e+00
2 0 +1.200650063e+05 +1.198416463e+05 +1.198416463e+05 -4.9415e+00 -2.4283e+00 +1.7689e+00
3 0 +6.264129710e+04 +6.241793710e+04 +6.241793710e+04 -2.8776e+00 -2.0156e+00 +1.0719e+00
6 0 +3.703628587e+04 +3.681292587e+04 +3.681292587e+04 -4.2647e+00 -1.6445e+00 -1.6942e+00
20 0 +3.410185929e+04 +3.387849929e+04 +3.387849929e+04 -1.8693e+00 -8.0469e-01 +1.6044e+00
74 0 +2.091199563e+01 -2.024480044e+02 -2.024480044e+02 -4.8618e+00 +3.0412e+00 -7.6609e-01
162 0 +3.571334583e-01 -2.230028665e+02 -2.230028665e+02 -4.2630e+00 +3.1594e-01 -5.1435e-01
9820 0 +3.571334583e-01 -2.230028665e+02 -2.230028665e+02 -4.2630e+00 +3.1594e-01 -5.1435e-01
% f evaluations | g evaluations | best noise-free fitness - Fopt (4.846300000000e+02) + sum g_i+ | measured fitness | best measured fitness or single-digit g-values | x1 | x2...
1 0 +6.813019076e+04 +6.861482076e+04 +6.861482076e+04 +4.6714e+00 +3.3370e+00 +1.9168e+00
2 0 +8.819029392e+01 +5.728202939e+02 +5.728202939e+02 +2.1844e+00 +8.0850e-01 +1.6931e+00
17 0 +6.976144852e+01 +5.543914485e+02 +5.543914485e+02 -2.9440e-01 +6.9641e-01 +2.7950e+00
18 0 +4.176062821e+01 +5.263906282e+02 +5.263906282e+02 -4.3538e+00 +4.3656e+00 +2.0112e+00
29 0 +2.490266803e+01 +5.095326680e+02 +5.095326680e+02 -3.9399e+00 +2.8821e+00 +1.1270e+00
76 0 +1.290843063e+01 +4.975384306e+02 +4.975384306e+02 -3.5611e+00 +2.1251e+00 -1.4572e-01
169 0 +1.243406223e+01 +4.970640622e+02 +4.970640622e+02 -3.8419e+00 +3.4720e+00 -2.0352e-01
7570 0 +1.243406223e+01 +4.970640622e+02 +4.970640622e+02 -3.8419e+00 +3.4720e+00 -2.0352e-01
% f evaluations | g evaluations | best noise-free fitness - Fopt (4.112500000000e+02) + sum g_i+ | measured fitness | best measured fitness or single-digit g-values | x1 | x2...
1 0 +3.000867194e+05 +3.004979694e+05 +3.004979694e+05 -2.4989e-01 +2.6995e+00 +4.2743e-01
2 0 +1.620212030e+05 +1.624324530e+05 +1.624324530e+05 -3.1334e+00 +9.3269e-01 +4.6280e-01
7 0 +1.764611370e+04 +1.805736370e+04 +1.805736370e+04 -3.4422e+00 +6.1851e-01 -4.2167e+00
22 0 +1.428050740e+01 +4.255305074e+02 +4.255305074e+02 -3.6134e+00 -1.3593e+00 -4.6223e+00
406 0 +1.245079764e+01 +4.237007976e+02 +4.237007976e+02 -4.8770e+00 -1.5944e+00 -4.8837e+00
581 0 +1.363363881e+00 +4.126133639e+02 +4.126133639e+02 -3.9662e+00 -2.0471e+00 -4.2849e+00
585 0 +8.164707309e-02 +4.113316471e+02 +4.113316471e+02 -3.7518e+00 -2.3681e+00 -4.0248e+00
5260 0 +8.164707309e-02 +4.113316471e+02 +4.113316471e+02 -3.7518e+00 -2.3681e+00 -4.0248e+00
% f evaluations | g evaluations | best noise-free fitness - Fopt (-4.847400000000e+02) + sum g_i+ | measured fitness | best measured fitness or single-digit g-values | x1 | x2...
1 0 +6.755052843e+03 +6.270312843e+03 +6.270312843e+03 -4.5991e+00 +1.8659e+00 -1.5138e+00
3 0 +3.638713546e+03 +3.153973546e+03 +3.153973546e+03 -3.7094e+00 +2.4894e+00 -9.9113e-01
5 0 +1.658039526e+02 -3.189360474e+02 -3.189360474e+02 +3.8569e+00 -6.8090e-02 -4.6101e+00
12 0 +4.876162939e+01 -4.359783706e+02 -4.359783706e+02 +2.5716e+00 +1.7663e+00 +2.5077e+00
37 0 +3.339499939e+01 -4.513450006e+02 -4.513450006e+02 -2.3339e+00 +1.9106e+00 -7.2475e-02
51 0 +2.416828897e+01 -4.605717110e+02 -4.605717110e+02 -1.0051e+00 +7.2278e-01 -4.6719e-02
284 0 +1.894111843e+01 -4.657988816e+02 -4.657988816e+02 -8.5287e-01 +2.5499e+00 +3.4485e+00
512 0 +1.120148745e+01 -4.735385126e+02 -4.735385126e+02 -1.5122e+00 +2.1552e+00 +2.6075e+00
517 0 +8.226820655e+00 -4.765131793e+02 -4.765131793e+02 -1.2202e+00 +1.1203e+00 +1.5813e+00
922 0 +6.888745214e+00 -4.778512548e+02 -4.778512548e+02 -6.1646e-02 +8.6930e-01 +2.4933e+00
1559 0 +2.378017167e+00 -4.823619828e+02 -4.823619828e+02 -1.2761e+00 +1.3288e+00 +3.0058e+00
9820 0 +2.378017167e+00 -4.823619828e+02 -4.823619828e+02 -1.2761e+00 +1.3288e+00 +3.0058e+00
% f evaluations | g evaluations | best noise-free fitness - Fopt (1.731500000000e+02) + sum g_i+ | measured fitness | best measured fitness or single-digit g-values | x1 | x2...
1 0 +3.365330097e+04 +3.382645097e+04 +3.382645097e+04 +2.6389e+00 -6.1829e-01 +2.8672e+00
5 0 +7.305283997e+02 +9.036783997e+02 +9.036783997e+02 +4.4445e+00 +4.1686e+00 +3.1047e+00
52 0 +4.200839614e+00 +1.773508396e+02 +1.773508396e+02 +4.3871e+00 +7.4114e-01 +1.1842e-01
389 0 +2.576578054e+00 +1.757265781e+02 +1.757265781e+02 +3.8499e+00 +9.8703e-01 +1.5966e+00
395 0 +4.622676949e-01 +1.736122677e+02 +1.736122677e+02 +3.7179e+00 +2.4069e-01 +7.7293e-01
5200 0 +4.622676949e-01 +1.736122677e+02 +1.736122677e+02 +3.7179e+00 +2.4069e-01 +7.7293e-01
% f evaluations | g evaluations | best noise-free fitness - Fopt (-5.333000000000e+01) + sum g_i+ | measured fitness | best measured fitness or single-digit g-values | x1 | x2...
1 0 +1.303278476e+05 +1.302745176e+05 +1.302745176e+05 +6.6958e-01 +2.0359e+00 +2.4812e+00
4 0 +2.114187832e+03 +2.060857832e+03 +2.060857832e+03 +2.8869e+00 +2.8864e+00 -1.7712e+00
8 0 +1.463629113e+01 -3.869370887e+01 -3.869370887e+01 +3.8123e+00 +2.5946e+00 -3.5293e+00
47 0 +6.175852222e+00 -4.715414778e+01 -4.715414778e+01 +3.6483e+00 +1.5259e+00 -1.9174e+00
218 0 +3.522068308e+00 -4.980793169e+01 -4.980793169e+01 +4.0718e+00 +7.3563e-01 -2.7272e+00
821 0 +3.007359542e+00 -5.032264046e+01 -5.032264046e+01 +3.7427e+00 +9.3871e-01 -1.4659e+00
4268 0 +2.492355230e+00 -5.083764477e+01 -5.083764477e+01 +3.5203e+00 +1.2147e+00 -2.5968e+00
4384 0 +1.450443375e+00 -5.187955663e+01 -5.187955663e+01 +3.9351e+00 +4.7941e-01 -1.6692e+00
8776 0 +4.103047867e-01 -5.291969521e+01 -5.291969521e+01 +3.5178e+00 +6.2370e-01 -2.0546e+00
9820 0 +4.103047867e-01 -5.291969521e+01 -5.291969521e+01 +3.5178e+00 +6.2370e-01 -2.0546e+00
% f evaluations | g evaluations | best noise-free fitness - Fopt (-5.550000000000e+01) + sum g_i+ | measured fitness | best measured fitness or single-digit g-values | x1 | x2...
1 0 +2.902432686e+03 +2.846932686e+03 +2.846932686e+03 -3.6806e+00 +4.5752e+00 -3.0819e+00
7 0 +1.137297455e+02 +5.822974545e+01 +5.822974545e+01 +9.9381e-02 +3.8529e+00 -4.7796e+00
45 0 +6.692004709e+00 -4.880799529e+01 -4.880799529e+01 +3.4640e+00 +2.1387e+00 -4.0823e+00
403 0 +2.562165491e+00 -5.293783451e+01 -5.293783451e+01 +3.6005e+00 +2.9753e+00 -3.2065e+00
841 0 +6.392431604e-01 -5.486075684e+01 -5.486075684e+01 +3.6725e+00 +3.0182e+00 -2.6999e+00
9820 0 +6.392431604e-01 -5.486075684e+01 -5.486075684e+01 +3.6725e+00 +3.0182e+00 -2.6999e+00
% f evaluations | g evaluations | best noise-free fitness - Fopt (-1.903800000000e+02) + sum g_i+ | measured fitness | best measured fitness or single-digit g-values | x1 | x2...
1 0 +6.192066394e+04 +6.173028394e+04 +6.173028394e+04 -2.8122e+00 +4.4648e+00 -4.0961e+00
2 0 +1.294947943e+02 -6.088520574e+01 -6.088520574e+01 +2.4687e+00 -3.5573e+00 -4.1748e+00
9 0 +1.147639598e+02 -7.561604016e+01 -7.561604016e+01 -8.9935e-02 -2.2778e+00 -4.6457e+00
18 0 +8.079947820e+01 -1.095805218e+02 -1.095805218e+02 -3.8072e+00 -9.7570e-02 -4.9803e+00
54 0 +7.030664440e+01 -1.200733556e+02 -1.200733556e+02 -4.1592e+00 -3.9702e-01 -3.6078e+00
58 0 +6.223659001e+01 -1.281434100e+02 -1.281434100e+02 +2.8209e+00 -1.7295e+00 -3.6117e+00
65 0 +6.859477423e+00 -1.835205226e+02 -1.835205226e+02 +1.1497e+00 +1.0817e+00 -2.9755e+00
392 0 +5.875767882e+00 -1.845042321e+02 -1.845042321e+02 -4.4923e-01 +2.1338e+00 -4.2218e+00
2120 0 +4.094556718e+00 -1.862854433e+02 -1.862854433e+02 -7.9776e-01 +1.8740e+00 -3.7763e+00
3189 0 +3.364691638e+00 -1.870153084e+02 -1.870153084e+02 +8.3061e-02 +1.4404e+00 -2.9685e+00
4001 0 +2.606333124e+00 -1.877736669e+02 -1.877736669e+02 -2.5887e-01 +2.0317e+00 -3.6881e+00
9820 0 +2.606333124e+00 -1.877736669e+02 -1.877736669e+02 -2.5887e-01 +2.0317e+00 -3.6881e+00
