% f evaluations | g evaluations | best noise-free fitness - Fopt (1.000000000000e+03) + sum g_i+ | measured fitness | best measured fitness or single-digit g-values | x1 | x2...
1 0 +7.992635762e+01 +1.079926358e+03 +1.079926358e+03 +0.0000e+00 +0.0000e+00
3 0 +4.999584437e+01 +1.049995844e+03 +1.049995844e+03 -1.9001e+00 +1.2895e+00
7 0 +2.616440873e+01 +1.026164409e+03 +1.026164409e+03 -1.4419e+00 +1.3153e+00
15 0 +1.478648868e+01 +1.014786489e+03 +1.014786489e+03 -1.4320e+00 +1.0277e+00
55 0 +1.181576362e+01 +1.011815764e+03 +1.011815764e+03 -1.5574e+00 +1.8895e+00
1080 0 +9.804819670e+00 +1.009804820e+03 +1.009804820e+03 -3.3103e+00 +2.8494e+00
1092 0 +9.981615548e-01 +1.000998162e+03 +1.000998162e+03 -3.4354e+00 +2.8494e+00
20000 0 +9.949590571e-01 +1.000994959e+03 +1.000994959e+03 -3.4324e+00 +2.8474e+00
% f evaluations | g evaluations | best noise-free fitness - Fopt (7.003000000000e+01) + sum g_i+ | measured fitness | best measured fitness or single-digit g-values | x1 | x2...
1 0 +8.195243526e+01 +1.519824353e+02 +1.519824353e+02 +0.0000e+00 +0.0000e+00
2 0 +1.519214955e+01 +8.522214955e+01 +8.522214955e+01 -2.5466e+00 -1.3049e+00
12 0 +1.341294427e+01 +8.344294427e+01 +8.344294427e+01 -3.4703e+00 -1.9939e+00
276 0 +5.924150378e+00 +7.595415038e+01 +7.595415038e+01 -9.6425e-01 -2.4101e+00
343 0 +2.954315532e+00 +7.298431553e+01 +7.298431553e+01 -7.2627e-01 -2.9318e+00
366 0 +2.095658210e+00 +7.212565821e+01 +7.212565821e+01 -7.2627e-01 -2.8692e+00
367 0 +1.327862115e+00 +7.135786212e+01 +7.135786212e+01 -7.8881e-01 -2.8692e+00
377 0 +1.196586207e+00 +7.122658621e+01 +7.122658621e+01 -7.5754e-01 -2.9005e+00
380 0 +1.102767745e+00 +7.113276774e+01 +7.113276774e+01 -7.2627e-01 -2.9005e+00
399 0 +9.958963456e-01 +7.102589635e+01 +7.102589635e+01 -7.4972e-01 -2.8927e+00
20067 0 +9.949590571e-01 +7.102495906e+01 +7.102495906e+01 -7.4906e-01 -2.8925e+00
% f evaluations | g evaluations | best noise-free fitness - Fopt (-4.822000000000e+01) + sum g_i+ | measured fitness | best measured fitness or single-digit g-values | x1 | x2...
1 0 +5.461267923e+01 +6.392679229e+00 +6.392679229e+00 +0.0000e+00 +0.0000e+00
2 0 +3.830206397e+01 -9.917936027e+00 -9.917936027e+00 -2.5466e+00 -1.3049e+00
3 0 +2.602197652e+01 -2.219802348e+01 -2.219802348e+01 -1.9001e+00 +1.2895e+00
5 0 +5.465290136e+00 -4.275470986e+01 -4.275470986e+01 -2.6677e+00 -6.4628e-01
293 0 +3.004469806e+00 -4.521553019e+01 -4.521553019e+01 -1.7444e+00 -1.2602e-02
322 0 +1.397864123e+00 -4.682213588e+01 -4.682213588e+01 -1.7881e+00 -1.8462e-01
377 0 +1.200284753e+00 -4.701971525e+01 -4.701971525e+01 -2.1544e+00 -4.7173e-01
391 0 +1.001302596e+00 -4.721869740e+01 -4.721869740e+01 -2.1466e+00 -4.7173e-01
401 0 +9.968084286e-01 -4.722319157e+01 -4.722319157e+01 -2.1466e+00 -4.6782e-01
20000 0 +9.949590571e-01 -4.722504094e+01 -4.722504094e+01 -2.1458e+00 -4.6733e-01
% f evaluations | g evaluations | best noise-free fitness - Fopt (2.547000000000e+01) + sum g_i+ | measured fitness | best measured fitness or single-digit g-values | x1 | x2...
1 0 +1.792634651e+02 +2.047334651e+02 +2.047334651e+02 +0.0000e+00 +0.0000e+00
2 0 +3.493633714e+01 +6.040633714e+01 +6.040633714e+01 -2.5466e+00 -1.3049e+00
4 0 +2.124065814e+01 +4.671065814e+01 +4.671065814e+01 -4.4863e+00 -1.0395e+00
388 0 +1.994208106e+01 +4.541208106e+01 +4.541208106e+01 -5.4675e+00 +1.0629e+00
730 0 +7.698478697e+00 +3.316847870e+01 +3.316847870e+01 -3.6621e+00 -1.9972e+00
734 0 +4.825765269e+00 +3.029576527e+01 +3.029576527e+01 -3.6621e+00 -2.9979e+00
741 0 +4.178894714e+00 +2.964889471e+01 +2.964889471e+01 -3.1618e+00 -2.9979e+00
762 0 +2.680099703e+00 +2.815009970e+01 +2.815009970e+01 -3.1305e+00 -3.0292e+00
766 0 +2.063419046e+00 +2.753341905e+01 +2.753341905e+01 -3.1305e+00 -3.0604e+00
778 0 +1.992685799e+00 +2.746268580e+01 +2.746268580e+01 -3.1227e+00 -3.0682e+00
7232 0 +1.389163561e+00 +2.685916356e+01 +2.685916356e+01 -4.5009e+00 -1.3126e+00
7237 0 +1.132594063e+00 +2.660259406e+01 +2.660259406e+01 -4.5165e+00 -1.2969e+00
7240 0 +1.021833386e+00 +2.649183339e+01 +2.649183339e+01 -4.5165e+00 -1.2813e+00
7251 0 +9.956727348e-01 +2.646567273e+01 +2.646567273e+01 -4.5126e+00 -1.2852e+00
10898 0 +5.310417484e-03 +2.547531042e+01 +2.547531042e+01 -3.7848e+00 -1.9145e+00
10917 0 +1.809399340e-03 +2.547180940e+01 +2.547180940e+01 -3.7848e+00 -1.9106e+00
10924 0 +3.965786702e-04 +2.547039658e+01 +2.547039658e+01 -3.7848e+00 -1.9126e+00
10933 0 +1.380688296e-04 +2.547013807e+01 +2.547013807e+01 -3.7848e+00 -1.9116e+00
10938 0 +1.092764006e-04 +2.547010928e+01 +2.547010928e+01 -3.7853e+00 -1.9116e+00
10947 0 +4.539079080e-05 +2.547004539e+01 +2.547004539e+01 -3.7851e+00 -1.9116e+00
10948 0 +3.398266791e-05 +2.547003398e+01 +2.547003398e+01 -3.7851e+00 -1.9119e+00
10951 0 +1.321302789e-05 +2.547001321e+01 +2.547001321e+01 -3.7848e+00 -1.9119e+00
10952 0 +1.052793615e-05 +2.547001053e+01 +2.547001053e+01 -3.7848e+00 -1.9121e+00
10959 0 +5.589605241e-06 +2.547000559e+01 +2.547000559e+01 -3.7847e+00 -1.9121e+00
10966 0 +3.542692440e-06 +2.547000354e+01 +2.547000354e+01 -3.7848e+00 -1.9121e+00
10969 0 +1.304437063e-06 +2.547000130e+01 +2.547000130e+01 -3.7848e+00 -1.9120e+00
10974 0 +3.831440694e-07 +2.547000038e+01 +2.547000038e+01 -3.7848e+00 -1.9120e+00
10977 0 +2.734056714e-07 +2.547000027e+01 +2.547000027e+01 -3.7848e+00 -1.9120e+00
10982 0 +1.082801049e-08 +2.547000001e+01 +2.547000001e+01 -3.7848e+00 -1.9120e+00
10997 0 +6.022453647e-09 +2.547000001e+01 +2.547000001e+01 -3.7848e+00 -1.9120e+00
11058 0 +4.014566457e-13 +2.547000000e+01 +2.547000000e+01 -3.7848e+00 -1.9120e+00
11097 0 +0.000000000e+00 +2.547000000e+01 +2.547000000e+01 -3.7848e+00 -1.9120e+00
20000 0 +0.000000000e+00 +2.547000000e+01 +2.547000000e+01 -3.7848e+00 -1.9120e+00
% f evaluations | g evaluations | best noise-free fitness - Fopt (-1.008100000000e+02) + sum g_i+ | measured fitness | best measured fitness or single-digit g-values | x1 | x2...
1 0 +2.170272634e+01 -7.910727366e+01 -7.910727366e+01 +0.0000e+00 +0.0000e+00
5 0 +1.902832170e+01 -8.178167830e+01 -8.178167830e+01 -2.6677e+00 -6.4628e-01
108 0 +7.572891811e+00 -9.323710819e+01 -9.323710819e+01 -1.1541e-02 +2.1983e-01
115 0 +3.270297070e+00 -9.753970293e+01 -9.753970293e+01 +6.6462e-01 +7.2182e-01
329 0 +3.016839214e+00 -9.779316079e+01 -9.779316079e+01 +2.1187e+00 +8.5983e-01
370 0 +2.793093110e+00 -9.801690689e+01 -9.801690689e+01 +1.2832e+00 +3.0565e-01
372 0 +1.854175831e+00 -9.895582417e+01 -9.895582417e+01 +1.3145e+00 +3.0565e-01
382 0 +1.347196908e+00 -9.946280309e+01 -9.946280309e+01 +1.3301e+00 +3.2128e-01
384 0 +1.194481619e+00 -9.961551838e+01 -9.961551838e+01 +1.3457e+00 +3.2128e-01
388 0 +9.968861765e-01 -9.981311382e+01 -9.981311382e+01 +1.3614e+00 +3.3692e-01
20067 0 +9.949590571e-01 -9.981504094e+01 -9.981504094e+01 +1.3635e+00 +3.3735e-01
% f evaluations | g evaluations | best noise-free fitness - Fopt (1.000000000000e+03) + sum g_i+ | measured fitness | best measured fitness or single-digit g-values | x1 | x2...
1 0 +2.776164822e+01 +1.027761648e+03 +1.027761648e+03 +0.0000e+00 +0.0000e+00
6 0 +1.807262480e+01 +1.018072625e+03 +1.018072625e+03 -2.9449e+00 -8.0841e-01
13 0 +1.582071033e+01 +1.015820710e+03 +1.015820710e+03 -2.0121e+00 -1.1589e-01
329 0 +1.221233274e+01 +1.012212333e+03 +1.012212333e+03 +1.0031e+00 -8.0449e-01
343 0 +6.247455172e+00 +1.006247455e+03 +1.006247455e+03 +6.8880e-03 -5.8130e-01
370 0 +5.386637143e+00 +1.005386637e+03 +1.005386637e+03 -2.4382e-02 -5.5003e-01
375 0 +5.007211648e+00 +1.005007212e+03 +1.005007212e+03 -8.6923e-02 -5.5003e-01
1169 0 +4.385349309e+00 +1.004385349e+03 +1.004385349e+03 -1.2257e-01 -8.5835e-01
1230 0 +3.981050247e+00 +1.003981050e+03 +1.003981050e+03 -1.8805e-01 -8.5151e-01
2909 0 +3.033883738e+00 +1.003033884e+03 +1.003033884e+03 -2.0715e+00 -2.7438e-01
2929 0 +2.715558652e+00 +1.002715559e+03 +1.002715559e+03 -2.1340e+00 -2.7438e-01
2939 0 +7.228952697e-01 +1.000722895e+03 +1.000722895e+03 -2.1028e+00 -3.0565e-01
2942 0 +1.893718489e-01 +1.000189372e+03 +1.000189372e+03 -2.0715e+00 -3.0565e-01
2954 0 +1.743592711e-01 +1.000174359e+03 +1.000174359e+03 -2.0637e+00 -3.0565e-01
2955 0 +4.833958611e-02 +1.000048340e+03 +1.000048340e+03 -2.0637e+00 -3.1347e-01
2958 0 +2.568328250e-02 +1.000025683e+03 +1.000025683e+03 -2.0559e+00 -3.1347e-01
2967 0 +1.399726055e-02 +1.000013997e+03 +1.000013997e+03 -2.0559e+00 -3.1738e-01
2970 0 +2.157468868e-03 +1.000002157e+03 +1.000002157e+03 -2.0519e+00 -3.1738e-01
2974 0 +3.844661167e-04 +1.000000384e+03 +1.000000384e+03 -2.0480e+00 -3.1738e-01
2981 0 +3.365098949e-04 +1.000000337e+03 +1.000000337e+03 -2.0500e+00 -3.1738e-01
2990 0 +5.526812924e-05 +1.000000055e+03 +1.000000055e+03 -2.0490e+00 -3.1738e-01
3003 0 +1.968233767e-05 +1.000000020e+03 +1.000000020e+03 -2.0490e+00 -3.1762e-01
3006 0 +4.920648280e-07 +1.000000000e+03 +1.000000000e+03 -2.0488e+00 -3.1762e-01
3028 0 +1.273369890e-07 +1.000000000e+03 +1.000000000e+03 -2.0488e+00 -3.1761e-01
3029 0 +3.758793810e-08 +1.000000000e+03 +1.000000000e+03 -2.0488e+00 -3.1761e-01
3037 0 +3.053798991e-08 +1.000000000e+03 +1.000000000e+03 -2.0488e+00 -3.1761e-01
3040 0 +2.211584160e-08 +1.000000000e+03 +1.000000000e+03 -2.0488e+00 -3.1760e-01
3041 0 +6.754135029e-09 +1.000000000e+03 +1.000000000e+03 -2.0488e+00 -3.1760e-01
3119 0 +3.410605132e-13 +1.000000000e+03 +1.000000000e+03 -2.0488e+00 -3.1760e-01
3122 0 +0.000000000e+00 +1.000000000e+03 +1.000000000e+03 -2.0488e+00 -3.1760e-01
20067 0 +0.000000000e+00 +1.000000000e+03 +1.000000000e+03 -2.0488e+00 -3.1760e-01
% f evaluations | g evaluations | best noise-free fitness - Fopt (-3.578600000000e+02) + sum g_i+ | measured fitness | best measured fitness or single-digit g-values | x1 | x2...
1 0 +1.514973746e+02 -2.063626254e+02 -2.063626254e+02 +0.0000e+00 +0.0000e+00
19 0 +2.510243086e+01 -3.327575691e+02 -3.327575691e+02 +3.3113e+00 -1.3049e+00
27 0 +2.109308582e+01 -3.367669142e+02 -3.367669142e+02 +3.3055e+00 -9.7915e-01
89 0 +1.645577587e+01 -3.414042241e+02 -3.414042241e+02 +3.9231e+00 -7.5347e-01
117 0 +1.515113807e+01 -3.427088619e+02 -3.427088619e+02 +4.0140e+00 -1.3782e+00
173 0 +1.184496599e+01 -3.460150340e+02 -3.460150340e+02 +3.4695e+00 -2.9846e+00
174 0 +1.052251427e+01 -3.473374857e+02 -3.473374857e+02 +2.1106e+00 -4.2083e+00
241 0 +7.697670513e+00 -3.501623295e+02 -3.501623295e+02 +3.3208e+00 -4.2865e+00
269 0 +4.232144776e+00 -3.536278552e+02 -3.536278552e+02 +2.8147e+00 -2.6404e+00
1140 0 +2.933487942e+00 -3.549265121e+02 -3.549265121e+02 +2.9333e+00 -3.1719e+00
1144 0 +1.695788442e+00 -3.561642116e+02 -3.561642116e+02 +2.9333e+00 -3.1094e+00
1150 0 +5.597177005e-01 -3.573002823e+02 -3.573002823e+02 +2.9646e+00 -3.1094e+00
1152 0 +8.747121002e-02 -3.577725288e+02 -3.577725288e+02 +2.9646e+00 -3.0781e+00
1164 0 +6.977759018e-02 -3.577902224e+02 -3.577902224e+02 +2.9646e+00 -3.0703e+00
1166 0 +3.569551752e-02 -3.578243045e+02 -3.578243045e+02 +2.9724e+00 -3.0703e+00
1168 0 +2.582704969e-03 -3.578574173e+02 -3.578574173e+02 +2.9724e+00 -3.0625e+00
1176 0 +3.450028958e-04 -3.578596550e+02 -3.578596550e+02 +2.9724e+00 -3.0586e+00
1187 0 +1.892901807e-04 -3.578598107e+02 -3.578598107e+02 +2.9724e+00 -3.0595e+00
1193 0 +1.022784850e-04 -3.578598977e+02 -3.578598977e+02 +2.9719e+00 -3.0595e+00
1195 0 +1.293897071e-05 -3.578599871e+02 -3.578599871e+02 +2.9719e+00 -3.0600e+00
1206 0 +4.134440189e-06 -3.578599959e+02 -3.578599959e+02 +2.9720e+00 -3.0600e+00
1208 0 +2.250988302e-06 -3.578599977e+02 -3.578599977e+02 +2.9720e+00 -3.0599e+00
1215 0 +1.649776493e-06 -3.578599984e+02 -3.578599984e+02 +2.9720e+00 -3.0600e+00
1221 0 +1.152142204e-07 -3.578599999e+02 -3.578599999e+02 +2.9720e+00 -3.0600e+00
1223 0 +7.003814062e-08 -3.578599999e+02 -3.578599999e+02 +2.9720e+00 -3.0600e+00
1232 0 +2.216842176e-08 -3.578600000e+02 -3.578600000e+02 +2.9720e+00 -3.0600e+00
1243 0 +5.896481525e-09 -3.578600000e+02 -3.578600000e+02 +2.9720e+00 -3.0600e+00
1287 0 +2.273736754e-13 -3.578600000e+02 -3.578600000e+02 +2.9720e+00 -3.0600e+00
1300 0 +0.000000000e+00 -3.578600000e+02 -3.578600000e+02 +2.9720e+00 -3.0600e+00
20000 0 +0.000000000e+00 -3.578600000e+02 -3.578600000e+02 +2.9720e+00 -3.0600e+00
% f evaluations | g evaluations | best noise-free fitness - Fopt (6.270000000000e+01) + sum g_i+ | measured fitness | best measured fitness or single-digit g-values | x1 | x2...
1 0 +1.483299553e+02 +2.110299553e+02 +2.110299553e+02 +0.0000e+00 +0.0000e+00
2 0 +3.797234084e+01 +1.006723408e+02 +1.006723408e+02 -2.5466e+00 -1.3049e+00
4 0 +2.430271286e+01 +8.700271286e+01 +8.700271286e+01 -4.4863e+00 -1.0395e+00
10 0 +1.997063927e+01 +8.267063927e+01 +8.267063927e+01 -2.5524e+00 -9.7915e-01
782 0 +1.068525389e+01 +7.338525389e+01 +7.338525389e+01 -4.7777e+00 +1.1899e-01
808 0 +9.598796083e+00 +7.229879608e+01 +7.229879608e+01 -4.8089e+00 +1.8153e-01
1554 0 +8.740761545e+00 +7.144076154e+01 +7.144076154e+01 -3.8439e+00 -3.2318e-01
3039 0 +6.335409666e+00 +6.903540967e+01 +6.903540967e+01 -4.0730e+00 -5.3191e-01
3043 0 +5.378647706e+00 +6.807864771e+01 +6.807864771e+01 -4.0730e+00 -5.6318e-01
3083 0 +5.003708845e+00 +6.770370885e+01 +6.770370885e+01 -4.0652e+00 -5.9836e-01
6599 0 +2.736694032e+00 +6.543669403e+01 +6.543669403e+01 -3.5472e+00 -1.2657e+00
6627 0 +2.265112806e+00 +6.496511281e+01 +6.496511281e+01 -3.5315e+00 -1.2813e+00
6630 0 +2.120188468e+00 +6.482018847e+01 +6.482018847e+01 -3.5159e+00 -1.2813e+00
6666 0 +1.994560941e+00 +6.469456094e+01 +6.469456094e+01 -3.5061e+00 -1.2930e+00
10082 0 +1.485114821e+00 +6.418511482e+01 +6.418511482e+01 -2.5296e+00 -3.1297e+00
10089 0 +1.411711785e+00 +6.411171179e+01 +6.411171179e+01 -2.5140e+00 -3.1297e+00
10090 0 +1.197498821e+00 +6.389749882e+01 +6.389749882e+01 -2.5140e+00 -3.1453e+00
10094 0 +1.043806307e+00 +6.374380631e+01 +6.374380631e+01 -2.4983e+00 -3.1610e+00
10113 0 +9.966780351e-01 +6.369667804e+01 +6.369667804e+01 -2.4866e+00 -3.1649e+00
20000 0 +9.949590571e-01 +6.369495906e+01 +6.369495906e+01 -2.4862e+00 -3.1664e+00
% f evaluations | g evaluations | best noise-free fitness - Fopt (5.688000000000e+01) + sum g_i+ | measured fitness | best measured fitness or single-digit g-values | x1 | x2...
1 0 +2.407979648e+02 +2.976779648e+02 +2.976779648e+02 +0.0000e+00 +0.0000e+00
2 0 +7.077289286e+01 +1.276528929e+02 +1.276528929e+02 -2.5466e+00 -1.3049e+00
4 0 +4.392259567e+01 +1.008025957e+02 +1.008025957e+02 -4.4863e+00 -1.0395e+00
38 0 +3.166992609e+01 +8.854992609e+01 +8.854992609e+01 -1.5574e+00 -3.9684e+00
40 0 +2.925718064e+01 +8.613718064e+01 +8.613718064e+01 -1.5922e-02 -3.7373e+00
46 0 +2.020428560e+01 +7.708428560e+01 +7.708428560e+01 -5.4133e-01 -4.9229e+00
347 0 +1.403142565e+01 +7.091142565e+01 +7.091142565e+01 -2.0013e+00 -3.6580e+00
350 0 +1.110180375e+01 +6.798180375e+01 +6.798180375e+01 -2.0013e+00 -2.6574e+00
365 0 +5.948427055e+00 +6.282842706e+01 +6.282842706e+01 -2.0013e+00 -2.7825e+00
376 0 +5.555654569e+00 +6.243565457e+01 +6.243565457e+01 -1.9700e+00 -2.7825e+00
424 0 +5.005746658e+00 +6.188574666e+01 +6.188574666e+01 -1.9348e+00 -2.8645e+00
757 0 +3.418476235e+00 +6.029847624e+01 +6.029847624e+01 -2.3096e+00 -2.8494e+00
787 0 +2.935398165e+00 +5.981539817e+01 +5.981539817e+01 -2.3253e+00 -2.8181e+00
792 0 +2.620887747e+00 +5.950088775e+01 +5.950088775e+01 -2.3409e+00 -2.8025e+00
795 0 +2.414544061e+00 +5.929454406e+01 +5.929454406e+01 -2.3409e+00 -2.7868e+00
799 0 +2.135034029e+00 +5.901503403e+01 +5.901503403e+01 -2.3565e+00 -2.7712e+00
812 0 +1.993066166e+00 +5.887306617e+01 +5.887306617e+01 -2.3800e+00 -2.7634e+00
1183 0 +1.347242109e+00 +5.822724211e+01 +5.822724211e+01 -2.8187e+00 -2.8181e+00
1186 0 +1.185603158e+00 +5.806560316e+01 +5.806560316e+01 -2.7874e+00 -2.8181e+00
1197 0 +1.096895123e+00 +5.797689512e+01 +5.797689512e+01 -2.8031e+00 -2.8025e+00
1226 0 +9.995383138e-01 +5.787953831e+01 +5.787953831e+01 -2.7972e+00 -2.8103e+00
3752 0 +8.595013645e-01 +5.773950136e+01 +5.773950136e+01 -2.1991e+00 -3.5431e+00
3761 0 +3.963524208e-01 +5.727635242e+01 +5.727635242e+01 -2.1991e+00 -3.5744e+00
3768 0 +1.848309875e-01 +5.706483099e+01 +5.706483099e+01 -2.1834e+00 -3.5744e+00
3769 0 +1.269352872e-01 +5.700693529e+01 +5.700693529e+01 -2.1834e+00 -3.5900e+00
3772 0 +6.203403522e-02 +5.694203404e+01 +5.694203404e+01 -2.1678e+00 -3.5900e+00
3780 0 +1.974953665e-02 +5.689974954e+01 +5.689974954e+01 -2.1600e+00 -3.6056e+00
3791 0 +1.624588383e-02 +5.689624588e+01 +5.689624588e+01 -2.1619e+00 -3.6056e+00
3794 0 +1.066527784e-02 +5.689066528e+01 +5.689066528e+01 -2.1619e+00 -3.6037e+00
3799 0 +9.874506507e-03 +5.688987451e+01 +5.688987451e+01 -2.1629e+00 -3.6037e+00
3802 0 +7.878061714e-03 +5.688787806e+01 +5.688787806e+01 -2.1629e+00 -3.6027e+00
3806 0 +7.075802050e-03 +5.688707580e+01 +5.688707580e+01 -2.1629e+00 -3.6017e+00
3807 0 +5.212813017e-03 +5.688521281e+01 +5.688521281e+01 -2.1639e+00 -3.6017e+00
3810 0 +3.759550380e-03 +5.688375955e+01 +5.688375955e+01 -2.1639e+00 -3.6008e+00
3811 0 +2.200167200e-03 +5.688220017e+01 +5.688220017e+01 -2.1649e+00 -3.6008e+00
3815 0 +7.104372548e-04 +5.688071044e+01 +5.688071044e+01 -2.1659e+00 -3.5998e+00
3826 0 +6.299888188e-04 +5.688062999e+01 +5.688062999e+01 -2.1659e+00 -3.5993e+00
3827 0 +2.999835199e-04 +5.688029998e+01 +5.688029998e+01 -2.1663e+00 -3.5993e+00
3838 0 +1.503479512e-04 +5.688015035e+01 +5.688015035e+01 -2.1666e+00 -3.5990e+00
3846 0 +1.062524580e-04 +5.688010625e+01 +5.688010625e+01 -2.1667e+00 -3.5989e+00
3850 0 +9.298417142e-05 +5.688009298e+01 +5.688009298e+01 -2.1667e+00 -3.5988e+00
3851 0 +7.514776991e-05 +5.688007515e+01 +5.688007515e+01 -2.1668e+00 -3.5988e+00
3854 0 +4.580800371e-05 +5.688004581e+01 +5.688004581e+01 -2.1668e+00 -3.5987e+00
3855 0 +3.037204534e-05 +5.688003037e+01 +5.688003037e+01 -2.1670e+00 -3.5987e+00
3858 0 +2.112279493e-05 +5.688002112e+01 +5.688002112e+01 -2.1670e+00 -3.5986e+00
3859 0 +8.244803851e-06 +5.688000824e+01 +5.688000824e+01 -2.1671e+00 -3.5986e+00
3870 0 +5.251872665e-06 +5.688000525e+01 +5.688000525e+01 -2.1671e+00 -3.5985e+00
3871 0 +4.148919722e-06 +5.688000415e+01 +5.688000415e+01 -2.1671e+00 -3.5985e+00
3874 0 +1.727334762e-06 +5.688000173e+01 +5.688000173e+01 -2.1671e+00 -3.5984e+00
3875 0 +1.360180896e-06 +5.688000136e+01 +5.688000136e+01 -2.1672e+00 -3.5984e+00
3878 0 +6.497711311e-07 +5.688000065e+01 +5.688000065e+01 -2.1672e+00 -3.5984e+00
3883 0 +3.202708427e-07 +5.688000032e+01 +5.688000032e+01 -2.1672e+00 -3.5984e+00
3892 0 +2.376611192e-07 +5.688000024e+01 +5.688000024e+01 -2.1672e+00 -3.5984e+00
3893 0 +8.344938607e-08 +5.688000008e+01 +5.688000008e+01 -2.1672e+00 -3.5984e+00
3900 0 +2.801209575e-08 +5.688000003e+01 +5.688000003e+01 -2.1672e+00 -3.5984e+00
3909 0 +2.110988362e-08 +5.688000002e+01 +5.688000002e+01 -2.1672e+00 -3.5984e+00
3912 0 +1.313983944e-08 +5.688000001e+01 +5.688000001e+01 -2.1672e+00 -3.5984e+00
3913 0 +8.330218293e-09 +5.688000001e+01 +5.688000001e+01 -2.1672e+00 -3.5984e+00
3952 0 +7.815970093e-13 +5.688000000e+01 +5.688000000e+01 -2.1672e+00 -3.5984e+00
4855 0 +0.000000000e+00 +5.688000000e+01 +5.688000000e+01 -2.1672e+00 -3.5984e+00
20000 0 +0.000000000e+00 +5.688000000e+01 +5.688000000e+01 -2.1672e+00 -3.5984e+00
% f evaluations | g evaluations | best noise-free fitness - Fopt (1.620800000000e+02) + sum g_i+ | measured fitness | best measured fitness or single-digit g-values | x1 | x2...
1 0 +2.039225411e+01 +1.824722541e+02 +1.824722541e+02 +0.0000e+00 +0.0000e+00
7 0 +1.543004515e+01 +1.775100452e+02 +1.775100452e+02 -1.4419e+00 +1.3153e+00
10 0 +8.273409837e+00 +1.703534098e+02 +1.703534098e+02 -2.5524e+00 -9.7915e-01
11 0 +7.116437261e+00 +1.691964373e+02 +1.691964373e+02 -1.3913e+00 -8.7389e-02
151 0 +6.465441001e+00 +1.685454410e+02 +1.685454410e+02 +5.3375e-02 +5.3997e-01
217 0 +3.656866146e+00 +1.657368661e+02 +1.657368661e+02 -1.4995e+00 -4.4141e-02
269 0 +1.766992269e+00 +1.638469923e+02 +1.638469923e+02 -8.4736e-01 +1.0217e+00
1768 0 +1.561110992e+00 +1.636411110e+02 +1.636411110e+02 -1.8800e+00 +1.6073e-01
1772 0 +1.299607171e+00 +1.633796072e+02 +1.633796072e+02 -1.9113e+00 +1.2946e-01
1774 0 +1.170002713e+00 +1.632500027e+02 +1.632500027e+02 -1.9425e+00 +1.2946e-01
1783 0 +1.018179100e+00 +1.630981791e+02 +1.630981791e+02 -1.9269e+00 +1.2946e-01
1811 0 +9.974309469e-01 +1.630774309e+02 +1.630774309e+02 -1.9249e+00 +1.3337e-01
8006 0 +2.303640871e-01 +1.623103641e+02 +1.623103641e+02 -1.1184e+00 +5.3833e-01
8036 0 +2.071433947e-01 +1.622871434e+02 +1.622871434e+02 -1.1262e+00 +5.3833e-01
8038 0 +1.574563175e-01 +1.622374563e+02 +1.622374563e+02 -1.1262e+00 +5.3052e-01
8040 0 +8.509519340e-02 +1.621650952e+02 +1.621650952e+02 -1.1340e+00 +5.3052e-01
8042 0 +7.360312219e-02 +1.621536031e+02 +1.621536031e+02 -1.1340e+00 +5.2270e-01
8044 0 +1.784343445e-02 +1.620978434e+02 +1.620978434e+02 -1.1418e+00 +5.2270e-01
8056 0 +1.765070882e-02 +1.620976507e+02 +1.620976507e+02 -1.1438e+00 +5.2270e-01
8058 0 +7.210862386e-03 +1.620872109e+02 +1.620872109e+02 -1.1438e+00 +5.2075e-01
8064 0 +6.711383413e-03 +1.620867114e+02 +1.620867114e+02 -1.1448e+00 +5.2075e-01
8066 0 +5.374740760e-03 +1.620853747e+02 +1.620853747e+02 -1.1448e+00 +5.1977e-01
8068 0 +4.964961887e-03 +1.620849650e+02 +1.620849650e+02 -1.1458e+00 +5.1977e-01
8070 0 +2.533605979e-03 +1.620825336e+02 +1.620825336e+02 -1.1458e+00 +5.1879e-01
8072 0 +1.565020807e-03 +1.620815650e+02 +1.620815650e+02 -1.1467e+00 +5.1879e-01
8076 0 +4.122272693e-04 +1.620804122e+02 +1.620804122e+02 -1.1477e+00 +5.1781e-01
8086 0 +3.911197492e-04 +1.620803911e+02 +1.620803911e+02 -1.1477e+00 +5.1732e-01
8088 0 +1.240382991e-04 +1.620801240e+02 +1.620801240e+02 -1.1482e+00 +5.1732e-01
8100 0 +4.161084414e-05 +1.620800416e+02 +1.620800416e+02 -1.1484e+00 +5.1708e-01
8112 0 +3.959349820e-05 +1.620800396e+02 +1.620800396e+02 -1.1485e+00 +5.1708e-01
8114 0 +2.976359724e-05 +1.620800298e+02 +1.620800298e+02 -1.1485e+00 +5.1702e-01
8116 0 +2.359653192e-05 +1.620800236e+02 +1.620800236e+02 -1.1486e+00 +5.1702e-01
8118 0 +1.637543323e-05 +1.620800164e+02 +1.620800164e+02 -1.1486e+00 +5.1696e-01
8120 0 +1.083256984e-05 +1.620800108e+02 +1.620800108e+02 -1.1486e+00 +5.1696e-01
8132 0 +9.458628995e-06 +1.620800095e+02 +1.620800095e+02 -1.1487e+00 +5.1693e-01
8134 0 +6.921592416e-06 +1.620800069e+02 +1.620800069e+02 -1.1487e+00 +5.1690e-01
8136 0 +4.416460882e-06 +1.620800044e+02 +1.620800044e+02 -1.1487e+00 +5.1690e-01
8138 0 +3.826601386e-06 +1.620800038e+02 +1.620800038e+02 -1.1487e+00 +5.1687e-01
8140 0 +2.495035517e-06 +1.620800025e+02 +1.620800025e+02 -1.1487e+00 +5.1687e-01
8150 0 +1.756654513e-06 +1.620800018e+02 +1.620800018e+02 -1.1487e+00 +5.1685e-01
8152 0 +1.216906554e-06 +1.620800012e+02 +1.620800012e+02 -1.1487e+00 +5.1685e-01
8154 0 +8.359879189e-07 +1.620800008e+02 +1.620800008e+02 -1.1487e+00 +5.1684e-01
8156 0 +6.413699225e-07 +1.620800006e+02 +1.620800006e+02 -1.1488e+00 +5.1684e-01
8158 0 +5.319132583e-07 +1.620800005e+02 +1.620800005e+02 -1.1488e+00 +5.1682e-01
8160 0 +2.184976324e-07 +1.620800002e+02 +1.620800002e+02 -1.1488e+00 +5.1682e-01
8170 0 +9.732468698e-08 +1.620800001e+02 +1.620800001e+02 -1.1488e+00 +5.1681e-01
8176 0 +8.207393876e-08 +1.620800001e+02 +1.620800001e+02 -1.1488e+00 +5.1681e-01
8178 0 +6.460112445e-08 +1.620800001e+02 +1.620800001e+02 -1.1488e+00 +5.1681e-01
8180 0 +4.796655162e-08 +1.620800000e+02 +1.620800000e+02 -1.1488e+00 +5.1681e-01
8182 0 +3.037550300e-08 +1.620800000e+02 +1.620800000e+02 -1.1488e+00 +5.1681e-01
8184 0 +1.814436246e-08 +1.620800000e+02 +1.620800000e+02 -1.1488e+00 +5.1681e-01
8194 0 +1.495843094e-08 +1.620800000e+02 +1.620800000e+02 -1.1488e+00 +5.1680e-01
8196 0 +7.020787507e-09 +1.620800000e+02 +1.620800000e+02 -1.1488e+00 +5.1680e-01
8244 0 +1.989519660e-13 +1.620800000e+02 +1.620800000e+02 -1.1488e+00 +5.1680e-01
15294 0 +0.000000000e+00 +1.620800000e+02 +1.620800000e+02 -1.1488e+00 +5.1680e-01
20000 0 +0.000000000e+00 +1.620800000e+02 +1.620800000e+02 -1.1488e+00 +5.1680e-01
% f evaluations | g evaluations | best noise-free fitness - Fopt (-6.182100000000e+02) + sum g_i+ | measured fitness | best measured fitness or single-digit g-values | x1 | x2...
1 0 +3.190209695e+01 -5.863079030e+02 -5.863079030e+02 +0.0000e+00 +0.0000e+00
6 0 +1.446170047e+01 -6.037482995e+02 -6.037482995e+02 -2.9449e+00 -8.0841e-01
21 0 +1.049996376e+01 -6.077100362e+02 -6.077100362e+02 +1.3715e+00 -1.0395e+00
175 0 +5.223080395e+00 -6.129869196e+02 -6.129869196e+02 +1.3727e-01 -1.0727e+00
187 0 +3.162686880e+00 -6.150473131e+02 -6.150473131e+02 +7.4309e-01 -8.7417e-01
289 0 +1.818399972e+00 -6.163916000e+02 -6.163916000e+02 +6.9737e-01 -8.0725e-01
313 0 +1.110003297e+00 -6.170999967e+02 -6.170999967e+02 +1.5261e+00 -1.1787e+00
761 0 +9.968955759e-01 -6.172131044e+02 -6.172131044e+02 +5.2379e-02 -5.2161e-01
4003 0 +2.402628678e-01 -6.179697371e+02 -6.179697371e+02 +8.0865e-01 -8.4808e-01
4024 0 +1.512847787e-01 -6.180587152e+02 -6.180587152e+02 +7.7738e-01 -8.4808e-01
4035 0 +9.223865922e-02 -6.181177613e+02 -6.181177613e+02 +7.7738e-01 -8.3244e-01
4036 0 +6.987916961e-02 -6.181401208e+02 -6.181401208e+02 +7.6174e-01 -8.3244e-01
4046 0 +7.575024404e-03 -6.182024250e+02 -6.182024250e+02 +7.6956e-01 -8.4026e-01
4053 0 +4.974117594e-03 -6.182050259e+02 -6.182050259e+02 +7.7347e-01 -8.4026e-01
4063 0 +1.001642460e-03 -6.182089984e+02 -6.182089984e+02 +7.7347e-01 -8.3831e-01
4064 0 +3.992702739e-05 -6.182099601e+02 -6.182099601e+02 +7.7151e-01 -8.3831e-01
4076 0 +1.675963858e-05 -6.182099832e+02 -6.182099832e+02 +7.7102e-01 -8.3831e-01
4090 0 +9.403916806e-06 -6.182099906e+02 -6.182099906e+02 +7.7102e-01 -8.3843e-01
4093 0 +2.910095759e-06 -6.182099971e+02 -6.182099971e+02 +7.7115e-01 -8.3843e-01
4097 0 +1.616073519e-06 -6.182099984e+02 -6.182099984e+02 +7.7127e-01 -8.3843e-01
4104 0 +1.485687562e-06 -6.182099985e+02 -6.182099985e+02 +7.7121e-01 -8.3843e-01
4115 0 +4.358344086e-08 -6.182100000e+02 -6.182100000e+02 +7.7121e-01 -8.3840e-01
4120 0 +2.476008376e-08 -6.182100000e+02 -6.182100000e+02 +7.7119e-01 -8.3840e-01
4129 0 +1.752505341e-08 -6.182100000e+02 -6.182100000e+02 +7.7120e-01 -8.3840e-01
4138 0 +1.558987606e-09 -6.182100000e+02 -6.182100000e+02 +7.7120e-01 -8.3840e-01
4191 0 +1.136868377e-13 -6.182100000e+02 -6.182100000e+02 +7.7120e-01 -8.3840e-01
4192 0 +0.000000000e+00 -6.182100000e+02 -6.182100000e+02 +7.7120e-01 -8.3840e-01
20067 0 +0.000000000e+00 -6.182100000e+02 -6.182100000e+02 +7.7120e-01 -8.3840e-01
% f evaluations | g evaluations | best noise-free fitness - Fopt (5.232400000000e+02) + sum g_i+ | measured fitness | best measured fitness or single-digit g-values | x1 | x2...
1 0 +9.847062194e+01 +6.217106219e+02 +6.217106219e+02 +0.0000e+00 +0.0000e+00
2 0 +3.160905595e+01 +5.548490560e+02 +5.548490560e+02 -2.5466e+00 -1.3049e+00
5 0 +1.855809353e+01 +5.417980935e+02 +5.417980935e+02 -2.6677e+00 -6.4628e-01
6 0 +1.123100324e+01 +5.344710032e+02 +5.344710032e+02 -2.9449e+00 -8.0841e-01
345 0 +6.260457622e+00 +5.295004576e+02 +5.295004576e+02 -1.0035e+00 -3.6552e+00
348 0 +3.017505202e+00 +5.262575052e+02 +5.262575052e+02 -2.8204e-03 -3.6552e+00
373 0 +2.798896595e+00 +5.260388966e+02 +5.260388966e+02 -2.8204e-03 -3.6865e+00
380 0 +2.213773810e+00 +5.254537738e+02 +5.254537738e+02 +1.2815e-02 -3.6865e+00
408 0 +1.994215829e+00 +5.252342158e+02 +5.252342158e+02 +2.1609e-02 -3.7041e+00
737 0 +1.455946111e+00 +5.246959461e+02 +5.246959461e+02 -1.1329e+00 -3.4632e+00
750 0 +1.182503323e+00 +5.244225033e+02 +5.244225033e+02 -1.1329e+00 -3.4788e+00
754 0 +1.100478247e+00 +5.243404782e+02 +5.243404782e+02 -1.1173e+00 -3.4945e+00
773 0 +9.950197266e-01 +5.242350197e+02 +5.242350197e+02 -1.1056e+00 -3.4945e+00
20000 0 +9.949590571e-01 +5.242349591e+02 +5.242349591e+02 -1.1053e+00 -3.4948e+00
% f evaluations | g evaluations | best noise-free fitness - Fopt (-5.157900000000e+02) + sum g_i+ | measured fitness | best measured fitness or single-digit g-values | x1 | x2...
1 0 +2.742170914e+01 -4.883682909e+02 -4.883682909e+02 +0.0000e+00 +0.0000e+00
5 0 +3.741121322e+00 -5.120488787e+02 -5.120488787e+02 -2.6677e+00 -6.4628e-01
279 0 +2.428333703e+00 -5.133616663e+02 -5.133616663e+02 -1.9371e+00 +5.3384e-02
363 0 +1.497997390e+00 -5.142920026e+02 -5.142920026e+02 -3.4734e+00 -4.3482e-01
372 0 +1.220868678e+00 -5.145691313e+02 -5.145691313e+02 -3.4108e+00 -4.3482e-01
379 0 +1.043697619e+00 -5.147463024e+02 -5.147463024e+02 -3.4421e+00 -4.3482e-01
419 0 +9.999876564e-01 -5.147900123e+02 -5.147900123e+02 -3.4421e+00 -4.4069e-01
3158 0 +5.862638175e-01 -5.152037362e+02 -5.152037362e+02 -2.5876e+00 -1.9482e-01
3165 0 +9.521091468e-02 -5.156947891e+02 -5.156947891e+02 -2.6502e+00 -1.9482e-01
3182 0 +8.684868091e-02 -5.157031513e+02 -5.157031513e+02 -2.6424e+00 -1.9482e-01
3184 0 +2.209093520e-03 -5.157877909e+02 -5.157877909e+02 -2.6424e+00 -1.8701e-01
3195 0 +1.939467542e-03 -5.157880605e+02 -5.157880605e+02 -2.6404e+00 -1.8896e-01
3202 0 +1.700951069e-03 -5.157882990e+02 -5.157882990e+02 -2.6394e+00 -1.8896e-01
3204 0 +3.649689272e-04 -5.157896350e+02 -5.157896350e+02 -2.6394e+00 -1.8798e-01
3205 0 +3.209435999e-05 -5.157899679e+02 -5.157899679e+02 -2.6404e+00 -1.8798e-01
3213 0 +2.060722636e-06 -5.157899979e+02 -5.157899979e+02 -2.6409e+00 -1.8798e-01
3226 0 +9.061000128e-07 -5.157899991e+02 -5.157899991e+02 -2.6408e+00 -1.8798e-01
3233 0 +6.002313739e-07 -5.157899994e+02 -5.157899994e+02 -2.6408e+00 -1.8798e-01
3243 0 +5.116615966e-07 -5.157899995e+02 -5.157899995e+02 -2.6408e+00 -1.8801e-01
3246 0 +3.056856031e-07 -5.157899997e+02 -5.157899997e+02 -2.6408e+00 -1.8801e-01
3256 0 +1.136254468e-08 -5.157900000e+02 -5.157900000e+02 -2.6408e+00 -1.8800e-01
3265 0 +8.672941476e-09 -5.157900000e+02 -5.157900000e+02 -2.6408e+00 -1.8800e-01
3306 0 +2.273736754e-13 -5.157900000e+02 -5.157900000e+02 -2.6408e+00 -1.8800e-01
3335 0 +0.000000000e+00 -5.157900000e+02 -5.157900000e+02 -2.6408e+00 -1.8800e-01
20000 0 +0.000000000e+00 -5.157900000e+02 -5.157900000e+02 -2.6408e+00 -1.8800e-01
% f evaluations | g evaluations | best noise-free fitness - Fopt (-1.000000000000e+03) + sum g_i+ | measured fitness | best measured fitness or single-digit g-values | x1 | x2...
1 0 +2.045180033e+01 -9.795481997e+02 -9.795481997e+02 +0.0000e+00 +0.0000e+00
14 0 +1.740615212e+01 -9.825938479e+02 -9.825938479e+02 -3.2288e+00 -2.4650e-01
106 0 +1.502852002e+01 -9.849714800e+02 -9.849714800e+02 -1.1289e+00 +5.2356e-02
172 0 +1.366452954e+01 -9.863354705e+02 -9.863354705e+02 -1.9222e+00 +7.0432e-01
175 0 +8.662538431e+00 -9.913374616e+02 -9.913374616e+02 -1.9858e+00 +1.0504e+00
208 0 +6.464817233e+00 -9.935351828e+02 -9.935351828e+02 -3.8319e+00 +9.9404e-01
213 0 +5.002393431e+00 -9.949976066e+02 -9.949976066e+02 -3.0223e+00 +9.9226e-01
289 0 +3.548746375e+00 -9.964512536e+02 -9.964512536e+02 -2.5413e+00 +2.0028e-01
750 0 +2.348014825e+00 -9.976519852e+02 -9.976519852e+02 -2.6234e+00 +2.1622e-01
770 0 +2.138809271e+00 -9.978611907e+02 -9.978611907e+02 -2.6078e+00 +2.0058e-01
795 0 +1.995078218e+00 -9.980049218e+02 -9.980049218e+02 -2.5883e+00 +2.0254e-01
1169 0 +1.462721170e+00 -9.985372788e+02 -9.985372788e+02 -2.6591e+00 +5.2454e-01
1172 0 +1.359767989e+00 -9.986402320e+02 -9.986402320e+02 -2.6591e+00 +5.5581e-01
1173 0 +1.071035889e+00 -9.989289641e+02 -9.989289641e+02 -2.6904e+00 +5.5581e-01
1198 0 +9.990706858e-01 -9.990009293e+02 -9.990009293e+02 -2.6786e+00 +5.5581e-01
11865 0 +1.809385542e-02 -9.999819061e+02 -9.999819061e+02 -3.6766e+00 +9.2763e-01
11882 0 +5.288106761e-03 -9.999947119e+02 -9.999947119e+02 -3.6688e+00 +9.2763e-01
11893 0 +2.424877672e-03 -9.999975751e+02 -9.999975751e+02 -3.6708e+00 +9.2763e-01
11903 0 +1.725917178e-03 -9.999982741e+02 -9.999982741e+02 -3.6708e+00 +9.2666e-01
11906 0 +7.586883834e-04 -9.999992413e+02 -9.999992413e+02 -3.6698e+00 +9.2666e-01
11914 0 +6.589252876e-04 -9.999993411e+02 -9.999993411e+02 -3.6693e+00 +9.2666e-01
11915 0 +3.847976535e-04 -9.999996152e+02 -9.999996152e+02 -3.6693e+00 +9.2617e-01
11918 0 +2.047019836e-04 -9.999997953e+02 -9.999997953e+02 -3.6688e+00 +9.2617e-01
11927 0 +9.116372973e-05 -9.999999088e+02 -9.999999088e+02 -3.6686e+00 +9.2592e-01
11930 0 +8.543930096e-05 -9.999999146e+02 -9.999999146e+02 -3.6683e+00 +9.2592e-01
11931 0 +2.822439365e-05 -9.999999718e+02 -9.999999718e+02 -3.6683e+00 +9.2568e-01
11934 0 +5.456160807e-06 -9.999999945e+02 -9.999999945e+02 -3.6681e+00 +9.2568e-01
11954 0 +4.710600933e-06 -9.999999953e+02 -9.999999953e+02 -3.6681e+00 +9.2568e-01
11955 0 +2.943377467e-06 -9.999999971e+02 -9.999999971e+02 -3.6681e+00 +9.2565e-01
11958 0 +1.719314241e-06 -9.999999983e+02 -9.999999983e+02 -3.6681e+00 +9.2565e-01
11962 0 +1.492014007e-06 -9.999999985e+02 -9.999999985e+02 -3.6681e+00 +9.2565e-01
11963 0 +7.479936812e-07 -9.999999993e+02 -9.999999993e+02 -3.6681e+00 +9.2562e-01
11966 0 +2.285311211e-07 -9.999999998e+02 -9.999999998e+02 -3.6680e+00 +9.2562e-01
11975 0 +1.317281431e-07 -9.999999999e+02 -9.999999999e+02 -3.6680e+00 +9.2560e-01
11978 0 +8.435904419e-09 -1.000000000e+03 -1.000000000e+03 -3.6680e+00 +9.2560e-01
12058 0 +9.094947018e-13 -1.000000000e+03 -1.000000000e+03 -3.6680e+00 +9.2560e-01
12062 0 +0.000000000e+00 -1.000000000e+03 -1.000000000e+03 -3.6680e+00 +9.2560e-01
20000 0 +0.000000000e+00 -1.000000000e+03 -1.000000000e+03 -3.6680e+00 +9.2560e-01
% f evaluations | g evaluations | best noise-free fitness - Fopt (-2.675600000000e+02) + sum g_i+ | measured fitness | best measured fitness or single-digit g-values | x1 | x2...
1 0 +1.980867124e+02 -6.947328759e+01 -6.947328759e+01 +0.0000e+00 +0.0000e+00
2 0 +3.686685456e+01 -2.306931454e+02 -2.306931454e+02 -2.5466e+00 -1.3049e+00
4 0 +2.323755337e+01 -2.443224466e+02 -2.443224466e+02 -4.4863e+00 -1.0395e+00
8 0 +1.567893073e+01 -2.518810693e+02 -2.518810693e+02 -2.8355e+00 +1.5954e+00
347 0 +1.386963662e+01 -2.536903634e+02 -2.536903634e+02 -4.6587e+00 +0.0000e+00
357 0 +1.253042306e+01 -2.550295769e+02 -2.550295769e+02 -4.6587e+00 -5.0032e-01
374 0 +7.990369483e+00 -2.595696305e+02 -2.595696305e+02 -4.6587e+00 -6.2541e-01
379 0 +7.822807749e+00 -2.597371923e+02 -2.597371923e+02 -4.7212e+00 -6.2541e-01
381 0 +6.607515216e+00 -2.609524848e+02 -2.609524848e+02 -4.7212e+00 -6.8795e-01
388 0 +5.244386862e+00 -2.623156131e+02 -2.623156131e+02 -4.6899e+00 -6.8795e-01
399 0 +4.994991934e+00 -2.625650081e+02 -2.625650081e+02 -4.6978e+00 -6.5668e-01
734 0 +2.577332546e+00 -2.649826675e+02 -2.649826675e+02 -3.8500e+00 -1.0588e+00
743 0 +2.287568782e+00 -2.652724312e+02 -2.652724312e+02 -3.8500e+00 -9.3373e-01
749 0 +1.475088890e+00 -2.660849111e+02 -2.660849111e+02 -3.7875e+00 -9.3373e-01
756 0 +1.051698631e+00 -2.665083014e+02 -2.665083014e+02 -3.8188e+00 -9.3373e-01
778 0 +9.951406641e-01 -2.665648593e+02 -2.665648593e+02 -3.8109e+00 -9.3373e-01
1077 0 +5.775493409e-01 -2.669824507e+02 -2.669824507e+02 -3.8500e+00 -1.9200e-01
1100 0 +2.001128709e-01 -2.673598871e+02 -2.673598871e+02 -3.8500e+00 -1.2946e-01
1107 0 +9.422916138e-02 -2.674657708e+02 -2.674657708e+02 -3.8500e+00 -1.6073e-01
1116 0 +5.983789019e-02 -2.675001621e+02 -2.675001621e+02 -3.8500e+00 -1.4510e-01
1125 0 +3.108064397e-02 -2.675289194e+02 -2.675289194e+02 -3.8578e+00 -1.5291e-01
1127 0 +1.200945865e-03 -2.675587991e+02 -2.675587991e+02 -3.8578e+00 -1.6073e-01
1139 0 +8.383090250e-05 -2.675599162e+02 -2.675599162e+02 -3.8578e+00 -1.6269e-01
1154 0 +2.321637453e-05 -2.675599768e+02 -2.675599768e+02 -3.8576e+00 -1.6269e-01
1156 0 +5.946008059e-07 -2.675599994e+02 -2.675599994e+02 -3.8576e+00 -1.6244e-01
1168 0 +7.852003137e-08 -2.675599999e+02 -2.675599999e+02 -3.8576e+00 -1.6238e-01
1184 0 +5.965034688e-09 -2.675600000e+02 -2.675600000e+02 -3.8576e+00 -1.6240e-01
1237 0 +5.684341886e-14 -2.675600000e+02 -2.675600000e+02 -3.8576e+00 -1.6240e-01
13770 0 +0.000000000e+00 -2.675600000e+02 -2.675600000e+02 -3.8576e+00 -1.6240e-01
20037 0 +0.000000000e+00 -2.675600000e+02 -2.675600000e+02 -3.8576e+00 -1.6240e-01
