% f evaluations | g evaluations | best noise-free fitness - Fopt (6.870000000000e+00) + sum g_i+ | measured fitness | best measured fitness or single-digit g-values | x1 | x2...
1 0 +4.405119605e+00 +1.127511961e+01 +1.127511961e+01 +0.0000e+00 +0.0000e+00 +0.0000e+00
12 0 +2.678253657e+00 +9.548253657e+00 +9.548253657e+00 -9.5129e-01 -3.7529e-01 -4.7302e-01
157 0 +1.853499716e+00 +8.723499716e+00 +8.723499716e+00 +5.2543e-01 +8.2333e-01 +2.8599e+00
576 0 +1.515735719e+00 +8.385735719e+00 +8.385735719e+00 -2.5016e-01 +1.8573e+00 +3.0640e+00
590 0 +1.027736482e+00 +7.897736482e+00 +7.897736482e+00 -2.5016e-01 +1.8573e+00 +3.0718e+00
601 0 +8.313306731e-01 +7.701330673e+00 +7.701330673e+00 -2.5016e-01 +1.8573e+00 +3.0679e+00
605 0 +5.580301220e-01 +7.428030122e+00 +7.428030122e+00 -2.5016e-01 +1.8534e+00 +3.0679e+00
633 0 +3.985761574e-01 +7.268576157e+00 +7.268576157e+00 -2.5065e-01 +1.8554e+00 +3.0679e+00
654 0 +3.927591469e-01 +7.262759147e+00 +7.262759147e+00 -2.5065e-01 +1.8556e+00 +3.0682e+00
686 0 +3.475681227e-01 +7.217568123e+00 +7.217568123e+00 -2.5077e-01 +1.8558e+00 +3.0682e+00
1947 0 +2.845216166e-01 +7.154521617e+00 +7.154521617e+00 +1.9876e+00 +4.0360e+00 +3.4808e+00
1958 0 +2.288389343e-01 +7.098838934e+00 +7.098838934e+00 +1.9876e+00 +4.0370e+00 +3.4808e+00
1960 0 +1.472659467e-01 +7.017265947e+00 +7.017265947e+00 +1.9876e+00 +4.0370e+00 +3.4817e+00
1976 0 +1.002411316e-01 +6.970241132e+00 +6.970241132e+00 +1.9876e+00 +4.0365e+00 +3.4817e+00
1977 0 +9.419467637e-02 +6.964194676e+00 +6.964194676e+00 +1.9876e+00 +4.0365e+00 +3.4812e+00
1990 0 +6.401199885e-02 +6.934011999e+00 +6.934011999e+00 +1.9876e+00 +4.0365e+00 +3.4815e+00
1993 0 +5.827581754e-02 +6.928275818e+00 +6.928275818e+00 +1.9876e+00 +4.0362e+00 +3.4815e+00
2016 0 +5.152859505e-02 +6.921528595e+00 +6.921528595e+00 +1.9877e+00 +4.0364e+00 +3.4815e+00
2017 0 +3.554584053e-02 +6.905545841e+00 +6.905545841e+00 +1.9877e+00 +4.0363e+00 +3.4815e+00
2035 0 +3.487266985e-02 +6.904872670e+00 +6.904872670e+00 +1.9877e+00 +4.0363e+00 +3.4815e+00
2071 0 +3.147202700e-02 +6.901472027e+00 +6.901472027e+00 +1.9877e+00 +4.0362e+00 +3.4815e+00
30000 0 +3.067271255e-02 +6.900672713e+00 +6.900672713e+00 +1.9877e+00 +4.0362e+00 +3.4815e+00
% f evaluations | g evaluations | best noise-free fitness - Fopt (1.000000000000e-02) + sum g_i+ | measured fitness | best measured fitness or single-digit g-values | x1 | x2...
1 0 +1.295653969e+01 +1.296653969e+01 +1.296653969e+01 +0.0000e+00 +0.0000e+00 +0.0000e+00
6 0 +3.402743642e+00 +3.412743642e+00 +3.412743642e+00 -2.8692e+00 +1.0204e+00 +4.2320e-01
252 0 +2.600382057e+00 +2.610382057e+00 +2.610382057e+00 +2.8946e+00 -1.7922e+00 -2.3716e+00
470 0 +2.149519175e+00 +2.159519175e+00 +2.159519175e+00 +3.1741e+00 +2.6245e+00 -2.9497e+00
1758 0 +1.861295970e+00 +1.871295970e+00 +1.871295970e+00 +2.9367e+00 +1.5077e+00 -5.0480e+00
1790 0 +1.741502110e+00 +1.751502110e+00 +1.751502110e+00 +2.9363e+00 +1.5082e+00 -5.0480e+00
7171 0 +1.269565542e+00 +1.279565542e+00 +1.279565542e+00 +1.9126e+00 -1.2334e+00 -2.1192e+00
7173 0 +1.042889136e+00 +1.052889136e+00 +1.052889136e+00 +1.9166e+00 -1.2334e+00 -2.1192e+00
7175 0 +9.790072784e-01 +9.890072784e-01 +9.890072784e-01 +1.9166e+00 -1.2295e+00 -2.1192e+00
7189 0 +7.475741976e-01 +7.575741976e-01 +7.575741976e-01 +1.9166e+00 -1.2295e+00 -2.1172e+00
7191 0 +5.783211643e-01 +5.883211643e-01 +5.883211643e-01 +1.9185e+00 -1.2295e+00 -2.1172e+00
7193 0 +5.610672894e-01 +5.710672894e-01 +5.710672894e-01 +1.9185e+00 -1.2276e+00 -2.1172e+00
7207 0 +4.973310138e-01 +5.073310138e-01 +5.073310138e-01 +1.9185e+00 -1.2286e+00 -2.1163e+00
7209 0 +3.340412219e-01 +3.440412219e-01 +3.440412219e-01 +1.9195e+00 -1.2286e+00 -2.1163e+00
7211 0 +3.108377019e-01 +3.208377019e-01 +3.208377019e-01 +1.9195e+00 -1.2276e+00 -2.1163e+00
7233 0 +2.566788911e-01 +2.666788911e-01 +2.666788911e-01 +1.9197e+00 -1.2276e+00 -2.1160e+00
7235 0 +2.412284549e-01 +2.512284549e-01 +2.512284549e-01 +1.9197e+00 -1.2273e+00 -2.1160e+00
7239 0 +1.967119345e-01 +2.067119345e-01 +2.067119345e-01 +1.9200e+00 -1.2273e+00 -2.1158e+00
7257 0 +1.632714668e-01 +1.732714668e-01 +1.732714668e-01 +1.9201e+00 -1.2272e+00 -2.1157e+00
7283 0 +1.569766336e-01 +1.669766336e-01 +1.669766336e-01 +1.9201e+00 -1.2271e+00 -2.1157e+00
7295 0 +1.407698963e-01 +1.507698963e-01 +1.507698963e-01 +1.9202e+00 -1.2271e+00 -2.1156e+00
15780 0 +1.183870768e-01 +1.283870768e-01 +1.283870768e-01 +4.8414e+00 +1.5448e+00 -1.1342e+00
15826 0 +1.089396589e-01 +1.189396589e-01 +1.189396589e-01 +4.8414e+00 +1.5448e+00 -1.1342e+00
30101 0 +1.009926270e-01 +1.109926270e-01 +1.109926270e-01 +4.8414e+00 +1.5448e+00 -1.1342e+00
% f evaluations | g evaluations | best noise-free fitness - Fopt (-1.306100000000e+02) + sum g_i+ | measured fitness | best measured fitness or single-digit g-values | x1 | x2...
1 0 +1.229607456e+01 -1.183139254e+02 -1.183139254e+02 +0.0000e+00 +0.0000e+00 +0.0000e+00
6 0 +1.022695346e+01 -1.203830465e+02 -1.203830465e+02 -2.8692e+00 +1.0204e+00 +4.2320e-01
16 0 +7.810251083e+00 -1.227997489e+02 -1.227997489e+02 -4.6558e+00 +6.0240e-01 +3.0277e-01
53 0 +6.057695805e+00 -1.245523042e+02 -1.245523042e+02 +3.6165e-01 +1.6946e+00 +8.9066e-01
60 0 +5.578823735e+00 -1.250311763e+02 -1.250311763e+02 -6.9178e-01 +4.1710e+00 -1.5699e-01
103 0 +3.724305512e+00 -1.268856945e+02 -1.268856945e+02 +0.0000e+00 +0.0000e+00 +2.9289e+00
104 0 +2.514065188e+00 -1.280959348e+02 -1.280959348e+02 -1.8610e+00 -8.9470e-01 +3.5745e+00
335 0 +2.424261641e+00 -1.281857384e+02 -1.281857384e+02 +3.2983e-01 -1.4294e-01 +6.2566e-01
488 0 +1.632412588e+00 -1.289775874e+02 -1.289775874e+02 +1.2259e-01 -1.0361e-01 -1.3342e-01
4053 0 +1.403565510e+00 -1.292064345e+02 -1.292064345e+02 -1.0074e+00 -8.0865e-01 -8.1007e-01
4078 0 +1.071519705e+00 -1.295384803e+02 -1.295384803e+02 -1.0035e+00 -8.0865e-01 -8.1007e-01
7419 0 +8.693377898e-01 -1.297406622e+02 -1.297406622e+02 -2.0453e+00 +1.4609e+00 +1.0582e+00
8156 0 +6.577368243e-01 -1.299522632e+02 -1.299522632e+02 -5.2075e-01 +1.6159e+00 -6.7292e-03
8158 0 +3.310933637e-01 -1.302789066e+02 -1.302789066e+02 -5.2270e-01 +1.6159e+00 -6.7292e-03
8164 0 +2.378867724e-01 -1.303721132e+02 -1.303721132e+02 -5.2465e-01 +1.6159e+00 -6.7292e-03
8177 0 +1.924519257e-01 -1.304175481e+02 -1.304175481e+02 -5.2368e-01 +1.6159e+00 -6.7292e-03
30000 0 +1.804709632e-01 -1.304295290e+02 -1.304295290e+02 -5.2351e-01 +1.6159e+00 -6.7292e-03
% f evaluations | g evaluations | best noise-free fitness - Fopt (-2.231200000000e+02) + sum g_i+ | measured fitness | best measured fitness or single-digit g-values | x1 | x2...
1 0 +5.339703202e+01 -1.697229680e+02 -1.697229680e+02 +0.0000e+00 +0.0000e+00 +0.0000e+00
2 0 +1.802813413e+01 -2.050918659e+02 -2.050918659e+02 -2.5673e+00 -1.2343e+00 +8.9066e-01
3 0 +1.651676818e+01 -2.066032318e+02 -2.066032318e+02 -2.2666e+00 -1.3739e+00 -9.1695e-01
9 0 +7.885741973e+00 -2.152342580e+02 -2.152342580e+02 -3.6207e+00 +1.2420e+00 -1.5699e-01
71 0 +5.751438544e+00 -2.173685615e+02 -2.173685615e+02 +6.6231e-01 -1.3739e+00 -3.8459e+00
128 0 +4.503927912e+00 -2.186160721e+02 -2.186160721e+02 +1.6217e+00 +9.0031e-01 +2.8151e+00
147 0 +1.630844447e+00 -2.214891556e+02 -2.214891556e+02 +6.4363e-01 -1.3962e+00 +3.6877e+00
578 0 +1.328719340e+00 -2.217912807e+02 -2.217912807e+02 -3.1122e-02 +1.2855e+00 +2.9055e+00
600 0 +1.235976677e+00 -2.218840233e+02 -2.218840233e+02 -3.1122e-02 +1.2914e+00 +2.9055e+00
617 0 +9.436604636e-01 -2.221763395e+02 -2.221763395e+02 -3.1122e-02 +1.2904e+00 +2.9045e+00
636 0 +8.710971130e-01 -2.222489029e+02 -2.222489029e+02 -3.1122e-02 +1.2899e+00 +2.9045e+00
679 0 +7.909116312e-01 -2.223290884e+02 -2.223290884e+02 -3.1122e-02 +1.2899e+00 +2.9043e+00
5965 0 +6.381589670e-01 -2.224818410e+02 -2.224818410e+02 +6.9904e-01 -1.7106e+00 +2.9172e+00
5977 0 +5.753939682e-01 -2.225446060e+02 -2.225446060e+02 +6.9904e-01 -1.7115e+00 +2.9172e+00
5980 0 +4.469640428e-01 -2.226730360e+02 -2.226730360e+02 +6.9904e-01 -1.7115e+00 +2.9182e+00
5984 0 +4.109598146e-01 -2.227090402e+02 -2.227090402e+02 +6.9904e-01 -1.7106e+00 +2.9182e+00
6002 0 +3.923180376e-01 -2.227276820e+02 -2.227276820e+02 +6.9904e-01 -1.7103e+00 +2.9182e+00
6007 0 +3.352139391e-01 -2.227847861e+02 -2.227847861e+02 +6.9904e-01 -1.7106e+00 +2.9179e+00
25968 0 +3.106818575e-01 -2.228093181e+02 -2.228093181e+02 +2.9850e+00 +1.2436e+00 +4.0308e+00
25975 0 +2.436332309e-01 -2.228763668e+02 -2.228763668e+02 +2.9850e+00 +1.2439e+00 +4.0311e+00
30000 0 +2.348834531e-01 -2.228851165e+02 -2.228851165e+02 +2.9850e+00 +1.2439e+00 +4.0311e+00
% f evaluations | g evaluations | best noise-free fitness - Fopt (-4.443000000000e+01) + sum g_i+ | measured fitness | best measured fitness or single-digit g-values | x1 | x2...
1 0 +4.437367499e+00 -3.999263250e+01 -3.999263250e+01 +0.0000e+00 +0.0000e+00 +0.0000e+00
90 0 +2.654337756e+00 -4.177566224e+01 -4.177566224e+01 -5.8907e-01 +6.0727e-01 +3.4660e+00
401 0 +1.363090177e+00 -4.306690982e+01 -4.306690982e+01 +1.1106e+00 +1.8935e+00 +1.4627e+00
14294 0 +1.151455835e+00 -4.327854416e+01 -4.327854416e+01 +1.3939e+00 +1.3145e+00 +2.1162e+00
14331 0 +1.091952049e+00 -4.333804795e+01 -4.333804795e+01 +1.3940e+00 +1.3145e+00 +2.1162e+00
30000 0 +1.028773012e+00 -4.340122699e+01 -4.340122699e+01 -1.7360e+00 +3.1381e-01 +1.0006e+00
% f evaluations | g evaluations | best noise-free fitness - Fopt (-1.354800000000e+02) + sum g_i+ | measured fitness | best measured fitness or single-digit g-values | x1 | x2...
1 0 +8.663391136e+00 -1.268166089e+02 -1.268166089e+02 +0.0000e+00 +0.0000e+00 +0.0000e+00
11 0 +5.406933014e+00 -1.300730670e+02 -1.300730670e+02 -2.0410e+00 +1.0028e+00 +1.0468e+00
63 0 +4.784109474e+00 -1.306958905e+02 -1.306958905e+02 +1.9776e+00 +2.5536e+00 -4.7302e-01
205 0 +4.339879382e+00 -1.311401206e+02 -1.311401206e+02 -2.9289e+00 +0.0000e+00 +2.1231e+00
300 0 +1.722652283e+00 -1.337573477e+02 -1.337573477e+02 -2.4624e+00 +5.2692e-01 +4.2121e+00
543 0 +8.827864922e-01 -1.345972135e+02 -1.345972135e+02 -2.3137e+00 +2.8817e-01 +2.9318e+00
613 0 +7.918303257e-01 -1.346881697e+02 -1.346881697e+02 -2.3137e+00 +2.8793e-01 +2.9315e+00
1173 0 +6.048641035e-01 -1.348751359e+02 -1.348751359e+02 -2.3718e+00 +7.8850e-01 +1.1537e+00
1206 0 +4.815166682e-01 -1.349984833e+02 -1.349984833e+02 -2.3718e+00 +7.8752e-01 +1.1537e+00
1221 0 +4.115503345e-01 -1.350684497e+02 -1.350684497e+02 -2.3718e+00 +7.8752e-01 +1.1542e+00
1243 0 +3.958661800e-01 -1.350841338e+02 -1.350841338e+02 -2.3718e+00 +7.8764e-01 +1.1541e+00
4470 0 +3.023732097e-01 -1.351776268e+02 -1.351776268e+02 -4.9244e+00 +4.2928e-01 +2.9112e+00
4480 0 +2.116211837e-01 -1.352683788e+02 -1.352683788e+02 -4.9239e+00 +4.2928e-01 +2.9112e+00
4487 0 +1.890510690e-01 -1.352909489e+02 -1.352909489e+02 -4.9239e+00 +4.2928e-01 +2.9107e+00
4500 0 +1.678110555e-01 -1.353121889e+02 -1.353121889e+02 -4.9239e+00 +4.2952e-01 +2.9107e+00
4510 0 +1.520783682e-01 -1.353279216e+02 -1.353279216e+02 -4.9238e+00 +4.2952e-01 +2.9107e+00
4518 0 +1.395788067e-01 -1.353404212e+02 -1.353404212e+02 -4.9238e+00 +4.2964e-01 +2.9106e+00
4540 0 +1.225309882e-01 -1.353574690e+02 -1.353574690e+02 -4.9237e+00 +4.2968e-01 +2.9105e+00
30000 0 +1.134798612e-01 -1.353665201e+02 -1.353665201e+02 -4.9237e+00 +4.2972e-01 +2.9104e+00
% f evaluations | g evaluations | best noise-free fitness - Fopt (-4.017900000000e+02) + sum g_i+ | measured fitness | best measured fitness or single-digit g-values | x1 | x2...
1 0 +2.276198177e+01 -3.790280182e+02 -3.790280182e+02 +0.0000e+00 +0.0000e+00 +0.0000e+00
2 0 +2.025769129e+01 -3.815323087e+02 -3.815323087e+02 -2.5673e+00 -1.2343e+00 +8.9066e-01
4 0 +1.165521966e+01 -3.901347803e+02 -3.901347803e+02 -2.2041e+00 -1.7931e+00 -9.5263e-02
9 0 +6.396471984e+00 -3.953935280e+02 -3.953935280e+02 -3.6207e+00 +1.2420e+00 -1.5699e-01
46 0 +2.827286138e+00 -3.989627139e+02 -3.989627139e+02 +1.9776e+00 -3.3042e+00 -4.7302e-01
464 0 +2.697615527e+00 -3.990923845e+02 -3.990923845e+02 +1.9605e+00 +3.9052e+00 +2.8028e+00
476 0 +2.041751414e+00 -3.997482486e+02 -3.997482486e+02 +2.2291e+00 +4.1599e+00 +2.7629e+00
571 0 +1.600522771e+00 -4.001894772e+02 -4.001894772e+02 +1.3726e+00 +2.7369e+00 +2.3966e+00
575 0 +8.426354157e-01 -4.009473646e+02 -4.009473646e+02 +1.3726e+00 +2.7291e+00 +2.3966e+00
587 0 +5.079941690e-01 -4.012820058e+02 -4.012820058e+02 +1.3726e+00 +2.7252e+00 +2.3966e+00
609 0 +3.996118775e-01 -4.013903881e+02 -4.013903881e+02 +1.3721e+00 +2.7252e+00 +2.3966e+00
612 0 +3.605094421e-01 -4.014294906e+02 -4.014294906e+02 +1.3721e+00 +2.7257e+00 +2.3966e+00
621 0 +3.255998586e-01 -4.014644001e+02 -4.014644001e+02 +1.3719e+00 +2.7257e+00 +2.3961e+00
624 0 +2.926777672e-01 -4.014973222e+02 -4.014973222e+02 +1.3719e+00 +2.7259e+00 +2.3961e+00
634 0 +2.643055288e-01 -4.015256945e+02 -4.015256945e+02 +1.3720e+00 +2.7259e+00 +2.3961e+00
635 0 +2.501170311e-01 -4.015398830e+02 -4.015398830e+02 +1.3720e+00 +2.7258e+00 +2.3961e+00
690 0 +2.228938887e-01 -4.015671061e+02 -4.015671061e+02 +1.3720e+00 +2.7257e+00 +2.3961e+00
3982 0 +1.719727560e-01 -4.016180272e+02 -4.016180272e+02 +1.3145e+00 +2.4164e+00 +3.6532e+00
3997 0 +1.487048121e-01 -4.016412952e+02 -4.016412952e+02 +1.3145e+00 +2.4164e+00 +3.6535e+00
4001 0 +1.048857117e-01 -4.016851143e+02 -4.016851143e+02 +1.3145e+00 +2.4166e+00 +3.6535e+00
4013 0 +9.926738260e-02 -4.016907326e+02 -4.016907326e+02 +1.3145e+00 +2.4168e+00 +3.6535e+00
4046 0 +8.900648726e-02 -4.017009935e+02 -4.017009935e+02 +1.3145e+00 +2.4167e+00 +3.6535e+00
17179 0 +5.969379391e-02 -4.017303062e+02 -4.017303062e+02 +1.3085e+00 +1.8052e+00 +1.0337e+00
17196 0 +5.130553461e-02 -4.017386945e+02 -4.017386945e+02 +1.3085e+00 +1.8052e+00 +1.0337e+00
17208 0 +4.698269502e-02 -4.017430173e+02 -4.017430173e+02 +1.3085e+00 +1.8053e+00 +1.0337e+00
17243 0 +4.453782729e-02 -4.017454622e+02 -4.017454622e+02 +1.3085e+00 +1.8053e+00 +1.0337e+00
30000 0 +4.259932728e-02 -4.017474007e+02 -4.017474007e+02 +1.3085e+00 +1.8053e+00 +1.0337e+00
% f evaluations | g evaluations | best noise-free fitness - Fopt (-7.253000000000e+01) + sum g_i+ | measured fitness | best measured fitness or single-digit g-values | x1 | x2...
1 0 +1.679890670e+01 -5.573109330e+01 -5.573109330e+01 +0.0000e+00 +0.0000e+00 +0.0000e+00
3 0 +9.348527350e+00 -6.318147265e+01 -6.318147265e+01 -2.2666e+00 -1.3739e+00 -9.1695e-01
4 0 +3.068628668e+00 -6.946137133e+01 -6.946137133e+01 -2.2041e+00 -1.7931e+00 -9.5263e-02
119 0 +2.721653695e+00 -6.980834630e+01 -6.980834630e+01 -4.7738e+00 +1.1087e+00 +2.8448e-01
384 0 +2.463810567e+00 -7.006618943e+01 -7.006618943e+01 -4.7472e+00 -2.3527e+00 -7.6844e-01
435 0 +1.621278423e+00 -7.090872158e+01 -7.090872158e+01 -3.8617e+00 -2.2896e+00 -8.6394e-01
527 0 +1.108996451e+00 -7.142100355e+01 -7.142100355e+01 -5.2766e+00 -3.6241e+00 -1.1156e+00
574 0 +8.574887388e-01 -7.167251126e+01 -7.167251126e+01 -5.2727e+00 -3.6241e+00 -1.1156e+00
601 0 +6.818630409e-01 -7.184813696e+01 -7.184813696e+01 -5.2727e+00 -3.6241e+00 -1.1185e+00
613 0 +6.002989809e-01 -7.192970102e+01 -7.192970102e+01 -5.2722e+00 -3.6241e+00 -1.1190e+00
631 0 +5.232806857e-01 -7.200671931e+01 -7.200671931e+01 -5.2717e+00 -3.6243e+00 -1.1192e+00
637 0 +4.887877053e-01 -7.204121229e+01 -7.204121229e+01 -5.2714e+00 -3.6243e+00 -1.1195e+00
3305 0 +4.337641731e-01 -7.209623583e+01 -7.209623583e+01 -3.4577e+00 -1.3145e+00 -1.6374e+00
3353 0 +3.965779139e-01 -7.213342209e+01 -7.213342209e+01 -3.4577e+00 -1.3145e+00 -1.6374e+00
25653 0 +1.479102781e-01 -7.238208972e+01 -7.238208972e+01 -1.9126e+00 -2.6614e+00 +2.9520e-01
25672 0 +7.986302544e-02 -7.245013697e+01 -7.245013697e+01 -1.9126e+00 -2.6614e+00 +2.9568e-01
25685 0 +7.264480139e-02 -7.245735520e+01 -7.245735520e+01 -1.9128e+00 -2.6614e+00 +2.9568e-01
25690 0 +6.401444145e-02 -7.246598556e+01 -7.246598556e+01 -1.9128e+00 -2.6614e+00 +2.9581e-01
25702 0 +5.758999394e-02 -7.247241001e+01 -7.247241001e+01 -1.9128e+00 -2.6614e+00 +2.9587e-01
25703 0 +5.432489270e-02 -7.247567511e+01 -7.247567511e+01 -1.9128e+00 -2.6614e+00 +2.9587e-01
25708 0 +4.778797326e-02 -7.248221203e+01 -7.248221203e+01 -1.9128e+00 -2.6614e+00 +2.9593e-01
25732 0 +4.315106235e-02 -7.248684894e+01 -7.248684894e+01 -1.9128e+00 -2.6614e+00 +2.9596e-01
25749 0 +3.978082241e-02 -7.249021918e+01 -7.249021918e+01 -1.9129e+00 -2.6614e+00 +2.9597e-01
30000 0 +3.864256102e-02 -7.249135744e+01 -7.249135744e+01 -1.9129e+00 -2.6614e+00 +2.9597e-01
% f evaluations | g evaluations | best noise-free fitness - Fopt (-2.466700000000e+02) + sum g_i+ | measured fitness | best measured fitness or single-digit g-values | x1 | x2...
1 0 +2.790332064e+01 -2.187666794e+02 -2.187666794e+02 +0.0000e+00 +0.0000e+00 +0.0000e+00
2 0 +8.253292204e+00 -2.384167078e+02 -2.384167078e+02 -2.5673e+00 -1.2343e+00 +8.9066e-01
7 0 +6.246618511e+00 -2.404233815e+02 -2.404233815e+02 -4.2207e+00 +5.5435e-01 -1.4415e+00
132 0 +4.451236892e+00 -2.422187631e+02 -2.422187631e+02 +4.5833e+00 +3.5482e-01 +6.5031e-01
133 0 +3.586315776e+00 -2.430836842e+02 -2.430836842e+02 +5.0047e+00 -3.4928e-01 -3.4276e-01
188 0 +3.433760988e+00 -2.432362390e+02 -2.432362390e+02 +2.9289e+00 +0.0000e+00 -2.1231e+00
297 0 +2.573816603e+00 -2.440961834e+02 -2.440961834e+02 +3.8234e+00 -2.1739e+00 +1.3507e+00
456 0 +1.771528692e+00 -2.448984713e+02 -2.448984713e+02 +2.9109e+00 -4.6038e+00 +9.8502e-01
2737 0 +1.323342042e+00 -2.453466580e+02 -2.453466580e+02 +2.7428e+00 -3.6621e+00 +2.1162e+00
8495 0 +1.150698020e+00 -2.455193020e+02 -2.455193020e+02 +2.5777e+00 -2.6614e+00 -1.8093e+00
8514 0 +1.094912660e+00 -2.455750873e+02 -2.455750873e+02 +2.5780e+00 -2.6614e+00 -1.8093e+00
11928 0 +9.979608511e-01 -2.456720391e+02 -2.456720391e+02 +8.3030e-01 -3.6777e+00 -1.1301e+00
11970 0 +8.626056177e-01 -2.458073944e+02 -2.458073944e+02 +8.3067e-01 -3.6777e+00 -1.1301e+00
19279 0 +5.028710099e-01 -2.461671290e+02 -2.461671290e+02 +3.9569e+00 -2.5465e+00 +8.0865e-01
19296 0 +1.975519474e-01 -2.464724481e+02 -2.464724481e+02 +3.9560e+00 -2.5465e+00 +8.0865e-01
30000 0 +1.941982766e-01 -2.464758017e+02 -2.464758017e+02 +3.9560e+00 -2.5465e+00 +8.0865e-01
% f evaluations | g evaluations | best noise-free fitness - Fopt (1.000000000000e+03) + sum g_i+ | measured fitness | best measured fitness or single-digit g-values | x1 | x2...
1 0 +3.995876182e+01 +1.039958762e+03 +1.039958762e+03 +0.0000e+00 +0.0000e+00 +0.0000e+00
2 0 +2.272087314e+01 +1.022720873e+03 +1.022720873e+03 -2.5673e+00 -1.2343e+00 +8.9066e-01
4 0 +2.026019932e+01 +1.020260199e+03 +1.020260199e+03 -2.2041e+00 -1.7931e+00 -9.5263e-02
8 0 +1.095427250e+01 +1.010954273e+03 +1.010954273e+03 -1.2266e+00 -9.6753e-02 -3.5825e-01
9 0 +5.234605061e+00 +1.005234605e+03 +1.005234605e+03 -3.6207e+00 +1.2420e+00 -1.5699e-01
63 0 +2.715644606e+00 +1.002715645e+03 +1.002715645e+03 +1.9776e+00 +2.5536e+00 -4.7302e-01
481 0 +2.269006493e+00 +1.002269006e+03 +1.002269006e+03 +1.9605e+00 +1.2832e+00 +7.2959e-01
561 0 +2.081475466e+00 +1.002081475e+03 +1.002081475e+03 +3.0925e+00 +1.3055e-01 +5.8130e-01
567 0 +1.371164174e+00 +1.001371164e+03 +1.001371164e+03 +3.0768e+00 +1.3055e-01 +5.8130e-01
579 0 +1.073946060e+00 +1.001073946e+03 +1.001073946e+03 +3.0690e+00 +1.3055e-01 +5.8130e-01
609 0 +9.654147031e-01 +1.000965415e+03 +1.000965415e+03 +3.0700e+00 +1.3055e-01 +5.8130e-01
2327 0 +8.149963789e-01 +1.000814996e+03 +1.000814996e+03 +5.8109e-01 -1.6846e+00 +1.8903e+00
2333 0 +6.779603214e-01 +1.000677960e+03 +1.000677960e+03 +5.7914e-01 -1.6846e+00 +1.8903e+00
3090 0 +6.199611607e-01 +1.000619961e+03 +1.000619961e+03 +2.6690e-01 -8.8573e-01 +1.3899e+00
3108 0 +5.528148040e-01 +1.000552815e+03 +1.000552815e+03 +2.6300e-01 -8.8573e-01 +1.3899e+00
3126 0 +4.767557915e-01 +1.000476756e+03 +1.000476756e+03 +2.6104e-01 -8.8377e-01 +1.3899e+00
3132 0 +4.156272813e-01 +1.000415627e+03 +1.000415627e+03 +2.5909e-01 -8.8377e-01 +1.3899e+00
3138 0 +3.322662486e-01 +1.000332266e+03 +1.000332266e+03 +2.5713e-01 -8.8377e-01 +1.3899e+00
3156 0 +3.065042745e-01 +1.000306504e+03 +1.000306504e+03 +2.5664e-01 -8.8377e-01 +1.3899e+00
3181 0 +2.668082541e-01 +1.000266808e+03 +1.000266808e+03 +2.5713e-01 -8.8402e-01 +1.3899e+00
3204 0 +2.506795083e-01 +1.000250680e+03 +1.000250680e+03 +2.5732e-01 -8.8402e-01 +1.3899e+00
9776 0 +1.897284401e-01 +1.000189728e+03 +1.000189728e+03 +1.0232e+00 +3.9088e-03 +5.8130e-01
9794 0 +1.251734417e-01 +1.000125173e+03 +1.000125173e+03 +1.0222e+00 +3.9088e-03 +5.8130e-01
9808 0 +8.623668999e-02 +1.000086237e+03 +1.000086237e+03 +1.0222e+00 +3.4202e-03 +5.8130e-01
9813 0 +6.169483141e-02 +1.000061695e+03 +1.000061695e+03 +1.0227e+00 +3.4202e-03 +5.8130e-01
9831 0 +5.517145818e-02 +1.000055171e+03 +1.000055171e+03 +1.0234e+00 +3.4202e-03 +5.8130e-01
9856 0 +4.515280334e-02 +1.000045153e+03 +1.000045153e+03 +1.0235e+00 +3.3591e-03 +5.8130e-01
9861 0 +4.417394431e-02 +1.000044174e+03 +1.000044174e+03 +1.0236e+00 +3.3591e-03 +5.8130e-01
9892 0 +3.936319956e-02 +1.000039363e+03 +1.000039363e+03 +1.0237e+00 +3.3438e-03 +5.8130e-01
30101 0 +3.610940386e-02 +1.000036109e+03 +1.000036109e+03 +1.0238e+00 +3.3384e-03 +5.8130e-01
% f evaluations | g evaluations | best noise-free fitness - Fopt (-2.743700000000e+02) + sum g_i+ | measured fitness | best measured fitness or single-digit g-values | x1 | x2...
1 0 +2.262567704e+01 -2.517443230e+02 -2.517443230e+02 +0.0000e+00 +0.0000e+00 +0.0000e+00
5 0 +2.197812558e+01 -2.523918744e+02 -2.523918744e+02 -3.5180e+00 +6.0727e-01 +5.3710e-01
6 0 +1.178077487e+01 -2.625892251e+02 -2.625892251e+02 -2.8692e+00 +1.0204e+00 +4.2320e-01
23 0 +8.701651421e+00 -2.656683486e+02 -2.656683486e+02 +2.9887e+00 +1.0204e+00 +4.2320e-01
28 0 +3.243727777e+00 -2.711262722e+02 -2.711262722e+02 +3.8169e+00 +1.0028e+00 +1.0468e+00
108 0 +3.082769248e+00 -2.712872308e+02 -2.712872308e+02 -2.0798e+00 +7.3967e-01 +3.2357e+00
393 0 +2.189943970e+00 -2.721800560e+02 -2.721800560e+02 -4.4638e-01 -4.7011e-01 +4.3837e+00
2485 0 +1.663273844e+00 -2.727067262e+02 -2.727067262e+02 -2.5776e+00 -2.9129e-01 +2.9758e+00
2486 0 +1.327639170e+00 -2.730423608e+02 -2.730423608e+02 -2.5776e+00 -2.9910e-01 +2.9758e+00
2497 0 +7.744252446e-01 -2.735955748e+02 -2.735955748e+02 -2.5737e+00 -2.9910e-01 +2.9758e+00
2499 0 +5.240614499e-01 -2.738459386e+02 -2.738459386e+02 -2.5737e+00 -2.9520e-01 +2.9758e+00
2508 0 +4.844985686e-01 -2.738855014e+02 -2.738855014e+02 -2.5756e+00 -2.9520e-01 +2.9758e+00
2521 0 +4.367009250e-01 -2.739332991e+02 -2.739332991e+02 -2.5747e+00 -2.9520e-01 +2.9758e+00
2524 0 +3.779595331e-01 -2.739920405e+02 -2.739920405e+02 -2.5747e+00 -2.9520e-01 +2.9749e+00
2533 0 +3.101470552e-01 -2.740598529e+02 -2.740598529e+02 -2.5742e+00 -2.9520e-01 +2.9749e+00
2566 0 +2.775913340e-01 -2.740924087e+02 -2.740924087e+02 -2.5742e+00 -2.9532e-01 +2.9749e+00
3193 0 +1.980571887e-01 -2.741719428e+02 -2.741719428e+02 -6.4471e-01 -1.0515e-01 +3.7298e+00
3217 0 +1.630603974e-01 -2.742069396e+02 -2.742069396e+02 -6.4422e-01 -1.0515e-01 +3.7298e+00
3222 0 +1.321548074e-01 -2.742378452e+02 -2.742378452e+02 -6.4422e-01 -1.0515e-01 +3.7302e+00
3223 0 +9.049938361e-02 -2.742795006e+02 -2.742795006e+02 -6.4471e-01 -1.0515e-01 +3.7302e+00
3228 0 +7.218767755e-02 -2.742978123e+02 -2.742978123e+02 -6.4471e-01 -1.0515e-01 +3.7307e+00
3229 0 +6.055231603e-02 -2.743094477e+02 -2.743094477e+02 -6.4520e-01 -1.0515e-01 +3.7307e+00
3242 0 +3.210892346e-02 -2.743378911e+02 -2.743378911e+02 -6.4495e-01 -1.0515e-01 +3.7307e+00
3253 0 +2.944587422e-02 -2.743405541e+02 -2.743405541e+02 -6.4507e-01 -1.0515e-01 +3.7307e+00
3266 0 +1.877483031e-02 -2.743512252e+02 -2.743512252e+02 -6.4501e-01 -1.0515e-01 +3.7307e+00
3279 0 +1.775128603e-02 -2.743522487e+02 -2.743522487e+02 -6.4501e-01 -1.0518e-01 +3.7307e+00
3305 0 +1.426431149e-02 -2.743557357e+02 -2.743557357e+02 -6.4501e-01 -1.0516e-01 +3.7307e+00
3314 0 +1.395892170e-02 -2.743560411e+02 -2.743560411e+02 -6.4501e-01 -1.0516e-01 +3.7307e+00
24521 0 +1.023780209e-02 -2.743597622e+02 -2.743597622e+02 -2.6086e-01 +1.0010e+00 +2.6387e-01
24532 0 +8.570307561e-03 -2.743614297e+02 -2.743614297e+02 -2.6089e-01 +1.0010e+00 +2.6387e-01
24545 0 +5.949646592e-03 -2.743640504e+02 -2.743640504e+02 -2.6087e-01 +1.0010e+00 +2.6387e-01
24568 0 +5.040753451e-03 -2.743649592e+02 -2.743649592e+02 -2.6088e-01 +1.0010e+00 +2.6388e-01
24581 0 +4.995502219e-03 -2.743650045e+02 -2.743650045e+02 -2.6088e-01 +1.0010e+00 +2.6388e-01
30000 0 +4.510350367e-03 -2.743654896e+02 -2.743654896e+02 -2.6088e-01 +1.0010e+00 +2.6388e-01
% f evaluations | g evaluations | best noise-free fitness - Fopt (-7.642000000000e+01) + sum g_i+ | measured fitness | best measured fitness or single-digit g-values | x1 | x2...
1 0 +3.104866765e+01 -4.537133235e+01 -4.537133235e+01 +0.0000e+00 +0.0000e+00 +0.0000e+00
2 0 +2.326133813e+01 -5.315866187e+01 -5.315866187e+01 -2.5673e+00 -1.2343e+00 +8.9066e-01
3 0 +5.264905716e+00 -7.115509428e+01 -7.115509428e+01 -2.2666e+00 -1.3739e+00 -9.1695e-01
93 0 +3.846813951e+00 -7.257318605e+01 -7.257318605e+01 +1.7024e+00 -9.6753e-02 +2.5707e+00
182 0 +3.381943382e+00 -7.303805662e+01 -7.303805662e+01 +1.4335e+00 +2.6569e+00 -2.4660e+00
424 0 +2.961493450e+00 -7.345850655e+01 -7.345850655e+01 -1.6983e-01 +1.5563e+00 -2.0395e+00
594 0 +2.604962168e+00 -7.381503783e+01 -7.381503783e+01 +2.1162e+00 +2.1937e+00 -3.1277e+00
607 0 +2.480230520e+00 -7.393976948e+01 -7.393976948e+01 +2.1162e+00 +2.1932e+00 -3.1282e+00
642 0 +2.221590049e+00 -7.419840995e+01 -7.419840995e+01 +2.1159e+00 +2.1934e+00 -3.1283e+00
1909 0 +1.768711821e+00 -7.465128818e+01 -7.465128818e+01 +3.1169e+00 +5.1633e-01 -1.9311e+00
4595 0 +1.433670156e+00 -7.498632984e+01 -7.498632984e+01 +6.2541e-02 +1.3488e+00 -2.1231e+00
4615 0 +1.316376555e+00 -7.510362344e+01 -7.510362344e+01 +6.2541e-02 +1.3488e+00 -2.1270e+00
4625 0 +6.641268259e-01 -7.575587317e+01 -7.575587317e+01 +6.2541e-02 +1.3469e+00 -2.1270e+00
4709 0 +6.307824444e-01 -7.578921756e+01 -7.578921756e+01 +6.2541e-02 +1.3469e+00 -2.1269e+00
9931 0 +5.605069019e-01 -7.585949310e+01 -7.585949310e+01 +0.0000e+00 +8.5712e-01 -1.1287e+00
9956 0 +4.999356626e-01 -7.592006434e+01 -7.592006434e+01 +1.2215e-04 +8.5705e-01 -1.1287e+00
27014 0 +4.332610064e-01 -7.598673899e+01 -7.598673899e+01 +8.0968e-01 +4.0515e+00 +4.1848e-01
30000 0 +4.026400309e-01 -7.601735997e+01 -7.601735997e+01 +8.0970e-01 +4.0514e+00 +4.1848e-01
% f evaluations | g evaluations | best noise-free fitness - Fopt (-2.412500000000e+02) + sum g_i+ | measured fitness | best measured fitness or single-digit g-values | x1 | x2...
1 0 +5.388148316e+01 -1.873685168e+02 -1.873685168e+02 +0.0000e+00 +0.0000e+00 +0.0000e+00
2 0 +3.059296090e+01 -2.106570391e+02 -2.106570391e+02 -2.5673e+00 -1.2343e+00 +8.9066e-01
7 0 +1.450123088e+01 -2.267487691e+02 -2.267487691e+02 -4.2207e+00 +5.5435e-01 -1.4415e+00
8 0 +9.955202142e+00 -2.312947979e+02 -2.312947979e+02 -1.2266e+00 -9.6753e-02 -3.5825e-01
9 0 +7.427595183e+00 -2.338224048e+02 -2.338224048e+02 -3.6207e+00 +1.2420e+00 -1.5699e-01
24 0 +3.722964809e+00 -2.375270352e+02 -2.375270352e+02 +1.6371e+00 +5.5435e-01 -1.4415e+00
193 0 +2.470574997e+00 -2.387794250e+02 -2.387794250e+02 +4.3328e-02 +7.3967e-01 +5.3588e+00
627 0 +2.233071480e+00 -2.390169285e+02 -2.390169285e+02 -1.4940e+00 +8.0865e-01 +1.2292e+00
1187 0 +1.891218947e+00 -2.393587811e+02 -2.393587811e+02 +2.8878e-01 +0.0000e+00 +1.4716e+00
1216 0 +1.645863901e+00 -2.396041361e+02 -2.396041361e+02 +2.8731e-01 +0.0000e+00 +1.4716e+00
4516 0 +1.164735414e+00 -2.400852646e+02 -2.400852646e+02 -1.3090e+00 -1.1156e+00 +2.3448e+00
4570 0 +1.021295286e+00 -2.402287047e+02 -2.402287047e+02 -1.3109e+00 -1.1156e+00 +2.3448e+00
4571 0 +9.584146492e-01 -2.402915854e+02 -2.402915854e+02 -1.3070e+00 -1.1156e+00 +2.3448e+00
30000 0 +9.428238947e-01 -2.403071761e+02 -2.403071761e+02 -1.3070e+00 -1.1156e+00 +2.3448e+00
% f evaluations | g evaluations | best noise-free fitness - Fopt (8.389000000000e+01) + sum g_i+ | measured fitness | best measured fitness or single-digit g-values | x1 | x2...
1 0 +3.285649348e+01 +1.167464935e+02 +1.167464935e+02 +0.0000e+00 +0.0000e+00 +0.0000e+00
3 0 +8.926137156e+00 +9.281613716e+01 +9.281613716e+01 -2.2666e+00 -1.3739e+00 -9.1695e-01
36 0 +7.664277417e+00 +9.155427742e+01 +9.155427742e+01 +3.6165e-01 -4.1632e+00 +8.9066e-01
75 0 +5.979912141e+00 +8.986991214e+01 +8.986991214e+01 -1.2918e+00 +5.5435e-01 -4.3704e+00
104 0 +4.545437826e+00 +8.843543783e+01 +8.843543783e+01 -1.8610e+00 -8.9470e-01 -2.2833e+00
180 0 +4.267313516e+00 +8.815731352e+01 +8.815731352e+01 -5.3159e-01 -4.3703e-01 -4.3914e+00
416 0 +3.106826266e+00 +8.699682627e+01 +8.699682627e+01 -5.1163e+00 -2.6712e-02 -3.0278e+00
423 0 +2.512558124e+00 +8.640255812e+01 +8.640255812e+01 -5.2840e+00 +3.4535e-01 -2.6766e+00
455 0 +1.289036568e+00 +8.517903657e+01 +8.517903657e+01 -4.9562e+00 -6.7350e-01 -2.6812e+00
8112 0 +1.165344552e+00 +8.505534455e+01 +8.505534455e+01 -3.4075e+00 +5.0228e-01 -1.8134e+00
14622 0 +1.072696264e+00 +8.496269626e+01 +8.496269626e+01 -5.1631e+00 +6.2502e-01 -2.2454e+00
25596 0 +9.258968441e-01 +8.481589684e+01 +8.481589684e+01 -1.0701e+00 -2.3594e+00 -2.9211e+00
25620 0 +8.645584757e-01 +8.475455848e+01 +8.475455848e+01 -1.0701e+00 -2.3598e+00 -2.9211e+00
30000 0 +8.614547160e-01 +8.475145472e+01 +8.475145472e+01 -1.0701e+00 -2.3599e+00 -2.9211e+00
% f evaluations | g evaluations | best noise-free fitness - Fopt (1.292800000000e+02) + sum g_i+ | measured fitness | best measured fitness or single-digit g-values | x1 | x2...
1 0 +2.872768298e+01 +1.580076830e+02 +1.580076830e+02 +0.0000e+00 +0.0000e+00 +0.0000e+00
2 0 +1.692034774e+01 +1.462003477e+02 +1.462003477e+02 -2.5673e+00 -1.2343e+00 +8.9066e-01
12 0 +1.074734479e+01 +1.400273448e+02 +1.400273448e+02 -9.5129e-01 -3.7529e-01 -4.7302e-01
20 0 +3.186802463e+00 +1.324668025e+02 +1.324668025e+02 +3.5912e+00 -1.3739e+00 -9.1695e-01
136 0 +1.792770034e+00 +1.310727700e+02 +1.310727700e+02 +2.4013e+00 +1.1087e+00 +3.2134e+00
597 0 +1.625353509e+00 +1.309053535e+02 +1.309053535e+02 +2.1681e+00 -5.3833e-01 +2.4911e+00
612 0 +1.516412988e+00 +1.307964130e+02 +1.307964130e+02 +2.1681e+00 -5.3638e-01 +2.4911e+00
623 0 +1.327179880e+00 +1.306071799e+02 +1.306071799e+02 +2.1681e+00 -5.3736e-01 +2.4911e+00
642 0 +1.241012871e+00 +1.305210129e+02 +1.305210129e+02 +2.1681e+00 -5.3711e-01 +2.4911e+00
1213 0 +7.535071033e-01 +1.300335071e+02 +1.300335071e+02 +2.2498e+00 -2.0432e+00 +2.1203e+00
1231 0 +6.490628523e-01 +1.299290629e+02 +1.299290629e+02 +2.2498e+00 -2.0422e+00 +2.1203e+00
1235 0 +6.105645036e-01 +1.298905645e+02 +1.298905645e+02 +2.2507e+00 -2.0422e+00 +2.1203e+00
1249 0 +5.460155695e-01 +1.298260156e+02 +1.298260156e+02 +2.2502e+00 -2.0418e+00 +2.1203e+00
1283 0 +4.959705030e-01 +1.297759705e+02 +1.297759705e+02 +2.2502e+00 -2.0419e+00 +2.1203e+00
1914 0 +4.404062631e-01 +1.297204063e+02 +1.297204063e+02 +3.2287e+00 +7.7357e-01 +2.9289e+00
4473 0 +2.861365566e-01 +1.295661366e+02 +1.295661366e+02 +1.1156e+00 -2.8466e+00 +2.9289e+00
4475 0 +7.564881725e-02 +1.293556488e+02 +1.293556488e+02 +1.1156e+00 -2.8475e+00 +2.9289e+00
4493 0 +5.366282495e-02 +1.293336628e+02 +1.293336628e+02 +1.1156e+00 -2.8478e+00 +2.9289e+00
4497 0 +4.530884657e-02 +1.293253088e+02 +1.293253088e+02 +1.1154e+00 -2.8478e+00 +2.9289e+00
4510 0 +2.916272156e-02 +1.293091627e+02 +1.293091627e+02 +1.1155e+00 -2.8478e+00 +2.9289e+00
4512 0 +2.673096054e-02 +1.293067310e+02 +1.293067310e+02 +1.1155e+00 -2.8477e+00 +2.9289e+00
4523 0 +2.154154257e-02 +1.293015415e+02 +1.293015415e+02 +1.1155e+00 -2.8477e+00 +2.9289e+00
4533 0 +1.922241714e-02 +1.292992224e+02 +1.292992224e+02 +1.1155e+00 -2.8477e+00 +2.9289e+00
4536 0 +1.437672449e-02 +1.292943767e+02 +1.292943767e+02 +1.1155e+00 -2.8477e+00 +2.9289e+00
4560 0 +1.362198378e-02 +1.292936220e+02 +1.292936220e+02 +1.1155e+00 -2.8477e+00 +2.9289e+00
30000 0 +1.297437540e-02 +1.292929744e+02 +1.292929744e+02 +1.1155e+00 -2.8477e+00 +2.9289e+00
