% f evaluations | g evaluations | best noise-free fitness - Fopt (1.491500000000e+02) + sum g_i+ | measured fitness | best measured fitness or single-digit g-values | x1 | x2...
1 0 +8.745656099e+01 +2.366065610e+02 +2.366065610e+02 +0.0000e+00 +0.0000e+00 +0.0000e+00
131 0 +8.547740723e+01 +2.346274072e+02 +2.346274072e+02 -1.2500e+00 -1.2500e+00 -1.8750e+00
257 0 +3.844349223e+01 +1.875934922e+02 +1.875934922e+02 -1.2500e+00 -1.2500e+00 -1.5625e+00
271 0 +3.411440356e+01 +1.832644036e+02 +1.832644036e+02 -1.2500e+00 -1.8750e+00 -6.2500e-01
515 0 +2.225075348e+01 +1.714007535e+02 +1.714007535e+02 -1.2500e+00 -1.2500e+00 -1.4062e+00
1025 0 +1.598543879e+01 +1.651354388e+02 +1.651354388e+02 -1.2500e+00 -1.2500e+00 -1.3281e+00
1028 0 +5.176116431e+00 +1.543261164e+02 +1.543261164e+02 -1.8750e+00 -6.2500e-01 -3.1250e-01
2048 0 +4.114948931e+00 +1.532649489e+02 +1.532649489e+02 -1.8750e+00 -6.2500e-01 -4.6875e-01
16385 0 +2.463934258e+00 +1.516139343e+02 +1.516139343e+02 -1.0938e+00 -1.4062e+00 -9.3750e-01
30001 0 +2.463934258e+00 +1.516139343e+02 +1.516139343e+02 -1.0938e+00 -1.4062e+00 -9.3750e-01
% f evaluations | g evaluations | best noise-free fitness - Fopt (-1.000000000000e+03) + sum g_i+ | measured fitness | best measured fitness or single-digit g-values | x1 | x2...
1 0 +2.249607145e+04 +2.149607145e+04 +2.149607145e+04 +0.0000e+00 +0.0000e+00 +0.0000e+00
5 0 +1.676913028e+04 +1.576913028e+04 +1.576913028e+04 +0.0000e+00 +2.5000e+00 +2.5000e+00
6 0 +1.332623344e+03 +3.326233435e+02 +3.326233435e+02 -2.5000e+00 +0.0000e+00 -2.5000e+00
8 0 +9.390833879e+02 -6.091661208e+01 -6.091661208e+01 -3.7500e+00 +0.0000e+00 -2.5000e+00
20 0 +1.233831245e+02 -8.766168755e+02 -8.766168755e+02 -2.5000e+00 +1.2500e+00 +2.5000e+00
33 0 +8.457949337e+01 -9.154205066e+02 -9.154205066e+02 -2.5000e+00 +1.8750e+00 +2.5000e+00
264 0 +5.160073669e+01 -9.483992633e+02 -9.483992633e+02 -3.7500e+00 -3.1250e-01 +1.2500e+00
512 0 +2.981558794e+01 -9.701844121e+02 -9.701844121e+02 -3.7500e+00 -3.1250e-01 +6.2500e-01
2053 0 +2.690945168e+01 -9.730905483e+02 -9.730905483e+02 -3.1250e+00 +9.3750e-01 +1.5625e+00
4096 0 +1.499050824e+01 -9.850094918e+02 -9.850094918e+02 -3.1250e+00 +9.3750e-01 +1.4062e+00
4109 0 +1.136454270e+01 -9.886354573e+02 -9.886354573e+02 -2.3438e+00 +2.1875e+00 +4.3750e+00
8195 0 +6.629435997e+00 -9.933705640e+02 -9.933705640e+02 -3.7500e+00 +3.9062e-01 +4.6875e-01
8211 0 +2.073301696e+00 -9.979266983e+02 -9.979266983e+02 -3.1250e+00 +7.8125e-01 +7.8125e-01
16385 0 +9.906591573e-01 -9.990093408e+02 -9.990093408e+02 -3.1250e+00 +7.8125e-01 +8.5938e-01
30001 0 +9.906591573e-01 -9.990093408e+02 -9.990093408e+02 -3.1250e+00 +7.8125e-01 +8.5938e-01
% f evaluations | g evaluations | best noise-free fitness - Fopt (9.862000000000e+01) + sum g_i+ | measured fitness | best measured fitness or single-digit g-values | x1 | x2...
1 0 +3.794649923e+03 +3.893269923e+03 +3.893269923e+03 +0.0000e+00 +0.0000e+00 +0.0000e+00
5 0 +1.546971307e+03 +1.645591307e+03 +1.645591307e+03 -2.5000e+00 +0.0000e+00 +2.5000e+00
9 0 +8.138600968e+02 +9.124800968e+02 +9.124800968e+02 -2.5000e+00 +0.0000e+00 +3.7500e+00
16 0 +5.503327395e+02 +6.489527395e+02 +6.489527395e+02 -2.5000e+00 -2.5000e+00 +3.7500e+00
36 0 +8.381205445e+01 +1.824320545e+02 +1.824320545e+02 -2.5000e+00 -2.5000e+00 +1.8750e+00
65 0 +5.504292776e+01 +1.536629278e+02 +1.536629278e+02 -1.2500e+00 -2.5000e+00 +1.8750e+00
129 0 +4.906144393e+01 +1.476814439e+02 +1.476814439e+02 -1.2500e+00 -1.2500e+00 +1.8750e+00
256 0 +1.353874678e+01 +1.121587468e+02 +1.121587468e+02 -1.2500e+00 -1.8750e+00 +1.8750e+00
512 0 +1.043111782e+00 +9.966311178e+01 +9.966311178e+01 -1.2500e+00 -1.8750e+00 +1.5625e+00
30001 0 +1.043111782e+00 +9.966311178e+01 +9.966311178e+01 -1.2500e+00 -1.8750e+00 +1.5625e+00
% f evaluations | g evaluations | best noise-free fitness - Fopt (-4.715000000000e+01) + sum g_i+ | measured fitness | best measured fitness or single-digit g-values | x1 | x2...
1 0 +1.125267799e+02 +6.537677993e+01 +6.537677993e+01 +0.0000e+00 +0.0000e+00 +0.0000e+00
33 0 +7.359264312e+01 +2.644264312e+01 +2.644264312e+01 -1.2500e+00 -2.5000e+00 -1.2500e+00
257 0 +6.653628648e+01 +1.938628648e+01 +1.938628648e+01 -1.5625e+00 -1.2500e+00 -1.2500e+00
259 0 +5.772599589e-01 -4.657274004e+01 -4.657274004e+01 -6.2500e-01 -1.2500e+00 -1.8750e+00
30001 0 +5.772599589e-01 -4.657274004e+01 -4.657274004e+01 -6.2500e-01 -1.2500e+00 -1.8750e+00
% f evaluations | g evaluations | best noise-free fitness - Fopt (3.752000000000e+01) + sum g_i+ | measured fitness | best measured fitness or single-digit g-values | x1 | x2...
1 0 +1.154291979e+04 +1.158043979e+04 +1.158043979e+04 +0.0000e+00 +0.0000e+00 +0.0000e+00
2 0 +7.611940841e+02 +7.987140841e+02 +7.987140841e+02 +0.0000e+00 -2.5000e+00 +0.0000e+00
5 0 +4.787780841e+02 +5.162980841e+02 +5.162980841e+02 +2.5000e+00 -2.5000e+00 +0.0000e+00
33 0 +3.764798227e+02 +4.139998227e+02 +4.139998227e+02 +1.2500e+00 -3.1250e+00 +0.0000e+00
66 0 +1.442927786e+02 +1.818127786e+02 +1.818127786e+02 +1.2500e+00 -1.8750e+00 +2.5000e+00
131 0 +4.447279173e+01 +8.199279173e+01 +8.199279173e+01 +1.8750e+00 -3.1250e+00 +2.5000e+00
256 0 +3.830561449e+01 +7.582561449e+01 +7.582561449e+01 +1.5625e+00 -3.1250e+00 +2.5000e+00
1053 0 +2.841721226e+01 +6.593721226e+01 +6.593721226e+01 +9.3750e-01 -2.6562e+00 +2.5000e+00
2061 0 +5.373507628e+00 +4.289350763e+01 +4.289350763e+01 +1.4062e+00 -3.1250e+00 +1.8750e+00
16388 0 +3.985748801e+00 +4.150574880e+01 +4.150574880e+01 +2.0312e+00 -2.8125e+00 +2.0312e+00
16395 0 +2.631944874e+00 +4.015194487e+01 +4.015194487e+01 +2.8125e+00 -1.3281e+00 +4.6875e+00
16489 0 +5.037483193e-01 +3.802374832e+01 +3.802374832e+01 +2.6562e+00 -1.5625e+00 +3.9062e+00
30001 0 +5.037483193e-01 +3.802374832e+01 +3.802374832e+01 +2.6562e+00 -1.5625e+00 +3.9062e+00
% f evaluations | g evaluations | best noise-free fitness - Fopt (2.177000000000e+01) + sum g_i+ | measured fitness | best measured fitness or single-digit g-values | x1 | x2...
1 0 +2.183501553e+02 +2.401201553e+02 +2.401201553e+02 +0.0000e+00 +0.0000e+00 +0.0000e+00
9 0 +2.955865834e+01 +5.132865834e+01 +5.132865834e+01 +0.0000e+00 +1.2500e+00 +2.5000e+00
262 0 +2.478628390e+01 +4.655628390e+01 +4.655628390e+01 +1.2500e+00 +6.2500e-01 +1.8750e+00
512 0 +1.427697140e+01 +3.604697140e+01 +3.604697140e+01 +1.2500e+00 +6.2500e-01 +1.5625e+00
1024 0 +7.935973090e+00 +2.970597309e+01 +2.970597309e+01 +1.2500e+00 +3.1250e-01 +1.5625e+00
1027 0 +2.410197524e+00 +2.418019752e+01 +2.418019752e+01 +2.1875e+00 +1.8750e+00 +4.3750e+00
30001 0 +2.410197524e+00 +2.418019752e+01 +2.418019752e+01 +2.1875e+00 +1.8750e+00 +4.3750e+00
% f evaluations | g evaluations | best noise-free fitness - Fopt (6.603000000000e+01) + sum g_i+ | measured fitness | best measured fitness or single-digit g-values | x1 | x2...
1 0 +1.771250047e+04 +1.777853047e+04 +1.777853047e+04 +0.0000e+00 +0.0000e+00 +0.0000e+00
3 0 +1.196380247e+04 +1.202983247e+04 +1.202983247e+04 +0.0000e+00 +0.0000e+00 +2.5000e+00
4 0 +1.119417818e+04 +1.126020818e+04 +1.126020818e+04 -2.5000e+00 +0.0000e+00 +2.5000e+00
6 0 +7.627881030e+02 +8.288181030e+02 +8.288181030e+02 +0.0000e+00 -2.5000e+00 -2.5000e+00
8 0 +5.202479597e+01 +1.180547960e+02 +1.180547960e+02 +0.0000e+00 -3.7500e+00 -2.5000e+00
33 0 +4.058136903e+01 +1.066113690e+02 +1.066113690e+02 +0.0000e+00 -4.3750e+00 -1.2500e+00
65 0 +3.260739353e+01 +9.863739353e+01 +9.863739353e+01 +0.0000e+00 -4.0625e+00 -1.2500e+00
552 0 +3.075031260e+01 +9.678031260e+01 +9.678031260e+01 -1.2500e+00 -1.8750e+00 +1.5625e+00
1032 0 +1.068002253e+01 +7.671002253e+01 +7.671002253e+01 +6.2500e-01 -3.2812e+00 -1.2500e+00
1038 0 +3.274613522e+00 +6.930461352e+01 +6.930461352e+01 +1.2500e+00 -2.1875e+00 +9.3750e-01
2048 0 +2.866090085e+00 +6.889609008e+01 +6.889609008e+01 +1.2500e+00 -2.1875e+00 +7.8125e-01
8820 0 +1.760514463e+00 +6.779051446e+01 +6.779051446e+01 +1.4062e+00 -1.8750e+00 +2.0312e+00
30001 0 +1.760514463e+00 +6.779051446e+01 +6.779051446e+01 +1.4062e+00 -1.8750e+00 +2.0312e+00
% f evaluations | g evaluations | best noise-free fitness - Fopt (1.720100000000e+02) + sum g_i+ | measured fitness | best measured fitness or single-digit g-values | x1 | x2...
1 0 +3.648149234e+02 +5.368249234e+02 +5.368249234e+02 +0.0000e+00 +0.0000e+00 +0.0000e+00
2 0 +3.110999034e+02 +4.831099034e+02 +4.831099034e+02 +0.0000e+00 +0.0000e+00 -2.5000e+00
5 0 +1.817074134e+02 +3.537174134e+02 +3.537174134e+02 +0.0000e+00 +0.0000e+00 -1.2500e+00
32 0 +5.698000527e+01 +2.289900053e+02 +2.289900053e+02 -2.5000e+00 +0.0000e+00 -1.5625e+00
280 0 +5.580132568e+01 +2.278113257e+02 +2.278113257e+02 +0.0000e+00 +6.2500e-01 -4.6875e-01
1024 0 +4.991592425e+01 +2.219259243e+02 +2.219259243e+02 -1.2500e+00 +0.0000e+00 -9.1797e-01
1026 0 +4.127430518e+01 +2.132843052e+02 +2.132843052e+02 -1.8750e+00 +0.0000e+00 -8.2031e-01
1027 0 +2.910894548e+01 +2.011189455e+02 +2.011189455e+02 -6.2500e-01 +0.0000e+00 -8.2031e-01
1029 0 +2.787635115e+00 +1.747976351e+02 +1.747976351e+02 -1.2500e+00 -6.2500e-01 -1.7188e+00
30001 0 +2.787635115e+00 +1.747976351e+02 +1.747976351e+02 -1.2500e+00 -6.2500e-01 -1.7188e+00
% f evaluations | g evaluations | best noise-free fitness - Fopt (-2.725000000000e+01) + sum g_i+ | measured fitness | best measured fitness or single-digit g-values | x1 | x2...
1 0 +5.876336114e+03 +5.849086114e+03 +5.849086114e+03 +0.0000e+00 +0.0000e+00 +0.0000e+00
3 0 +3.374994114e+03 +3.347744114e+03 +3.347744114e+03 +0.0000e+00 +0.0000e+00 +2.5000e+00
5 0 +2.593073114e+03 +2.565823114e+03 +2.565823114e+03 +0.0000e+00 +0.0000e+00 +3.7500e+00
8 0 +1.354528090e+03 +1.327278090e+03 +1.327278090e+03 -2.5000e+00 +0.0000e+00 +3.7500e+00
17 0 +1.080755090e+03 +1.053505090e+03 +1.053505090e+03 -2.5000e+00 +0.0000e+00 +4.3750e+00
40 0 +6.389724160e+01 +3.664724160e+01 +3.664724160e+01 -2.5000e+00 -2.5000e+00 -1.8750e+00
65 0 +2.568261660e+01 -1.567383397e+00 -1.567383397e+00 -2.5000e+00 -2.5000e+00 -1.5625e+00
273 0 +3.203553666e+00 -2.404644633e+01 -2.404644633e+01 -1.2500e+00 -6.2500e-01 +3.1250e+00
30001 0 +3.203553666e+00 -2.404644633e+01 -2.404644633e+01 -1.2500e+00 -6.2500e-01 +3.1250e+00
% f evaluations | g evaluations | best noise-free fitness - Fopt (-1.521800000000e+02) + sum g_i+ | measured fitness | best measured fitness or single-digit g-values | x1 | x2...
1 0 +1.258134434e+02 -2.636655665e+01 -2.636655665e+01 +0.0000e+00 +0.0000e+00 +0.0000e+00
261 0 +2.555442176e+01 -1.266255782e+02 -1.266255782e+02 +6.2500e-01 -1.2500e+00 -1.8750e+00
513 0 +2.402659266e+01 -1.281534073e+02 -1.281534073e+02 +9.3750e-01 -1.2500e+00 -1.8750e+00
515 0 +8.363957466e+00 -1.438160425e+02 -1.438160425e+02 +1.2500e+00 -6.2500e-01 -9.3750e-01
2053 0 +5.632456590e+00 -1.465475434e+02 -1.465475434e+02 +4.6875e-01 -1.2500e+00 -1.5625e+00
4099 0 +3.328831666e+00 -1.488511683e+02 -1.488511683e+02 +1.5625e-01 -1.2500e+00 -1.4062e+00
4102 0 +9.395459833e-01 -1.512404540e+02 -1.512404540e+02 +1.2500e+00 -9.3750e-01 -1.1719e+00
30001 0 +9.395459833e-01 -1.512404540e+02 -1.512404540e+02 +1.2500e+00 -9.3750e-01 -1.1719e+00
% f evaluations | g evaluations | best noise-free fitness - Fopt (5.821500000000e+02) + sum g_i+ | measured fitness | best measured fitness or single-digit g-values | x1 | x2...
1 0 +2.773232309e+04 +2.831447309e+04 +2.831447309e+04 +0.0000e+00 +0.0000e+00 +0.0000e+00
4 0 +1.339498548e+03 +1.921648548e+03 +1.921648548e+03 -2.5000e+00 -2.5000e+00 +0.0000e+00
8 0 +1.181375566e+03 +1.763525566e+03 +1.763525566e+03 -3.7500e+00 -2.5000e+00 +0.0000e+00
16 0 +3.561863806e+02 +9.383363806e+02 +9.383363806e+02 -1.2500e+00 -3.7500e+00 +0.0000e+00
34 0 +2.464757177e+02 +8.286257177e+02 +8.286257177e+02 -3.1250e+00 -3.7500e+00 +0.0000e+00
137 0 +5.845406282e+00 +5.879954063e+02 +5.879954063e+02 -1.2500e+00 -2.8125e+00 +2.5000e+00
4099 0 +5.219765256e+00 +5.873697653e+02 +5.873697653e+02 -3.4375e+00 -2.8516e+00 +2.5000e+00
16384 0 +4.623944731e+00 +5.867739447e+02 +5.867739447e+02 -3.1250e+00 -3.2812e+00 +1.9531e+00
16405 0 +2.863517801e+00 +5.850135178e+02 +5.850135178e+02 -2.8125e+00 -3.6719e+00 +1.5625e+00
16594 0 +9.907897831e-01 +5.831407898e+02 +5.831407898e+02 -1.0547e+00 -2.1875e+00 +4.3750e+00
30001 0 +9.907897831e-01 +5.831407898e+02 +5.831407898e+02 -1.0547e+00 -2.1875e+00 +4.3750e+00
% f evaluations | g evaluations | best noise-free fitness - Fopt (1.752000000000e+01) + sum g_i+ | measured fitness | best measured fitness or single-digit g-values | x1 | x2...
1 0 +2.330337332e+03 +2.347857332e+03 +2.347857332e+03 +0.0000e+00 +0.0000e+00 +0.0000e+00
2 0 +5.624789857e+01 +7.376789857e+01 +7.376789857e+01 +0.0000e+00 -2.5000e+00 +0.0000e+00
71 0 +4.624086614e+01 +6.376086614e+01 +6.376086614e+01 -1.2500e+00 -2.1875e+00 +0.0000e+00
130 0 +2.299211181e+01 +4.051211181e+01 +4.051211181e+01 +6.2500e-01 -6.2500e-01 +2.5000e+00
139 0 +1.845914978e+01 +3.597914978e+01 +3.597914978e+01 -1.2500e+00 -1.4062e+00 +0.0000e+00
256 0 +1.090853412e+01 +2.842853412e+01 +2.842853412e+01 -1.2500e+00 -1.4844e+00 +0.0000e+00
1044 0 +9.472812433e+00 +2.699281243e+01 +2.699281243e+01 -1.8750e+00 -5.4688e-01 +2.5000e+00
4099 0 +3.460898376e+00 +2.098089838e+01 +2.098089838e+01 -1.4062e+00 -1.5234e+00 +0.0000e+00
4116 0 +2.740199716e+00 +2.026019972e+01 +2.026019972e+01 +7.0312e-01 -4.6875e-01 +2.5000e+00
30001 0 +2.740199716e+00 +2.026019972e+01 +2.026019972e+01 +7.0312e-01 -4.6875e-01 +2.5000e+00
% f evaluations | g evaluations | best noise-free fitness - Fopt (4.041000000000e+01) + sum g_i+ | measured fitness | best measured fitness or single-digit g-values | x1 | x2...
1 0 +7.377382868e+02 +7.781482868e+02 +7.781482868e+02 +0.0000e+00 +0.0000e+00 +0.0000e+00
3 0 +4.306299098e+01 +8.347299098e+01 +8.347299098e+01 +2.5000e+00 +0.0000e+00 +0.0000e+00
257 0 +3.760602483e+01 +7.801602483e+01 +7.801602483e+01 +1.8750e+00 -1.2500e+00 -6.2500e-01
518 0 +1.770551919e+01 +5.811551919e+01 +5.811551919e+01 +6.2500e-01 +9.3750e-01 +1.2500e+00
1066 0 +1.189969712e+01 +5.230969712e+01 +5.230969712e+01 +3.1250e+00 +9.3750e-01 +1.8750e+00
4112 0 +4.959221022e+00 +4.536922102e+01 +4.536922102e+01 +2.8125e+00 +3.1250e-01 -3.1250e-01
8192 0 +2.496531337e+00 +4.290653134e+01 +4.290653134e+01 +2.8125e+00 +1.5625e-01 -3.1250e-01
16501 0 +2.125239331e+00 +4.253523933e+01 +4.253523933e+01 +2.1875e+00 -6.2500e-01 -1.1328e+00
30001 0 +2.125239331e+00 +4.253523933e+01 +4.253523933e+01 +2.1875e+00 -6.2500e-01 -1.1328e+00
% f evaluations | g evaluations | best noise-free fitness - Fopt (2.265900000000e+02) + sum g_i+ | measured fitness | best measured fitness or single-digit g-values | x1 | x2...
1 0 +1.221813553e+03 +1.448403553e+03 +1.448403553e+03 +0.0000e+00 +0.0000e+00 +0.0000e+00
5 0 +7.187010867e+02 +9.452910867e+02 +9.452910867e+02 -2.5000e+00 +2.5000e+00 +0.0000e+00
16 0 +4.838158949e+02 +7.104058949e+02 +7.104058949e+02 -1.2500e+00 +1.2500e+00 +0.0000e+00
32 0 +3.879466920e+02 +6.145366920e+02 +6.145366920e+02 -1.8750e+00 +1.2500e+00 +0.0000e+00
35 0 +2.752936038e+02 +5.018836038e+02 +5.018836038e+02 -3.1250e+00 +2.5000e+00 +2.5000e+00
69 0 +2.429997402e+02 +4.695897402e+02 +4.695897402e+02 -6.2500e-01 +1.8750e+00 +0.0000e+00
134 0 +1.148875649e+02 +3.414775649e+02 +3.414775649e+02 +3.1250e-01 +1.2500e+00 -2.5000e+00
146 0 +2.942412581e+01 +2.560141258e+02 +2.560141258e+02 -6.2500e-01 +6.2500e-01 -2.5000e+00
541 0 +6.733319833e+00 +2.333233198e+02 +2.333233198e+02 -2.4219e+00 +1.8750e+00 +0.0000e+00
4101 0 +4.472861642e+00 +2.310628616e+02 +2.310628616e+02 -4.6875e-01 +3.1250e-01 -3.1250e+00
8192 0 +1.943755565e+00 +2.285337556e+02 +2.285337556e+02 -5.4688e-01 +3.1250e-01 -3.1250e+00
16385 0 +1.140165175e+00 +2.277301652e+02 +2.277301652e+02 -5.4688e-01 +4.6875e-01 -3.1250e+00
30001 0 +1.140165175e+00 +2.277301652e+02 +2.277301652e+02 -5.4688e-01 +4.6875e-01 -3.1250e+00
% f evaluations | g evaluations | best noise-free fitness - Fopt (-5.862000000000e+01) + sum g_i+ | measured fitness | best measured fitness or single-digit g-values | x1 | x2...
1 0 +5.431357520e+01 -4.306424805e+00 -4.306424805e+00 +0.0000e+00 +0.0000e+00 +0.0000e+00
513 0 +5.987417829e+00 -5.263258217e+01 -5.263258217e+01 +1.2500e+00 -9.3750e-01 -6.2500e-01
1025 0 +5.612892204e+00 -5.300710780e+01 -5.300710780e+01 +1.2500e+00 -9.3750e-01 -3.1250e-01
8200 0 +4.326376539e+00 -5.429362346e+01 -5.429362346e+01 +1.5625e+00 -7.8125e-01 -3.1250e-01
8213 0 +3.759332360e+00 -5.486066764e+01 -5.486066764e+01 +2.1875e+00 +1.5625e-01 +3.1250e-01
16388 0 +2.676892927e+00 -5.594310707e+01 -5.594310707e+01 +9.3750e-01 -7.8125e-01 -4.6875e-01
30001 0 +2.676892927e+00 -5.594310707e+01 -5.594310707e+01 +9.3750e-01 -7.8125e-01 -4.6875e-01
